PlainPeptide,%Rank_EL,Binding Level,Control,Unnamed: 0,Peptide,-10lgP,Mass,Length,ppm,m/z,RT,Intensity HPLC_BB72,Fraction,Scan,Source File,#Feature,#Feature HPLC_BB72,Accession,PTM,AScore,Found By,charge,Peptide_orig,Alternative_IL_Explanation,Intensity HPLC_W632,#Feature HPLC_W632,PTM detected
FAYMPNNSL,0.000,SB,,3653,FAYMPNNSL,24.54,1055.4746,9,1.8,528.7455,70.41,,8,F8:17534,F120180713_KP_THP1_w632_P10.raw,2,,Q6NUQ4|TM214_HUMAN,,,PEAKS DB,2,FAYMPNNSL,False,11300000.0,2.0,N
AAIPVTHSL,0.000,SB,,3614,AAIPVTHSL,24.5,907.5127,9,0.6,454.7639,39.78,,9,F9:8187,F120180713_KP_THP1_w632_P8.raw,1,,Q5VVW2|GARL3_HUMAN,,,PEAKS DB,2,AAIPVTHSL,False,806000.0,1.0,N
YAAGVHSVL,0.000,SB,,1958,YAAGVHSVL,33.01,915.4814,9,1.6,458.7487,39.08,,9,F9:7911,F120180713_KP_THP1_w632_P8.raw,2,,O43299|AP5Z1_HUMAN,,,PEAKS DB,2,YAAGVHSVL,False,17100000.0,2.0,N
FAYTNHTVL,0.000,SB,,2276,FAYTNHTVL,24.55,1064.5291,9,0.0,533.2718,46.35,,8,F8:8545,F120180713_KP_THP1_w632_P10.raw,1,,P06737|PYGL_HUMAN,,,PEAKS DB,2,FAYTNHTVL,False,4000000.0,1.0,N
YAIESQLQL,0.000,SB,,3469,YAIESQLQL,26.45,1063.5549,9,0.4,532.785,75.74,,3,F3:17196,F120180713_KP_THP1_w632_P3.raw,2,,Q16719|KYNU_HUMAN,,,PEAKS DB,2,YAIESQLQL,False,10200000.0,2.0,N
SAVPPGTSL,0.000,SB,,1765,SAVPPGTSL,18.91,827.4388,9,0.1,828.4462,45.85,,6,F6:12241,F120180713_KP_THP1_w632_P6.raw,2,,,,,PEAKS DB,1,SAVPPGTSL,False,25000000.0,2.0,N
YAAEGLRTL,0.000,SB,,2003,YAAEGLRTL,20.91,992.5291,9,1.6,497.2726,42.9,,10,F10:8943,F120180713_KP_THP1_w632_P9.raw,1,,O60312|AT10A_HUMAN,,,PEAKS DB,2,YAAEGLRTL,False,1630000.0,1.0,N
FAQPSGLSL,0.000,SB,,3993,FAQPSGLSL,17.06,918.4811,9,0.7,460.2481,69.68,,1,F1:17008,F120180713_KP_THP1_w632_P1.raw,1,,Q8NBF2|NHLC2_HUMAN,,,PEAKS DB,2,FAQPSGLSL,False,1610000.0,1.0,N
FAVGSFHTL,0.000,SB,,4865,FAVGSFHTL,26.92,977.4971,9,0.5,489.756,61.45,,3,F3:12325,F120180713_KP_THP1_w632_P3.raw,1,,Q9P2H3|IFT80_HUMAN,,,PEAKS DB,2,FAVGSFHTL,False,5870000.0,1.0,N
FAYEGPMYL,0.000,SB,,4323,FAYEGPMYL,22.58,1105.479,9,0.1,553.7468,76.0,,4,F4:13567,F120180713_KP_THP1_w632_P4.raw,3,,Q96MT1|RN145_HUMAN,Oxidation (M),M7:Oxidation (M):1000.00,PEAKS DB,2,FAYEGPM(+15.99)YL,False,3360000.0,3.0,N
YSYDLSHSL,0.000,SB,,4163,YSYDLSHSL,29.21,1083.4873,9,1.7,542.7518,55.15,,10,F10:13701,F120180713_KP_THP1_w632_P9.raw,1,,Q92562|FIG4_HUMAN,,,PEAKS DB,2,YSYDLSHSL,False,8280000.0,1.0,N
YAAPPSPPL,0.000,SB,,3462,YAAPPSPPL,14.58,911.4752,9,3.1,912.4853,58.7,,9,F9:15534,F120180713_KP_THP1_w632_P8.raw,0,,Q16610|ECM1_HUMAN,,,PEAKS DB,1,YAAPPSPPL,False,0.0,0.0,N
YAAQASQAL,0.000,SB,,2246,YAAQASQAL,27.05,921.4556,9,-0.1,922.4628,39.01,,6,F6:9666,F120180713_KP_THP1_w632_P6.raw,2,,P04844|RPN2_HUMAN,,,PEAKS DB,1,YAAQASQAL,False,56900000.0,2.0,N
IAAPTHSTL,0.000,SB,,1401,IAAPTHSTL,16.12,909.4919,9,0.3,455.7534,31.51,,6,F6:7140,F120180713_KP_THP1_w632_P6.raw,1,,,,,PEAKS DB,2,IAAPTHSTL,False,256000.0,1.0,N
YAHPSGTAL,0.000,SB,,3971,YAHPSGTAL,19.77,915.445,9,0.3,458.7299,29.23,,6,F6:6237,F120180713_KP_THP1_w632_P6.raw,2,,Q8N556|AFAP1_HUMAN,,,PEAKS DB,2,YAHPSGTAL,False,1870000.0,2.0,N
FAAGHTLTL,0.000,SB,,3937,FAAGHTLTL,16.72,929.4971,9,1.2,465.7563,48.08,,8,F8:9223,F120180713_KP_THP1_w632_P10.raw,1,,Q8IZY2|ABCA7_HUMAN,,,PEAKS DB,2,FAAGHTLTL,False,650000.0,1.0,N
YAMDELRSL,0.000,SB,,2841,YAMDELRSL,18.69,1096.5222,9,2.0,549.2695,61.62,,1,F1:14111,F120180713_KP_THP1_w632_P1.raw,1,,P52948|NUP98_HUMAN,,,PEAKS DB,2,YAMDELRSL,False,153000.0,1.0,N
YAFPLAHSL,0.000,SB,,3216,YAFPLAHSL,29.0,1017.5283,9,0.2,509.7715,65.22,,4,F4:11765,F120180713_KP_THP1_w632_P4.raw,1,,Q13496|MTM1_HUMAN,,,PEAKS DB,2,YAFPLAHSL,False,1480000.0,1.0,N
FSVPHTKSL,0.000,SB,,2085,FSVPHTKSL,30.79,1014.5498,9,1.3,508.2828,34.04,,10,F10:5554,F120180713_KP_THP1_w632_P9.raw,2,,O75528|TADA3_HUMAN,,,PEAKS DB,2,FSVPHTKSL,False,6290000.0,2.0,N
FSIDPARTL,0.000,SB,,1480,FSIDPARTL,17.46,1018.5447,9,1.2,510.2802,59.89,,1,F1:13466,F120180713_KP_THP1_w632_P1.raw,1,,,,,PEAKS DB,2,FSIDPARTL,False,1120000.0,1.0,N
YAAEIASAL,0.000,SB,,4254,YAAEIASAL,13.35,907.4651,9,1.3,908.4735,66.13,,8,F8:15831,F120180713_KP_THP1_w632_P10.raw,1,,Q96BR1|SGK3_HUMAN,,,PEAKS DB,1,YAAEIASAL,False,4410000.0,1.0,N
YASSPGMSL,0.000,SB,,1621,YASSPGMSL,17.43,927.4008,9,0.7,464.708,38.87,,9,F9:7825,F120180713_KP_THP1_w632_P8.raw,4,,,Oxidation (M),M7:Oxidation (M):1000.00,PEAKS DB,2,YASSPGM(+15.99)SL,False,13500000.0,4.0,N
FAIDPHLLL,0.000,SB,,3482,FAIDPHLLL,26.86,1037.5909,9,0.7,519.8031,88.18,,10,F10:22814,F120180713_KP_THP1_w632_P9.raw,3,,Q29RF7|PDS5A_HUMAN,,,PEAKS DB,2,FAIDPHLLL,False,71200000.0,3.0,N
FAMPPPHGM,0.000,SB,,2142,FAMPPPHGM,20.75,1015.4255,9,0.6,508.7204,25.42,,10,F10:3333,F120180713_KP_THP1_w632_P9.raw,1,,O95104|SFR15_HUMAN,Oxidation (M),M3:Oxidation (M):1000.00;M9:Oxidation (M):1000.00,PEAKS DB,2,FAM(+15.99)PPPHGM(+15.99),False,935000.0,1.0,N
FSSPSFQTL,0.000,SB,,4748,FSSPSFQTL,24.28,1012.4865,9,1.0,1013.4948,72.32,,1,F1:18043,F120180713_KP_THP1_w632_P1.raw,2,,Q9NU19|TB22B_HUMAN,,,PEAKS DB,1,FSSPSFQTL,False,27800000.0,2.0,N
FAHPAIYSL,0.000,SB,,4082,FAHPAIYSL,25.97,1017.5283,9,0.5,509.7717,57.17,,3,F3:10786,F120180713_KP_THP1_w632_P3.raw,1,,Q8TEV9|SMCR8_HUMAN,,,PEAKS DB,2,FAHPAIYSL,False,302000.0,1.0,N
YAFRGLNSL,0.001,SB,,4674,YAFRGLNSL,30.44,1039.545,9,1.0,520.7803,59.06,,3,F3:11427,F120180713_KP_THP1_w632_P3.raw,1,,Q9HBX9|RXFP1_HUMAN,,,PEAKS DB,2,YAFRGLNSL,False,1070000.0,1.0,N
FASEVSNVL,0.001,SB,,4192,FASEVSNVL,23.71,964.4865,9,0.5,965.4943,66.61,,8,F8:16024,F120180713_KP_THP1_w632_P10.raw,2,,Q92783|STAM1_HUMAN,,,PEAKS DB,1,FASEVSNVL,False,42100000.0,2.0,N
AANEPHLTL,0.001,SB,,2491,AANEPHLTL,13.71,964.4978,9,1.2,483.2567,43.76,,8,F8:7556,F120180713_KP_THP1_w632_P10.raw,1,,P21359|NF1_HUMAN,,,PEAKS DB,2,AANEPHLTL,False,349000.0,1.0,N
YANAVLQAL,0.001,SB,,3528,YANAVLQAL,24.97,961.5233,9,-0.3,481.7688,74.95,,3,F3:16897,F120180713_KP_THP1_w632_P3.raw,2,,Q53GS9|SNUT2_HUMAN,,,PEAKS DB,2,YANAVLQAL,False,2400000.0,2.0,N
SASPPGPTL,0.001,SB,,3723,SASPPGPTL,24.89,825.4232,9,0.0,826.4305,44.94,,7,F7:10808,F120180713_KP_THP1_w632_P7.raw,2,,Q6ZRI6|CO039_HUMAN,,,PEAKS DB,1,SASPPGPTL,False,17000000.0,2.0,N
IAIPFGTAL,0.001,SB,,1392,IAIPFGTAL,18.03,901.5273,9,-0.1,902.5344,92.86,,6,F6:21577,F120180713_KP_THP1_w632_P6.raw,1,,,,,PEAKS DB,1,IAIPFGTAL,False,27300000.0,1.0,N
YASDFHNVL,0.001,SB,,4893,YASDFHNVL,27.36,1064.4927,9,1.8,533.2546,52.12,,8,F8:10799,F120180713_KP_THP1_w632_P10.raw,1,,Q9UFD9|RIM3A_HUMAN,,,PEAKS DB,2,YASDFHNVL,False,9740000.0,1.0,N
YANSKAVTL,0.001,SB,,3710,YANSKAVTL,33.41,965.5182,9,-0.3,483.7662,31.71,,7,F7:6100,F120180713_KP_THP1_w632_P7.raw,1,,Q6UXN9|WDR82_HUMAN,,,PEAKS DB,2,YANSKAVTL,False,36100000.0,1.0,N
FSYEVSRSL,0.001,SB,,1489,FSYEVSRSL,13.43,1086.5345,9,1.5,544.2754,49.7,,8,F8:9849,F120180713_KP_THP1_w632_P10.raw,1,,,,,PEAKS DB,2,FSYEVSRSL,False,4340000.0,1.0,N
FAAAKLLAL,0.001,SB,,3042,FAAAKLLAL,27.41,916.5745,9,-0.9,459.2941,70.29,,6,F6:17133,F120180713_KP_THP1_w632_P6.raw,1,,Q01650|LAT1_HUMAN,,,PEAKS DB,2,FAAAKLLAL,False,2070000.0,1.0,N
YAHLTPREL,0.001,SB,,1682,YAHLTPREL,17.76,1098.5822,9,0.3,550.2985,33.5,,10,F10:5350,F120180713_KP_THP1_w632_P9.raw,1,,,,,PEAKS DB,2,YAHLTPREL,False,4730000.0,1.0,N
TAYDNFVEL,0.001,SB,,4101,TAYDNFVEL,27.49,1070.4921,9,0.8,536.2537,82.51,,3,F3:19699,F120180713_KP_THP1_w632_P3.raw,2,,Q8WUM4|PDC6I_HUMAN,,,PEAKS DB,2,TAYDNFVEL,False,41000000.0,2.0,N
HAAPYFQQL,0.001,SB,,4318,HAAPYFQQL,25.27,1073.5294,9,1.7,537.7729,49.33,,8,F8:9702,F120180713_KP_THP1_w632_P10.raw,1,,Q96L91|EP400_HUMAN,,,PEAKS DB,2,HAAPYFQQL,False,3860000.0,1.0,N
FALSSTKTL,0.001,SB,,4877,FALSSTKTL,20.73,966.5386,9,-0.3,484.2764,45.25,,10,F10:9867,F120180713_KP_THP1_w632_P9.raw,1,,Q9UBF2|COPG2_HUMAN,,,PEAKS DB,2,FALSSTKTL,False,342000.0,1.0,N
LAMEPTPEL,0.001,SB,,1505,LAMEPTPEL,17.74,1015.4896,9,1.1,508.7526,56.28,,8,F8:12395,F120180713_KP_THP1_w632_P10.raw,1,,,Oxidation (M),M3:Oxidation (M):1000.00,PEAKS DB,2,LAM(+15.99)EPTPEL,False,910000.0,1.0,N
LAYEPFSTL,0.001,SB,,5119,LAYEPFSTL,22.98,1039.5226,9,0.4,520.7688,85.07,,4,F4:15418,F120180713_KP_THP1_w632_P4.raw,2,,Q9Y5Q9|TF3C3_HUMAN,,,PEAKS DB,2,LAYEPFSTL,False,8600000.0,2.0,N
HAVGPSTSL,0.001,SB,,4412,HAVGPSTSL,35.45,867.445,9,-0.2,434.7297,30.24,,6,F6:6640,F120180713_KP_THP1_w632_P6.raw,2,,Q99081|HTF4_HUMAN,,,PEAKS DB,2,HAVGPSTSL,False,46700000.0,2.0,N
FAQEALTVL,0.001,SB,,2576,FAQEALTVL,25.73,990.5386,9,1.1,496.2771,79.27,,3,F3:18547,F120180713_KP_THP1_w632_P3.raw,4,,P30153|2AAA_HUMAN,,,PEAKS DB,2,FAQEALTVL,False,148000000.0,4.0,N
SAIPHPLIM,0.001,SB,,2903,SAIPHPLIM,24.7,977.5368,9,0.7,489.776,57.67,,3,F3:10967,F120180713_KP_THP1_w632_P3.raw,1,,P61201|CSN2_HUMAN,,,PEAKS DB,2,SAIPHPLIM,False,1010000.0,1.0,N
IAHPYSQAL,0.001,SB,,3749,IAHPYSQAL,18.85,998.5185,9,0.2,500.2666,35.16,,7,F7:7411,F120180713_KP_THP1_w632_P7.raw,1,,Q7KZ85|SPT6H_HUMAN,,,PEAKS DB,2,IAHPYSQAL,False,773000.0,1.0,N
VAAPASLSL,0.001,SB,,3940,VAAPASLSL,21.56,827.4752,9,1.9,828.4841,64.81,,8,F8:15309,F120180713_KP_THP1_w632_P10.raw,1,,Q8N0X7|SPG20_HUMAN,,,PEAKS DB,1,VAAPASLSL,False,22200000.0,1.0,N
VAFPSPAEL,0.001,SB,,4214,VAFPSPAEL,27.7,929.4858,9,0.8,930.4938,78.73,,3,F3:18335,F120180713_KP_THP1_w632_P3.raw,1,,Q92985|IRF7_HUMAN,,,PEAKS DB,1,VAFPSPAEL,False,4020000.0,1.0,N
FAALHGPAL,0.001,SB,,3276,FAALHGPAL,32.14,895.4916,9,0.2,448.7531,51.48,,1,F1:10242,F120180713_KP_THP1_w632_P1.raw,1,,Q14166|TTL12_HUMAN,,,PEAKS DB,2,FAALHGPAL,False,20100000.0,1.0,N
FAVGVQQVL,0.001,SB,,2172,FAVGVQQVL,26.48,959.544,9,0.8,960.5521,77.18,,3,F3:17754,F120180713_KP_THP1_w632_P3.raw,2,,O95373|IPO7_HUMAN,,,PEAKS DB,1,FAVGVQQVL,False,17400000.0,2.0,N
FASFPHMVL,0.001,SB,,4951,FASFPHMVL,33.11,1063.5161,9,-0.4,532.7651,58.55,,7,F7:15517,F120180713_KP_THP1_w632_P7.raw,2,,Q9ULK4|MED23_HUMAN,Oxidation (M),M7:Oxidation (M):1000.00,PEAKS DB,2,FASFPHM(+15.99)VL,False,11100000.0,2.0,N
FSHEVGSEL,0.001,SB,,3899,FSHEVGSEL,28.47,1003.4611,9,0.6,502.7381,36.79,,9,F9:7020,F120180713_KP_THP1_w632_P8.raw,1,,Q8IWR0|Z3H7A_HUMAN,,,PEAKS DB,2,FSHEVGSEL,False,9110000.0,1.0,N
IAFPKAEEL,0.001,SB,,2193,IAFPKAEEL,30.21,1016.5542,9,0.5,509.2846,56.19,,1,F1:12029,F120180713_KP_THP1_w632_P1.raw,1,,O95630|STABP_HUMAN,,,PEAKS DB,2,IAFPKAEEL,False,6580000.0,1.0,N
FSQPKVTEL,0.001,SB,,4740,FSQPKVTEL,29.21,1047.5601,9,0.4,524.7875,45.85,,10,F10:10102,F120180713_KP_THP1_w632_P9.raw,1,,Q9NSU2|TREX1_HUMAN,,,PEAKS DB,2,FSQPKVTEL,False,11100000.0,1.0,N
FADKHIQVL,0.001,SB,,2093,FADKHIQVL,27.86,1069.592,9,-0.3,535.8032,37.7,,8,F8:5661,F120180713_KP_THP1_w632_P10.raw,1,,O75643|U520_HUMAN,,,PEAKS DB,2,FADKHIQVL,False,2670000.0,1.0,N
HAIPPTLAM,0.001,SB,,1091,HAIPPTLAM,30.78,949.5055,9,2.0,475.761,47.38,,10,F10:10706,F120180713_KP_THP1_w632_P9.raw,6,,A5YKK6|CNOT1_HUMAN,,,PEAKS DB,2,HAIPPTLAM,False,7850000.0,6.0,N
FAEDPPTSL,0.001,SB,,5128,FAEDPPTSL,25.61,975.4549,9,1.1,976.4633,59.8,,9,F9:15969,F120180713_KP_THP1_w632_P8.raw,2,,Q9Y616|IRAK3_HUMAN,,,PEAKS DB,1,FAEDPPTSL,False,33200000.0,2.0,N
FANDANKVL,0.001,SB,,3314,FANDANKVL,31.76,990.5134,9,-0.4,496.2638,37.53,,7,F7:8315,F120180713_KP_THP1_w632_P7.raw,1,,Q14571|ITPR2_HUMAN,,,PEAKS DB,2,FANDANKVL,False,1070000.0,1.0,N
FADGHVLEL,0.001,SB,,5042,FADGHVLEL,30.03,999.5025,9,0.8,500.7589,61.55,,3,F3:12360,F120180713_KP_THP1_w632_P3.raw,2,,Q9Y2I1|NISCH_HUMAN,,,PEAKS DB,2,FADGHVLEL,False,15000000.0,2.0,N
FSSPGGLSL,0.001,SB,,3348,FSSPGGLSL,20.39,863.4388,9,2.0,864.4478,70.81,,1,F1:17448,F120180713_KP_THP1_w632_P1.raw,1,,Q14814|MEF2D_HUMAN,,,PEAKS DB,1,FSSPGGLSL,False,385000000.0,1.0,N
YAFPVSNNL,0.001,SB,,3230,YAFPVSNNL,23.62,1023.5025,9,0.4,512.7587,72.67,,1,F1:18183,F120180713_KP_THP1_w632_P1.raw,1,,Q13614|MTMR2_HUMAN,,,PEAKS DB,2,YAFPVSNNL,False,866000.0,1.0,N
IANENHSTL,0.001,SB,,4290,IANENHSTL,24.67,997.4828,9,-0.1,499.7487,24.01,,5,F5:4386,F120180713_KP_THP1_w632_P5.raw,1,,Q96G01|BICD1_HUMAN,,,PEAKS DB,2,IANENHSTL,False,892000.0,1.0,N
KAFPHSSSL,0.001,SB,,3920,KAFPHSSSL,27.45,972.5029,9,-1.1,487.2582,25.38,,7,F7:3881,F120180713_KP_THP1_w632_P7.raw,2,,Q8IYI8|ZN440_HUMAN,,,PEAKS DB,2,KAFPHSSSL,False,2340000.0,2.0,N
YAAGAKLVL,0.001,SB,,1678,YAAGAKLVL,17.97,904.5381,9,1.3,453.2769,46.76,,8,F8:8706,F120180713_KP_THP1_w632_P10.raw,1,,,,,PEAKS DB,2,YAAGAKLVL,False,1530000.0,1.0,N
FSLPHPEAL,0.001,SB,,1475,FSLPHPEAL,13.99,1009.5233,9,0.9,505.7694,63.7,,3,F3:13155,F120180713_KP_THP1_w632_P3.raw,1,,,,,PEAKS DB,2,FSLPHPEAL,False,620000.0,1.0,N
SAIPVSTQL,0.001,SB,,1746,SAIPVSTQL,14.94,914.5073,9,1.2,458.2615,60.95,,10,F10:15921,F120180713_KP_THP1_w632_P9.raw,1,,,,,PEAKS DB,2,SAIPVSTQL,False,872000.0,1.0,N
FANDASKVL,0.001,SB,,3318,FANDASKVL,35.93,963.5025,9,0.5,482.7588,40.7,,9,F9:8538,F120180713_KP_THP1_w632_P8.raw,1,,Q14643|ITPR1_HUMAN,,,PEAKS DB,2,FANDASKVL,False,6500000.0,1.0,N
FADQEVRSL,0.001,SB,,1815,FADQEVRSL,29.54,1063.5298,9,0.0,532.7722,42.82,,9,F9:9356,F120180713_KP_THP1_w632_P8.raw,2,,O00443|P3C2A_HUMAN,,,PEAKS DB,2,FADQEVRSL,False,27800000.0,2.0,N
FAHPYQYEL,0.001,SB,,3045,FAHPYQYEL,27.52,1166.5397,9,1.7,584.2781,51.89,,8,F8:10711,F120180713_KP_THP1_w632_P10.raw,1,,Q01780|EXOSX_HUMAN,,,PEAKS DB,2,FAHPYQYEL,False,19000000.0,1.0,N
YAAQAHLKL,0.001,SB,,2746,YAAQAHLKL,34.23,1013.5658,9,0.9,507.7906,31.55,,10,F10:4705,F120180713_KP_THP1_w632_P9.raw,1,,P49321|NASP_HUMAN,,,PEAKS DB,2,YAAQAHLKL,False,16400000.0,1.0,N
VASEVSTSL,0.001,SB,,2467,VASEVSTSL,21.59,891.4549,9,0.2,892.4623,45.34,,7,F7:10931,F120180713_KP_THP1_w632_P7.raw,1,,P18583|SON_HUMAN,,,PEAKS DB,1,VASEVSTSL,False,22400000.0,1.0,N
IAAPTSSAL,0.001,SB,,1963,IAAPTSSAL,28.35,829.4545,9,0.6,830.4623,48.55,,7,F7:12130,F120180713_KP_THP1_w632_P7.raw,1,,O43432|IF4G3_HUMAN,,,PEAKS DB,1,IAAPTSSAL,False,228000000.0,1.0,N
SAAPPGASL,0.001,SB,,2342,SAAPPGASL,22.15,769.3969999999998,9,0.0,385.7058,40.38,,6,F6:10162,F120180713_KP_THP1_w632_P6.raw,1,,P10275|ANDR_HUMAN,,,PEAKS DB,2,SAAPPGASL,False,804000.0,1.0,N
FAYPAIRYL,0.001,SB,,2797,FAYPAIRYL,23.84,1112.6018,9,-0.8,557.3077,71.28,,6,F6:17368,F120180713_KP_THP1_w632_P6.raw,2,,P51398|RT29_HUMAN,,,PEAKS DB,2,FAYPAIRYL,False,2330000.0,2.0,N
IAHDTGTSL,0.001,SB,,4497,IAHDTGTSL,25.67,913.4505,9,0.8,914.4585,26.43,,5,F5:5299,F120180713_KP_THP1_w632_P5.raw,2,,Q9BUI4|RPC3_HUMAN,,,PEAKS DB,1,IAHDTGTSL,False,11200000.0,2.0,N
YTADPYHAL,0.001,SB,,1947,YTADPYHAL,30.81,1049.4818,9,1.0,525.7487,45.55,,9,F9:10400,F120180713_KP_THP1_w632_P8.raw,2,,O43251|RFOX2_HUMAN,,,PEAKS DB,2,YTADPYHAL,False,11800000.0,2.0,N
FAQELSRSL,0.001,SB,,1132,FAQELSRSL,16.12,1049.5505,9,0.8,525.783,45.3,,10,F10:9885,F120180713_KP_THP1_w632_P9.raw,1,,,,,PEAKS DB,2,FAQELSRSL,False,621000.0,1.0,N
YSLDHISSL,0.001,SB,,3135,YSLDHISSL,32.9,1033.5081,9,0.2,517.7614,57.85,,1,F1:12677,F120180713_KP_THP1_w632_P1.raw,2,,Q12769|NU160_HUMAN,,,PEAKS DB,2,YSLDHISSL,False,63200000.0,2.0,N
SAAPSTLSL,0.001,SB,,2341,SAAPSTLSL,22.64,845.4494,9,1.7,846.4581,57.66,,10,F10:14631,F120180713_KP_THP1_w632_P9.raw,1,,P10275|ANDR_HUMAN,,,PEAKS DB,1,SAAPSTLSL,False,40800000.0,1.0,N
FIAPPGRVL,0.001,SB,,4020,FIAPPGRVL,14.08,968.5807,9,2.0,485.2986,53.05,,8,F8:11165,F120180713_KP_THP1_w632_P10.raw,1,,Q8NEZ4|KMT2C_HUMAN,,,PEAKS DB,2,FIAPPGRVL,False,502000.0,1.0,N
FVHPKPVSL,0.001,SB,,4667,FVHPKPVSL,30.07,1022.5912,9,1.2,512.3035,35.14,,10,F10:5933,F120180713_KP_THP1_w632_P9.raw,1,,Q9HAP2|MLXIP_HUMAN,,,PEAKS DB,2,FVHPKPVSL,False,3800000.0,1.0,N
YAYETKDAL,0.001,SB,,2594,YAYETKDAL,25.18,1072.5077,9,-0.6,537.2608,38.3,,7,F7:8593,F120180713_KP_THP1_w632_P7.raw,1,,P32298|GRK4_HUMAN:P43250|GRK6_HUMAN:P34947|GRK5_HUMAN,,,PEAKS DB,2,YAYETKDAL,False,2560000.0,1.0,N
SAAEPPTAL,0.001,SB,,1723,SAAEPPTAL,17.25,855.4338,9,-0.2,856.4409,45.51,,7,F7:10992,F120180713_KP_THP1_w632_P7.raw,2,,,,,PEAKS DB,1,SAAEPPTAL,False,3870000.0,2.0,N
YALDAAVTL,0.001,SB,,4831,YALDAAVTL,20.41,935.4963,9,1.5,936.505,79.46,,3,F3:18625,F120180713_KP_THP1_w632_P3.raw,1,,Q9NZ08|ERAP1_HUMAN,,,PEAKS DB,1,YALDAAVTL,False,5890000.0,1.0,N
FALQGVNAL,0.001,SB,,1280,FALQGVNAL,15.55,931.5127,9,1.2,932.5211,77.53,,3,F3:17885,F120180713_KP_THP1_w632_P3.raw,1,,,,,PEAKS DB,1,FALQGVNAL,False,6810000.0,1.0,N
FANNVQLSL,0.001,SB,,1150,FANNVQLSL,18.37,1004.5291,9,0.7,1005.537,72.76,,1,F1:18221,F120180713_KP_THP1_w632_P1.raw,2,,,,,PEAKS DB,1,FANNVQLSL,False,11900000.0,2.0,N
YAVGIQQVL,0.001,SB,,1917,YAVGIQQVL,21.66,989.5546,9,0.9,495.785,76.44,,3,F3:17471,F120180713_KP_THP1_w632_P3.raw,1,,O15397|IPO8_HUMAN,,,PEAKS DB,2,YAVGIQQVL,False,217000.0,1.0,N
YASTIVSAL,0.001,SB,,4639,YASTIVSAL,13.5,923.4964,9,1.2,924.5048,70.6,,1,F1:17368,F120180713_KP_THP1_w632_P1.raw,1,,Q9H583|HEAT1_HUMAN,,,PEAKS DB,1,YASTIVSAL,False,18200000.0,1.0,N
FASTMVHAL,0.001,SB,,3118,FASTMVHAL,26.48,975.4848,9,1.7,488.7505,48.51,,8,F8:9390,F120180713_KP_THP1_w632_P10.raw,1,,Q08AM6|VAC14_HUMAN,,,PEAKS DB,2,FASTMVHAL,False,1050000.0,1.0,N
TAAPVPTTL,0.001,SB,,4173,TAAPVPTTL,14.29,869.4858,9,1.5,870.4944,56.24,,9,F9:14555,F120180713_KP_THP1_w632_P8.raw,1,,Q92600|RCD1_HUMAN,,,PEAKS DB,1,TAAPVPTTL,False,17600000.0,1.0,N
FAQEAISVL,0.001,SB,,2578,FAQEAISVL,16.09,976.5229,9,1.2,977.5313,75.88,,3,F3:17252,F120180713_KP_THP1_w632_P3.raw,1,,P30154|2AAB_HUMAN,,,PEAKS DB,1,FAQEAISVL,False,29400000.0,1.0,N
IAIDSVHQL,0.001,SB,,3607,IAIDSVHQL,20.61,994.5447,9,2.0,498.2806,49.41,,10,F10:11503,F120180713_KP_THP1_w632_P9.raw,1,,Q5VT25|MRCKA_HUMAN,,,PEAKS DB,2,IAIDSVHQL,False,172000.0,1.0,N
FSAESSRSL,0.001,SB,,4325,FSAESSRSL,23.09,982.4719,9,0.6,492.2435,30.99,,6,F6:6933,F120180713_KP_THP1_w632_P6.raw,1,,Q96N67|DOCK7_HUMAN,,,PEAKS DB,2,FSAESSRSL,False,2010000.0,1.0,N
FVYENPISL,0.001,SB,,3650,FVYENPISL,31.38,1080.5491,9,0.3,1081.5566,84.49,,2,F2:15406,F120180713_KP_THP1_w632_P2.raw,2,,Q6NTF9|RHBD2_HUMAN,,,PEAKS DB,1,FVYENPISL,False,13800000.0,2.0,N
YAIRGVPSL,0.001,SB,,3659,YAIRGVPSL,28.35,974.5549,9,0.2,488.2848,55.93,,1,F1:11932,F120180713_KP_THP1_w632_P1.raw,1,,Q6P1A2|MBOA5_HUMAN,,,PEAKS DB,2,YAIRGVPSL,False,826000.0,1.0,N
YAISKPEVL,0.001,SB,,3652,YAISKPEVL,29.2,1018.5698,9,1.3,510.2928,48.44,,10,F10:11121,F120180713_KP_THP1_w632_P9.raw,1,,Q6NUN9|ZN746_HUMAN,,,PEAKS DB,2,YAISKPEVL,False,13100000.0,1.0,N
YSAPVIHVL,0.001,SB,,4443,YSAPVIHVL,34.37,997.5596,9,1.3,499.7878,59.34,,3,F3:11525,F120180713_KP_THP1_w632_P3.raw,1,,Q99707|METH_HUMAN,,,PEAKS DB,2,YSAPVIHVL,False,2860000.0,1.0,N
FAISKNIQL,0.001,SB,,4804,FAISKNIQL,25.4,1032.5968,9,0.7,517.306,58.92,,3,F3:11377,F120180713_KP_THP1_w632_P3.raw,1,,Q9NXD2|MTMRA_HUMAN,,,PEAKS DB,2,FAISKNIQL,False,6520000.0,1.0,N
FAQDGVQSL,0.001,SB,,1154,FAQDGVQSL,12.89,963.4661,9,0.7,482.7407,54.29,,9,F9:13777,F120180713_KP_THP1_w632_P8.raw,1,,,,,PEAKS DB,2,FAQDGVQSL,False,320000.0,1.0,N
YAIGNAPEL,0.001,SB,,4157,YAIGNAPEL,19.5,946.476,9,1.5,474.2459,65.47,,8,F8:15572,F120180713_KP_THP1_w632_P10.raw,2,,Q92560|BAP1_HUMAN,,,PEAKS DB,2,YAIGNAPEL,False,30100000.0,2.0,N
FAVDSLRQL,0.001,SB,,5142,FAVDSLRQL,26.21,1047.5713,9,1.0,524.7935,61.86,,3,F3:12476,F120180713_KP_THP1_w632_P3.raw,1,,Q9Y6D5|BIG2_HUMAN,,,PEAKS DB,2,FAVDSLRQL,False,1880000.0,1.0,N
FAIPVGSGL,0.001,SB,,1284,FAIPVGSGL,14.43,859.4803,9,0.8,860.4883,81.75,,2,F2:14541,F120180713_KP_THP1_w632_P2.raw,1,,,,,PEAKS DB,1,FAIPVGSGL,False,2120000.0,1.0,N
SAVPSTSTM,0.002,SB,,3859,SAVPSTSTM,26.96,895.3957,9,0.7,896.4036,26.09,,5,F5:5167,F120180713_KP_THP1_w632_P5.raw,2,,Q86WV6|STING_HUMAN,Oxidation (M),M9:Oxidation (M):1000.00,PEAKS DB,1,SAVPSTSTM(+15.99),False,20100000.0,2.0,N
AAVDRTTEL,0.002,SB,,4059,AAVDRTTEL,32.08,974.5032,9,0.1,488.2589,29.77,,6,F6:6452,F120180713_KP_THP1_w632_P6.raw,1,,Q8TD16|BICD2_HUMAN,,,PEAKS DB,2,AAVDRTTEL,False,8800000.0,1.0,N
TAAPPAQPL,0.002,SB,,2511,TAAPPAQPL,25.1,864.4705,9,0.3,865.4780000000002,41.26,,6,F6:10498,F120180713_KP_THP1_w632_P6.raw,2,,P25440|BRD2_HUMAN,,,PEAKS DB,1,TAAPPAQPL,False,62900000.0,2.0,N
IAAPFTSKL,0.002,SB,,4693,IAAPFTSKL,29.25,946.5487,9,0.3,474.2818,52.19,,1,F1:10501,F120180713_KP_THP1_w632_P1.raw,1,,Q9HD20|AT131_HUMAN,,,PEAKS DB,2,IAAPFTSKL,False,25400000.0,1.0,N
SAVEPKTAL,0.002,SB,,4119,SAVEPKTAL,26.12,914.5073,9,0.4,458.2611,30.54,,6,F6:6756,F120180713_KP_THP1_w632_P6.raw,1,,Q8WWI1|LMO7_HUMAN,,,PEAKS DB,2,SAVEPKTAL,False,3040000.0,1.0,N
QAIPVTSEL,0.002,SB,,3007,QAIPVTSEL,18.61,956.5178,9,1.5,479.2669,62.76,,10,F10:16649,F120180713_KP_THP1_w632_P9.raw,2,,P98198|AT8B2_HUMAN,,,PEAKS DB,2,QAIPVTSEL,False,10200000.0,2.0,N
TAIERSQTL,0.002,SB,,4737,TAIERSQTL,30.58,1017.5455,9,-0.1,509.78,28.59,,6,F6:5986,F120180713_KP_THP1_w632_P6.raw,1,,Q9NRY5|F1142_HUMAN,,,PEAKS DB,2,TAIERSQTL,False,12300000.0,1.0,N
VAMGYSHSL,0.002,SB,,4848,VAMGYSHSL,22.66,963.4484,9,1.2,482.732,36.89,,9,F9:7056,F120180713_KP_THP1_w632_P8.raw,1,,Q9P258|RCC2_HUMAN,,,PEAKS DB,2,VAMGYSHSL,False,718000.0,1.0,N
FAYDGKDYL,0.002,SB,,2402,FAYDGKDYL,32.19,1090.4971,9,1.1,546.2564,58.11,,8,F8:13024,F120180713_KP_THP1_w632_P10.raw,2,,P13747|HLAE_HUMAN,,,PEAKS DB,2,FAYDGKDYL,True,40100000.0,2.0,N
MAYPSLVAM,0.002,SB,,2974,MAYPSLVAM,16.29,1013.4562,9,0.8,507.7357,59.78,,2,F2:9289,F120180713_KP_THP1_w632_P2.raw,1,,P78318|IGBP1_HUMAN,Oxidation (M),M1:Oxidation (M):1000.00;M9:Oxidation (M):1000.00,PEAKS DB,2,M(+15.99)AYPSLVAM(+15.99),False,616000.0,1.0,N
FAVAPNQNL,0.002,SB,,2376,FAVAPNQNL,28.41,972.5029,9,1.3,487.2593,57.85,,9,F9:15198,F120180713_KP_THP1_w632_P8.raw,1,,P12110|CO6A2_HUMAN,,,PEAKS DB,2,FAVAPNQNL,False,8120000.0,1.0,N
FSHSVGTSL,0.002,SB,,3190,FSHSVGTSL,24.98,933.4556,9,-0.3,467.7349,34.63,,7,F7:7198,F120180713_KP_THP1_w632_P7.raw,1,,Q13286|CLN3_HUMAN,,,PEAKS DB,2,FSHSVGTSL,False,306000.0,1.0,N
FAEGKPLAL,0.002,SB,,4015,FAEGKPLAL,23.71,944.5331,9,1.5,473.2745,49.3,,8,F8:9693,F120180713_KP_THP1_w632_P10.raw,1,,Q8NEB9|PK3C3_HUMAN,,,PEAKS DB,2,FAEGKPLAL,False,2130000.0,1.0,N
SSAPPGPTL,0.002,SB,,3975,SSAPPGPTL,26.15,825.4232,9,0.4,826.4308,44.67,,7,F7:10728,F120180713_KP_THP1_w632_P7.raw,4,,Q8N5J2|FA63A_HUMAN,,,PEAKS DB,1,SSAPPGPTL,False,31700000.0,4.0,N
AAAPGSRSL,0.002,SB,,1635,AAAPGSRSL,19.92,828.4453,9,0.5,415.2301,23.32,,5,F5:4125,F120180713_KP_THP1_w632_P5.raw,1,,,,,PEAKS DB,2,AAAPGSRSL,False,3300000.0,1.0,N
FATSALRSL,0.002,SB,,4728,FATSALRSL,19.49,964.5342,9,0.6,483.2747,49.86,,1,F1:9639,F120180713_KP_THP1_w632_P1.raw,1,,Q9NR82|KCNQ5_HUMAN,,,PEAKS DB,2,FATSALRSL,False,459000.0,1.0,N
VATSPGSSL,0.002,SB,,1559,VATSPGSSL,15.9,817.4182,9,0.9,818.4261,36.33,,5,F5:8565,F120180713_KP_THP1_w632_P5.raw,1,,,,,PEAKS DB,1,VATSPGSSL,False,7440000.0,1.0,N
AAVDPGTEL,0.002,SB,,2160,AAVDPGTEL,29.67,871.4287,9,0.2,872.4362,49.93,,7,F7:12675,F120180713_KP_THP1_w632_P7.raw,1,,O95255|MRP6_HUMAN,,,PEAKS DB,1,AAVDPGTEL,False,13900000.0,1.0,N
FAEGFVRAL,0.002,SB,,2264,FAEGFVRAL,25.49,1008.5392,9,0.6,505.2772,63.81,,2,F2:10213,F120180713_KP_THP1_w632_P2.raw,2,,P05412|JUN_HUMAN,,,PEAKS DB,2,FAEGFVRAL,False,7450000.0,2.0,N
FADGFVKAL,0.002,SB,,2437,FADGFVKAL,27.43,966.5174,9,0.7,484.2663,64.3,,3,F3:13376,F120180713_KP_THP1_w632_P3.raw,1,,P17275|JUNB_HUMAN,,,PEAKS DB,2,FADGFVKAL,False,766000.0,1.0,N
FIAPTGHSL,0.002,SB,,4767,FIAPTGHSL,32.85,941.4971,9,0.9,942.5052,42.69,,10,F10:8860,F120180713_KP_THP1_w632_P9.raw,2,,Q9NVA2|SEP11_HUMAN:Q14141|SEPT6_HUMAN,,,PEAKS DB,1,FIAPTGHSL,False,96300000.0,2.0,N
IADPRGNTL,0.002,SB,,2408,IADPRGNTL,24.14,955.5087,9,0.7,478.7619,32.58,,6,F6:7549,F120180713_KP_THP1_w632_P6.raw,1,,P14625|ENPL_HUMAN,,,PEAKS DB,2,IADPRGNTL,False,2420000.0,1.0,N
FSITPLSEL,0.002,SB,,1478,FSITPLSEL,14.8,1005.5382,9,0.2,1006.5457,93.85,,7,F7:22001,F120180713_KP_THP1_w632_P7.raw,1,,,,,PEAKS DB,1,FSITPLSEL,False,107000000.0,1.0,N
FANLGRTTL,0.002,SB,,3079,FANLGRTTL,20.43,991.545,9,0.5,496.7801,45.97,,8,F8:8398,F120180713_KP_THP1_w632_P10.raw,1,,Q04637|IF4G1_HUMAN,,,PEAKS DB,2,FANLGRTTL,False,2770000.0,1.0,N
VAIKAGTTL,0.002,SB,,3536,VAIKAGTTL,25.84,872.5331,9,0.1,873.5405,35.37,,7,F7:7491,F120180713_KP_THP1_w632_P7.raw,2,,Q5BJD5|TM41B_HUMAN,,,PEAKS DB,1,VAIKAGTTL,False,14000000.0,2.0,N
FAVISRHSL,0.002,SB,,2595,FAVISRHSL,29.38,1028.5767,9,0.0,515.2956,35.96,,10,F10:6245,F120180713_KP_THP1_w632_P9.raw,2,,P33527|MRP1_HUMAN,,,PEAKS DB,2,FAVISRHSL,False,7040000.0,2.0,N
FALGSPIAM,0.002,SB,,5158,FALGSPIAM,22.16,921.463,9,0.2,461.7389,72.05,,4,F4:12874,F120180713_KP_THP1_w632_P4.raw,2,,Q9Y6Y8|S23IP_HUMAN,Oxidation (M),M9:Oxidation (M):1000.00,PEAKS DB,2,FALGSPIAM(+15.99),False,4750000.0,2.0,N
YAFPKSITV,0.002,SB,,2857,YAFPKSITV,29.66,1024.5593,9,0.6,513.2872,58.91,,1,F1:13083,F120180713_KP_THP1_w632_P1.raw,1,,P53985|MOT1_HUMAN,,,PEAKS DB,2,YAFPKSITV,False,1630000.0,1.0,N
LADDSVRSL,0.002,SB,,3511,LADDSVRSL,27.33,974.5032,9,-0.3,488.2587,38.36,,7,F7:8613,F120180713_KP_THP1_w632_P7.raw,1,,Q4J6C6|PPCEL_HUMAN,,,PEAKS DB,2,LADDSVRSL,False,16400000.0,1.0,N
FAKEVSHEM,0.002,SB,,2057,FAKEVSHEM,29.76,1092.491,9,0.4,547.253,19.73,,6,F6:2593,F120180713_KP_THP1_w632_P6.raw,1,,O60942|MCE1_HUMAN,Oxidation (M),M9:Oxidation (M):1000.00,PEAKS DB,2,FAKEVSHEM(+15.99),False,1930000.0,1.0,N
LASPVSPEL,0.002,SB,,3576,LASPVSPEL,23.35,911.4963,9,1.5,912.5049,63.42,,10,F10:16913,F120180713_KP_THP1_w632_P9.raw,1,,Q5T4S7|UBR4_HUMAN,,,PEAKS DB,1,LASPVSPEL,False,11900000.0,1.0,N
FVQPHIIQL,0.002,SB,,1916,FVQPHIIQL,33.22,1093.6284,9,0.8,547.8219,64.79,,2,F2:10485,F120180713_KP_THP1_w632_P2.raw,1,,O15394|NCAM2_HUMAN,,,PEAKS DB,2,FVQPHIIQL,False,8470000.0,1.0,N
FTAPATVSL,0.002,SB,,3743,FTAPATVSL,23.7,905.4858,9,2.5,906.4954,68.81,,8,F8:16896,F120180713_KP_THP1_w632_P10.raw,2,,Q71RG4|TMUB2_HUMAN,,,PEAKS DB,1,FTAPATVSL,False,17100000.0,2.0,N
FAATHSLEF,0.002,SB,,2764,FAATHSLEF,27.99,1021.4869,9,0.6,511.751,52.48,,1,F1:10610,F120180713_KP_THP1_w632_P1.raw,1,,P49641|MA2A2_HUMAN,,,PEAKS DB,2,FAATHSLEF,False,3320000.0,1.0,N
LALDHLHSL,0.002,SB,,3394,LALDHLHSL,31.08,1017.5607,9,0.9,509.7881,46.14,,1,F1:8289,F120180713_KP_THP1_w632_P1.raw,1,,Q15349|KS6A2_HUMAN:P51812|KS6A3_HUMAN,,,PEAKS DB,2,LALDHLHSL,False,665000.0,1.0,N
FSVPGSMKL,0.002,SB,,5085,FSVPGSMKL,21.61,980.5001,9,0.8,491.2577,45.75,,3,F3:7120,F120180713_KP_THP1_w632_P3.raw,1,,Q9Y4A5|TRRAP_HUMAN,Oxidation (M),M7:Oxidation (M):1000.00,PEAKS DB,2,FSVPGSM(+15.99)KL,False,1020000.0,1.0,N
FAHLNSPQL,0.002,SB,,3663,FAHLNSPQL,28.62,1025.5294,9,1.0,513.7725,46.84,,10,F10:10496,F120180713_KP_THP1_w632_P9.raw,2,,Q6P2E9|EDC4_HUMAN,,,PEAKS DB,2,FAHLNSPQL,False,12200000.0,2.0,N
LANPTTSAL,0.002,SB,,5091,LANPTTSAL,27.69,886.4760000000001,9,0.6,887.4838,48.85,,7,F7:12247,F120180713_KP_THP1_w632_P7.raw,1,,Q9Y4A5|TRRAP_HUMAN,,,PEAKS DB,1,LANPTTSAL,False,13200000.0,1.0,N
LAFPGKSSL,0.002,SB,,1511,LAFPGKSSL,17.84,918.5175,9,0.9,460.2664,48.97,,8,F8:9564,F120180713_KP_THP1_w632_P10.raw,1,,,,,PEAKS DB,2,LAFPGKSSL,False,656000.0,1.0,N
FAAPAASIM,0.002,SB,,3697,FAAPAASIM,27.89,877.4368,9,1.0,878.4449,68.15,,8,F8:16636,F120180713_KP_THP1_w632_P10.raw,1,,Q6T4P5|PLPR3_HUMAN,,,PEAKS DB,1,FAAPAASIM,False,4510000.0,1.0,N
VAQEPVNTL,0.002,SB,,5105,VAQEPVNTL,32.86,969.5131,9,-0.3,485.7637,45.75,,7,F7:11078,F120180713_KP_THP1_w632_P7.raw,2,,Q9Y520|PRC2C_HUMAN,,,PEAKS DB,2,VAQEPVNTL,False,9480000.0,2.0,N
LANPHELSL,0.002,SB,,3595,LANPHELSL,25.81,992.5291,9,0.2,497.2719,46.36,,8,F8:8546,F120180713_KP_THP1_w632_P10.raw,1,,Q5TDH0|DDI2_HUMAN,,,PEAKS DB,2,LANPHELSL,False,10300000.0,1.0,N
LAIDSIHQL,0.002,SB,,5120,LAIDSIHQL,23.53,1008.5604,9,0.7,505.2878,57.79,,1,F1:12653,F120180713_KP_THP1_w632_P1.raw,1,,Q9Y5S2|MRCKB_HUMAN:Q15208|STK38_HUMAN,,,PEAKS DB,2,LAIDSIHQL,False,3410000.0,1.0,N
LAIDAIHQL,0.002,SB,,1501,LAIDAIHQL,18.67,992.5654,9,1.5,497.2907,61.75,,1,F1:14160,F120180713_KP_THP1_w632_P1.raw,1,,,,,PEAKS DB,2,LAIDAIHQL,False,748000.0,1.0,N
FTVPDTREL,0.002,SB,,1338,FTVPDTREL,14.05,1076.5502,9,1.3,539.2831,56.34,,8,F8:12414,F120180713_KP_THP1_w632_P10.raw,1,,,,,PEAKS DB,2,FTVPDTREL,False,17200000.0,1.0,N
YSDDIPHAL,0.002,SB,,2893,YSDDIPHAL,36.19,1029.4767,9,1.2,515.7462,49.52,,10,F10:11549,F120180713_KP_THP1_w632_P9.raw,1,,P60228|EIF3E_HUMAN,,,PEAKS DB,2,YSDDIPHAL,False,99400000.0,1.0,N
TAAPVVPEL,0.002,SB,,1566,TAAPVVPEL,14.9,895.5015,9,2.2,896.5107,69.5,,8,F8:17169,F120180713_KP_THP1_w632_P10.raw,1,,,,,PEAKS DB,1,TAAPVVPEL,False,10900000.0,1.0,N
SASPVPASL,0.002,SB,,1774,SASPVPASL,12.73,827.4388,9,1.8,828.4476,53.31,,9,F9:13388,F120180713_KP_THP1_w632_P8.raw,1,,,,,PEAKS DB,1,SASPVPASL,False,4930000.0,1.0,N
FAILRQAEL,0.002,SB,,2098,FAILRQAEL,22.03,1059.6077,9,0.8,530.8115,60.91,,3,F3:12127,F120180713_KP_THP1_w632_P3.raw,1,,O75691|UTP20_HUMAN,,,PEAKS DB,2,FAILRQAEL,False,2760000.0,1.0,N
LANEHNVAL,0.002,SB,,1812,LANEHNVAL,27.32,979.5087,9,-0.3,490.7614,33.1,,7,F7:6628,F120180713_KP_THP1_w632_P7.raw,2,,O00410|IPO5_HUMAN,,,PEAKS DB,2,LANEHNVAL,False,5000000.0,2.0,N
IAIDGGKVL,0.002,SB,,3622,IAIDGGKVL,23.76,884.5331,9,1.4,443.2744,48.57,,10,F10:11173,F120180713_KP_THP1_w632_P9.raw,1,,Q5W0Q7|USPL1_HUMAN,,,PEAKS DB,2,IAIDGGKVL,False,5530000.0,1.0,N
FVIDGSKSL,0.002,SB,,1355,FVIDGSKSL,14.52,964.5229,9,1.2,483.2693,51.31,,8,F8:10484,F120180713_KP_THP1_w632_P10.raw,1,,,,,PEAKS DB,2,FVIDGSKSL,False,245000.0,1.0,N
TAIESTPTL,0.002,SB,,4526,TAIESTPTL,22.9,931.4862,9,1.5,932.4949,54.54,,9,F9:13875,F120180713_KP_THP1_w632_P8.raw,2,,Q9BXJ9|NAA15_HUMAN,,,PEAKS DB,1,TAIESTPTL,False,104000000.0,2.0,N
IAVPDPSVL,0.002,SB,,5020,IAVPDPSVL,25.22,909.5171,9,1.0,910.5253,77.32,,1,F1:19985,F120180713_KP_THP1_w632_P1.raw,1,,Q9UQR0|SCML2_HUMAN,,,PEAKS DB,1,IAVPDPSVL,False,7340000.0,1.0,N
LAVEGGQSL,0.002,SB,,1780,LAVEGGQSL,27.3,872.4603,9,0.3,873.4679,49.21,,7,F7:12388,F120180713_KP_THP1_w632_P7.raw,2,,O00124|UBXN8_HUMAN,,,PEAKS DB,1,LAVEGGQSL,False,156000000.0,2.0,N
IASPVQPVL,0.002,SB,,3290,IASPVQPVL,21.32,922.5487,9,1.6,923.5575,67.33,,8,F8:16308,F120180713_KP_THP1_w632_P10.raw,1,,Q14207|NPAT_HUMAN,,,PEAKS DB,1,IASPVQPVL,False,9730000.0,1.0,N
FSFLPTRAL,0.002,SB,,1514,FSFLPTRAL,14.6,1050.5862,9,-0.7,526.3,72.42,,6,F6:17645,F120180713_KP_THP1_w632_P6.raw,1,,,,,PEAKS DB,2,FSFLPTRAL,False,2240000.0,1.0,N
AAIEASQSL,0.002,SB,,3835,AAIEASQSL,29.88,888.4552,9,0.1,889.4626,44.41,,7,F7:10628,F120180713_KP_THP1_w632_P7.raw,4,,Q7Z7A4|PXK_HUMAN,,,PEAKS DB,1,AAIEASQSL,False,285000000.0,4.0,N
YAIGVSHPL,0.002,SB,,2584,YAIGVSHPL,22.02,955.5127,9,0.6,478.7639,45.95,,10,F10:10143,F120180713_KP_THP1_w632_P9.raw,1,,P31153|METK2_HUMAN,,,PEAKS DB,2,YAIGVSHPL,False,2950000.0,1.0,N
SASGPHSSL,0.002,SB,,4472,SASGPHSSL,21.17,841.3929,9,0.3,421.7039,21.38,,5,F5:3360,F120180713_KP_THP1_w632_P5.raw,1,,Q9BRR6|ADPGK_HUMAN,,,PEAKS DB,2,SASGPHSSL,False,445000.0,1.0,N
VAVNGVHSL,0.002,SB,,1788,VAVNGVHSL,29.26,894.4923,9,-0.6,448.2531,34.96,,7,F7:7328,F120180713_KP_THP1_w632_P7.raw,2,,O00214|LEG8_HUMAN,,,PEAKS DB,2,VAVNGVHSL,False,7060000.0,2.0,N
FSHGSQLTL,0.003,SB,,4043,FSHGSQLTL,21.2,988.4978,9,2.0,495.2572,40.94,,10,F10:8166,F120180713_KP_THP1_w632_P9.raw,1,,Q8TAQ5|ZN420_HUMAN,,,PEAKS DB,2,FSHGSQLTL,False,952000.0,1.0,N
VAVPTLNAL,0.003,SB,,4505,VAVPTLNAL,30.26,896.5331,9,0.7,897.541,78.12,,3,F3:18095,F120180713_KP_THP1_w632_P3.raw,1,,Q9BV87|CNPD1_HUMAN,,,PEAKS DB,1,VAVPTLNAL,False,23300000.0,1.0,N
YSSPLFRSL,0.003,SB,,1634,YSSPLFRSL,17.66,1068.5603,9,-0.6,535.2871,61.69,,4,F4:11106,F120180713_KP_THP1_w632_P4.raw,1,,,,,PEAKS DB,2,YSSPLFRSL,False,378000.0,1.0,N
FITPTGHSL,0.003,SB,,4171,FITPTGHSL,30.39,971.5076,9,0.4,486.7613,44.74,,10,F10:9664,F120180713_KP_THP1_w632_P9.raw,1,,Q92599|SEPT8_HUMAN,,,PEAKS DB,2,FITPTGHSL,False,1890000.0,1.0,N
SAVSIFHEL,0.003,SB,,3610,SAVSIFHEL,20.66,1001.5182,9,-0.2,501.7663,63.4,,4,F4:11432,F120180713_KP_THP1_w632_P4.raw,1,,Q5VUR7|A20A3_HUMAN:Q5TYW2|A20A1_HUMAN:Q4UJ75|A20A4_HUMAN:Q5SQ80|A20A2_HUMAN:Q5CZ79|AN20B_HUMAN,,,PEAKS DB,2,SAVSIFHEL,False,620000.0,1.0,N
VAYLQAHAL,0.003,SB,,3113,VAYLQAHAL,32.1,984.5392,9,0.7,493.2773,45.8,,10,F10:10082,F120180713_KP_THP1_w632_P9.raw,2,,Q07960|RHG01_HUMAN,,,PEAKS DB,2,VAYLQAHAL,False,2150000.0,2.0,N
FATTNQISL,0.003,SB,,1131,FATTNQISL,19.02,993.5131,9,1.9,497.7648,64.26,,8,F8:15098,F120180713_KP_THP1_w632_P10.raw,1,,,,,PEAKS DB,2,FATTNQISL,False,6470000.0,1.0,N
YAFVRPVIL,0.003,SB,,4379,YAFVRPVIL,22.75,1076.6382,9,-0.8,539.3259,70.4,,6,F6:17153,F120180713_KP_THP1_w632_P6.raw,1,,Q96S16|JMJD8_HUMAN,,,PEAKS DB,2,YAFVRPVIL,False,416000.0,1.0,N
SAIDRIFTL,0.003,SB,,3846,SAIDRIFTL,28.04,1034.576,9,0.0,518.2953,78.02,,7,F7:19088,F120180713_KP_THP1_w632_P7.raw,1,,Q86TU7|SETD3_HUMAN,,,PEAKS DB,2,SAIDRIFTL,False,5280000.0,1.0,N
AAAPPPTPL,0.003,SB,,2440,AAAPPPTPL,23.59,833.4647,9,0.3,834.4722,47.6,,7,F7:11761,F120180713_KP_THP1_w632_P7.raw,1,,P17535|JUND_HUMAN,,,PEAKS DB,1,AAAPPPTPL,False,475000.0,1.0,N
FAVEYFTRL,0.003,SB,,2405,FAVEYFTRL,19.73,1144.5917,9,-0.8,573.3027,75.23,,6,F6:18203,F120180713_KP_THP1_w632_P6.raw,1,,P13861|KAP2_HUMAN,,,PEAKS DB,2,FAVEYFTRL,False,3060000.0,1.0,N
YSIYPKSEL,0.003,SB,,1632,YSIYPKSEL,19.27,1098.5597,9,0.9,550.2876,49.33,,10,F10:11472,F120180713_KP_THP1_w632_P9.raw,1,,,,,PEAKS DB,2,YSIYPKSEL,False,987000.0,1.0,N
RAYDGTTYL,0.003,SB,,3527,RAYDGTTYL,21.27,1058.5033,9,0.6,530.2592,41.75,,9,F9:8935,F120180713_KP_THP1_w632_P8.raw,1,,Q53GS9|SNUT2_HUMAN,,,PEAKS DB,2,RAYDGTTYL,False,2360000.0,1.0,N
HAAAPAVSL,0.003,SB,,1803,HAAAPAVSL,27.1,835.4552,9,1.5,418.7355,36.04,,9,F9:6751,F120180713_KP_THP1_w632_P8.raw,0,,O00268|TAF4_HUMAN,,,PEAKS DB,2,HAAAPAVSL,False,0.0,0.0,N
FAGEGLRTL,0.003,SB,,4088,FAGEGLRTL,12.6,962.5185,9,-2.1,482.2655,46.44,,8,F8:8579,F120180713_KP_THP1_w632_P10.raw,1,,Q8TF62|AT8B4_HUMAN,,,PEAKS DB,2,FAGEGLRTL,False,6260000.0,1.0,N
IAIGVVQAL,0.003,SB,,4480,IAIGVVQAL,18.33,882.5538,9,0.7,883.5617,81.54,,2,F2:14468,F120180713_KP_THP1_w632_P2.raw,1,,Q9BSA9|TM175_HUMAN,,,PEAKS DB,1,IAIGVVQAL,False,7370000.0,1.0,N
FVNPVQVVL,0.003,SB,,3596,FVNPVQVVL,21.67,1013.5909,9,-0.4,507.8025,91.82,,6,F6:21344,F120180713_KP_THP1_w632_P6.raw,1,,Q5THJ4|VP13D_HUMAN,,,PEAKS DB,2,FVNPVQVVL,False,1450000.0,1.0,N
IAVGKGSSL,0.003,SB,,1358,IAVGKGSSL,14.48,830.4861,9,0.3,416.2505,30.32,,6,F6:6668,F120180713_KP_THP1_w632_P6.raw,1,,,,,PEAKS DB,2,IAVGKGSSL,False,284000.0,1.0,N
LAVDKSASL,0.003,SB,,4403,LAVDKSASL,28.21,902.5073,9,-0.1,452.2609,35.55,,7,F7:7563,F120180713_KP_THP1_w632_P7.raw,1,,Q96T58|MINT_HUMAN,,,PEAKS DB,2,LAVDKSASL,False,18300000.0,1.0,N
YAITTLHNL,0.003,SB,,2623,YAITTLHNL,34.05,1044.5604,9,0.2,523.2876,53.46,,1,F1:10984,F120180713_KP_THP1_w632_P1.raw,1,,P35222|CTNB1_HUMAN:P14923|PLAK_HUMAN,,,PEAKS DB,2,YAITTLHNL,False,5770000.0,1.0,N
YAGEGLRTL,0.003,SB,,3008,YAGEGLRTL,14.81,978.5134,9,0.8,490.2644,40.61,,10,F10:8038,F120180713_KP_THP1_w632_P9.raw,1,,P98198|AT8B2_HUMAN,,,PEAKS DB,2,YAGEGLRTL,False,144000.0,1.0,N
YAHITHKAL,0.003,SB,,3580,YAHITHKAL,29.39,1052.5767,9,0.2,527.2957,22.31,,6,F6:3508,F120180713_KP_THP1_w632_P6.raw,1,,Q5T6F0|DCA12_HUMAN,,,PEAKS DB,2,YAHITHKAL,False,515000.0,1.0,N
FANDDRHVM,0.003,SB,,4388,FANDDRHVM,15.18,1119.4767,9,0.4,560.7458,19.96,,6,F6:2663,F120180713_KP_THP1_w632_P6.raw,1,,Q96SI9|STRBP_HUMAN,Oxidation (M),M9:Oxidation (M):1000.00,PEAKS DB,2,FANDDRHVM(+15.99),False,4340000.0,1.0,N
FAGGHPAQL,0.003,SB,,2438,FAGGHPAQL,24.34,896.4504,9,-0.4,449.2323,31.31,,7,F7:5941,F120180713_KP_THP1_w632_P7.raw,1,,P17275|JUNB_HUMAN,,,PEAKS DB,2,FAGGHPAQL,False,362000.0,1.0,N
YSLPNAPTL,0.003,SB,,1633,YSLPNAPTL,19.59,974.5073,9,1.1,975.5156,72.56,,1,F1:18139,F120180713_KP_THP1_w632_P1.raw,2,,,,,PEAKS DB,1,YSLPNAPTL,False,17900000.0,2.0,N
FAEGQGRAL,0.003,SB,,4144,FAEGQGRAL,30.95,947.4824,9,0.2,474.7486,30.07,,6,F6:6573,F120180713_KP_THP1_w632_P6.raw,2,,Q92508|PIEZ1_HUMAN,,,PEAKS DB,2,FAEGQGRAL,False,64400000.0,2.0,N
FADHVSSSL,0.003,SB,,3637,FADHVSSSL,21.17,961.4505,9,-0.4,481.7323,39.17,,7,F7:8922,F120180713_KP_THP1_w632_P7.raw,1,,Q69YN4|VIR_HUMAN,,,PEAKS DB,2,FADHVSSSL,False,2280000.0,1.0,N
SAIGRAMEL,0.003,SB,,4838,SAIGRAMEL,20.77,946.4906,9,0.5,474.2528,45.89,,8,F8:8364,F120180713_KP_THP1_w632_P10.raw,1,,Q9NZN5|ARHGC_HUMAN,,,PEAKS DB,2,SAIGRAMEL,False,1030000.0,1.0,N
YAFPKAVSV,0.003,SB,,1927,YAFPKAVSV,30.87,980.5331,9,0.8,491.2742,53.82,,8,F8:11461,F120180713_KP_THP1_w632_P10.raw,1,,O15427|MOT4_HUMAN,,,PEAKS DB,2,YAFPKAVSV,False,18200000.0,1.0,N
AAAPNPASL,0.003,SB,,2872,AAAPNPASL,26.96,810.4235,9,0.4,811.4311,44.89,,7,F7:10793,F120180713_KP_THP1_w632_P7.raw,2,,P55198|AF17_HUMAN,,,PEAKS DB,1,AAAPNPASL,False,6710000.0,2.0,N
TAVEAGRAL,0.003,SB,,3913,TAVEAGRAL,25.58,886.4872,9,0.1,444.2509,28.77,,6,F6:6056,F120180713_KP_THP1_w632_P6.raw,1,,Q8IY17|PLPL6_HUMAN,,,PEAKS DB,2,TAVEAGRAL,False,4150000.0,1.0,N
IAISRTPVL,0.003,SB,,4618,IAISRTPVL,20.86,968.6018,9,1.0,485.3087,49.04,,8,F8:9592,F120180713_KP_THP1_w632_P10.raw,1,,Q9H3K2|GHITM_HUMAN,,,PEAKS DB,2,IAISRTPVL,False,80400000.0,1.0,N
FVAEGGPEL,0.003,SB,,3904,FVAEGGPEL,31.89,917.4494,9,1.6,918.4581,59.84,,10,F10:15477,F120180713_KP_THP1_w632_P9.raw,1,,Q8IWZ8|SUGP1_HUMAN,,,PEAKS DB,1,FVAEGGPEL,False,30100000.0,1.0,N
AAVPKSLQL,0.003,SB,,2105,AAVPKSLQL,25.32,925.5596,9,0.4,463.7873,45.49,,10,F10:9961,F120180713_KP_THP1_w632_P9.raw,2,,O75843|AP1G2_HUMAN,,,PEAKS DB,2,AAVPKSLQL,False,14200000.0,2.0,N
LAYDRMPTL,0.003,SB,,3369,LAYDRMPTL,32.62,1078.5481,9,0.5,540.2816,59.41,,1,F1:13277,F120180713_KP_THP1_w632_P1.raw,1,,Q15049|MLC1_HUMAN,,,PEAKS DB,2,LAYDRMPTL,False,5920000.0,1.0,N
FVYPFGATL,0.003,SB,,1321,FVYPFGATL,19.21,1013.5222,9,0.5,1014.5299,96.25,,9,F9:23728,F120180713_KP_THP1_w632_P8.raw,1,,,,,PEAKS DB,1,FVYPFGATL,False,22600000.0,1.0,N
FSIANPNSL,0.003,SB,,1481,FSIANPNSL,17.68,961.4869,9,1.8,481.7516,69.52,,8,F8:17180,F120180713_KP_THP1_w632_P10.raw,2,,,,,PEAKS DB,2,FSIANPNSL,False,2770000.0,2.0,N
VAAAHSVVL,0.003,SB,,4239,VAAAHSVVL,16.1,865.5021,9,0.8,433.7587,34.63,,9,F9:6279,F120180713_KP_THP1_w632_P8.raw,1,,Q96A65|EXOC4_HUMAN,,,PEAKS DB,2,VAAAHSVVL,False,3260000.0,1.0,N
RATPHPSEL,0.003,SB,,3274,RATPHPSEL,34.26,1006.5195,9,0.0,504.267,22.91,,6,F6:3746,F120180713_KP_THP1_w632_P6.raw,1,,Q14160|SCRIB_HUMAN,,,PEAKS DB,2,RATPHPSEL,False,13000000.0,1.0,N
FATIKSASL,0.003,SB,,4600,FATIKSASL,31.91,936.528,9,1.7,469.2721,42.89,,10,F10:8937,F120180713_KP_THP1_w632_P9.raw,1,,Q9H2K8|TAOK3_HUMAN,,,PEAKS DB,2,FATIKSASL,False,2620000.0,1.0,N
VATEGSREL,0.003,SB,,4259,VATEGSREL,22.47,960.4876,9,-0.2,481.251,24.77,,5,F5:4677,F120180713_KP_THP1_w632_P5.raw,1,,Q96C10|DHX58_HUMAN,,,PEAKS DB,2,VATEGSREL,False,2540000.0,1.0,N
MADPNIRFL,0.003,SB,,3861,MADPNIRFL,31.42,1075.5485,9,1.5,538.7823,63.76,,2,F2:10198,F120180713_KP_THP1_w632_P2.raw,2,,Q86WV6|STING_HUMAN,,,PEAKS DB,2,MADPNIRFL,False,39800000.0,2.0,N
FVVPNQKEL,0.003,SB,,2184,FVVPNQKEL,30.85,1072.5917,9,1.0,537.3036,47.55,,10,F10:10772,F120180713_KP_THP1_w632_P9.raw,1,,O95573|ACSL3_HUMAN,,,PEAKS DB,2,FVVPNQKEL,False,7670000.0,1.0,N
SAAENFLVL,0.003,SB,,3373,SAAENFLVL,23.91,962.5073,9,0.5,963.515,88.15,,5,F5:18750,F120180713_KP_THP1_w632_P5.raw,2,,Q15051|IQCB1_HUMAN,,,PEAKS DB,1,SAAENFLVL,False,16700000.0,2.0,N
FAVNMFRTL,0.003,SB,,3195,FAVNMFRTL,14.37,1097.5692,9,-0.8,549.7914,72.22,,6,F6:17607,F120180713_KP_THP1_w632_P6.raw,1,,Q13362|2A5G_HUMAN,,,PEAKS DB,2,FAVNMFRTL,False,1490000.0,1.0,N
AAAYPHTSL,0.003,SB,,4871,AAAYPHTSL,24.84,929.4606,9,-0.6,465.7373,33.08,,7,F7:6618,F120180713_KP_THP1_w632_P7.raw,2,,Q9P2R6|RERE_HUMAN,,,PEAKS DB,2,AAAYPHTSL,False,6880000.0,2.0,N
TASPVAVSL,0.003,SB,,3386,TASPVAVSL,13.98,923.4365,9,1.4,924.4451,81.99,,9,F9:21081,F120180713_KP_THP1_w632_P8.raw,1,,Q15154|PCM1_HUMAN,Phosphorylation (STY),S8:Phosphorylation (STY):67.85,PEAKS DB,1,TASPVAVS(+79.97)L,False,12000000.0,1.0,N
AAAPAAPTL,0.003,SB,,4525,AAAPAAPTL,21.44,781.4333,9,-1.3,391.7234,48.18,,7,F7:11982,F120180713_KP_THP1_w632_P7.raw,1,,Q9BXH1|BBC3_HUMAN,,,PEAKS DB,2,AAAPAAPTL,False,199000.0,1.0,N
FSHGQVVSL,0.003,SB,,3972,FSHGQVVSL,26.8,972.5029,9,1.4,487.2594,42.16,,10,F10:8647,F120180713_KP_THP1_w632_P9.raw,1,,Q8N5A5|ZGPAT_HUMAN,,,PEAKS DB,2,FSHGQVVSL,False,1640000.0,1.0,N
SAHSHFISL,0.003,SB,,3633,SAHSHFISL,29.5,997.4981,9,0.3,499.7565,35.61,,1,F1:4791,F120180713_KP_THP1_w632_P1.raw,2,,Q68CP9|ARID2_HUMAN,,,PEAKS DB,2,SAHSHFISL,False,25800000.0,2.0,N
TSVPPGSAL,0.003,SB,,4540,TSVPPGSAL,25.41,827.4388,9,0.1,828.4462,43.9,,6,F6:11503,F120180713_KP_THP1_w632_P6.raw,7,,Q9BYW2|SETD2_HUMAN,,,PEAKS DB,1,TSVPPGSAL,False,34600000.0,7.0,N
SAVDLPVTL,0.003,SB,,3848,SAVDLPVTL,20.41,913.512,9,0.3,914.5196,83.77,,2,F2:15194,F120180713_KP_THP1_w632_P2.raw,2,,Q86UA1|PRP39_HUMAN,,,PEAKS DB,1,SAVDLPVTL,False,8850000.0,2.0,N
FAHTNVESL,0.003,SB,,2574,FAHTNVESL,30.68,1016.4927,9,0.9,509.2541,37.79,,9,F9:7398,F120180713_KP_THP1_w632_P8.raw,2,,P30101|PDIA3_HUMAN,,,PEAKS DB,2,FAHTNVESL,False,34500000.0,2.0,N
VASSIAHEL,0.003,SB,,1558,VASSIAHEL,17.55,925.4869,9,0.8,463.7511,36.24,,9,F9:6826,F120180713_KP_THP1_w632_P8.raw,1,,,,,PEAKS DB,2,VASSIAHEL,False,61200.0,1.0,N
YAVRDTIAL,0.003,SB,,3989,YAVRDTIAL,21.91,1020.5604,9,1.7,511.2883,52.5,,8,F8:10950,F120180713_KP_THP1_w632_P10.raw,1,,Q8NB49|AT11C_HUMAN,,,PEAKS DB,2,YAVRDTIAL,False,2460000.0,1.0,N
LAAPVISVL,0.003,SB,,2008,LAAPVISVL,20.72,881.5586,9,0.3,882.5661,87.69,,5,F5:18613,F120180713_KP_THP1_w632_P5.raw,1,,O60337|MARH6_HUMAN,,,PEAKS DB,1,LAAPVISVL,False,7650000.0,1.0,N
AAVPARVSL,0.004,SB,,1622,AAVPARVSL,17.15,882.5287,9,0.7,442.2719,40.19,,9,F9:8348,F120180713_KP_THP1_w632_P8.raw,1,,,,,PEAKS DB,2,AAVPARVSL,False,1140000.0,1.0,N
SAVGQFVSL,0.004,SB,,4215,SAVGQFVSL,23.98,906.4811,9,0.7,454.2481,75.31,,3,F3:17029,F120180713_KP_THP1_w632_P3.raw,2,,Q92994|TF3B_HUMAN,,,PEAKS DB,2,SAVGQFVSL,False,69000000.0,2.0,N
HASDRIIAL,0.004,SB,,2561,HASDRIIAL,30.24,994.556,9,0.6,498.2856,36.59,,8,F8:5356,F120180713_KP_THP1_w632_P10.raw,1,,P29401|TKT_HUMAN,,,PEAKS DB,2,HASDRIIAL,False,34300000.0,1.0,N
VAEEVTREL,0.004,SB,,4309,VAEEVTREL,13.02,1044.5452,9,-0.3,523.2797,39.76,,7,F7:9147,F120180713_KP_THP1_w632_P7.raw,1,,Q96JI7|SPTCS_HUMAN,,,PEAKS DB,2,VAEEVTREL,False,573000.0,1.0,N
IAIKFGSAL,0.004,SB,,4273,IAIKFGSAL,22.52,918.5538,9,0.8,460.2846,60.3,,3,F3:11893,F120180713_KP_THP1_w632_P3.raw,1,,Q96DF8|DGC14_HUMAN,,,PEAKS DB,2,IAIKFGSAL,False,4420000.0,1.0,N
FVYSSRLTL,0.004,SB,,1320,FVYSSRLTL,14.16,1084.5917,9,0.7,543.3035,58.86,,3,F3:11352,F120180713_KP_THP1_w632_P3.raw,1,,,,,PEAKS DB,2,FVYSSRLTL,False,922000.0,1.0,N
KAVPSLHSL,0.004,SB,,4554,KAVPSLHSL,28.33,950.5549,9,0.9,476.2851,31.29,,10,F10:4611,F120180713_KP_THP1_w632_P9.raw,1,,Q9C0B7|TNG6_HUMAN,,,PEAKS DB,2,KAVPSLHSL,False,1860000.0,1.0,N
YAIEVDPVL,0.004,SB,,4580,YAIEVDPVL,27.29,1017.5382,9,-0.7,509.776,84.32,,2,F2:15357,F120180713_KP_THP1_w632_P2.raw,2,,Q9H0P0|5NT3A_HUMAN,,,PEAKS DB,2,YAIEVDPVL,False,69900000.0,2.0,N
FGYDKPHVL,0.004,SB,,2419,FGYDKPHVL,28.46,1074.5498,9,2.0,538.2833,39.15,,10,F10:7472,F120180713_KP_THP1_w632_P9.raw,1,,P15260|INGR1_HUMAN,,,PEAKS DB,2,FGYDKPHVL,False,1050000.0,1.0,N
VATEKAVEL,0.004,SB,,2562,VATEKAVEL,27.49,958.5334,9,-0.5,480.2738,34.65,,7,F7:7209,F120180713_KP_THP1_w632_P7.raw,2,,P29401|TKT_HUMAN,,,PEAKS DB,2,VATEKAVEL,False,14800000.0,2.0,N
KASPVSSSL,0.004,SB,,4324,KASPVSSSL,28.91,874.4760000000001,9,0.2,438.2453,27.32,,6,F6:5493,F120180713_KP_THP1_w632_P6.raw,2,,Q96MU6|ZN778_HUMAN,,,PEAKS DB,2,KASPVSSSL,False,1680000.0,2.0,N
FAMDVYKNL,0.004,SB,,2891,FAMDVYKNL,20.34,1099.5372,9,0.5,550.7762,64.89,,3,F3:13601,F120180713_KP_THP1_w632_P3.raw,1,,P60228|EIF3E_HUMAN,,,PEAKS DB,2,FAMDVYKNL,False,1730000.0,1.0,N
FATEVFKAM,0.004,SB,,3149,FATEVFKAM,20.1,1058.5106,9,0.6,530.2629,47.6,,3,F3:7694,F120180713_KP_THP1_w632_P3.raw,2,,Q12882|DPYD_HUMAN,Oxidation (M),M9:Oxidation (M):1000.00,PEAKS DB,2,FATEVFKAM(+15.99),False,1040000.0,2.0,N
FSSEVTAAL,0.004,SB,,2400,FSSEVTAAL,18.52,923.46,9,1.9,924.469,63.87,,8,F8:14940,F120180713_KP_THP1_w632_P10.raw,1,,P13639|EF2_HUMAN,,,PEAKS DB,1,FSSEVTAAL,False,12900000.0,1.0,N
LAVERGSSL,0.004,SB,,3990,LAVERGSSL,21.51,930.5134,9,-0.5,466.2638,32.27,,7,F7:6313,F120180713_KP_THP1_w632_P7.raw,1,,Q8NB90|SPAT5_HUMAN,,,PEAKS DB,2,LAVERGSSL,False,1100000.0,1.0,N
FSDPESQTL,0.004,SB,,3169,FSDPESQTL,28.48,1022.4556,9,-0.1,512.235,52.19,,7,F7:13565,F120180713_KP_THP1_w632_P7.raw,1,,Q13107|UBP4_HUMAN,,,PEAKS DB,2,FSDPESQTL,False,2280000.0,1.0,N
SAISPKSSL,0.004,SB,,3976,SAISPKSSL,23.87,968.4579,9,-0.2,485.2362,42.76,,6,F6:11062,F120180713_KP_THP1_w632_P6.raw,1,,Q8N5P1|ZC3H8_HUMAN,Phosphorylation (STY),S4:Phosphorylation (STY):19.05,PEAKS DB,2,SAIS(+79.97)PKSSL,False,2090000.0,1.0,N
FSNGHIKVL,0.004,SB,,3962,FSNGHIKVL,13.3,1013.5658,9,2.0,1014.5751,33.52,,10,F10:5358,F120180713_KP_THP1_w632_P9.raw,1,,Q8N3C0|ASCC3_HUMAN,,,PEAKS DB,1,FSNGHIKVL,False,1280000.0,1.0,N
YSHPGVVFL,0.004,SB,,3939,YSHPGVVFL,21.18,1017.5283,9,-0.3,509.7713,59.16,,2,F2:9133,F120180713_KP_THP1_w632_P2.raw,1,,Q8IZY2|ABCA7_HUMAN,,,PEAKS DB,2,YSHPGVVFL,False,121000.0,1.0,N
QAAPPYNSL,0.004,SB,,4948,QAAPPYNSL,32.4,959.4712,9,0.3,480.74300000000005,49.98,,7,F7:12695,F120180713_KP_THP1_w632_P7.raw,2,,Q9ULK2|AT7L1_HUMAN,,,PEAKS DB,2,QAAPPYNSL,False,8800000.0,2.0,N
LAFLGSQSL,0.004,SB,,1522,LAFLGSQSL,17.98,934.5123,9,0.4,468.2636,81.9,,2,F2:14598,F120180713_KP_THP1_w632_P2.raw,1,,,,,PEAKS DB,2,LAFLGSQSL,False,1120000.0,1.0,N
TAASPTIAL,0.004,SB,,3275,TAASPTIAL,25.9,843.4702,9,1.4,844.4786,60.03,,10,F10:15553,F120180713_KP_THP1_w632_P9.raw,1,,Q14160|SCRIB_HUMAN,,,PEAKS DB,1,TAASPTIAL,False,28400000.0,1.0,N
SAVGHVFSL,0.004,SB,,3152,SAVGHVFSL,18.35,915.4814,9,0.7,458.7483,54.79,279000.0,29,F29:10499,F120180713_KP_THP1_BB72_P2.raw,1,1.0,Q69YN4|VIR_HUMAN,,,PEAKS DB,2,SAVGHVFSL,False,,,N
VANGRIQSL,0.004,SB,,3843,VANGRIQSL,21.77,956.5403,9,-0.2,479.2773,30.62,,7,F7:5696,F120180713_KP_THP1_w632_P7.raw,1,,Q86TI0|TBCD1_HUMAN,,,PEAKS DB,2,VANGRIQSL,False,5340000.0,1.0,N
FATIRTASL,0.004,SB,,3771,FATIRTASL,19.94,1058.5161,9,1.9,530.2664,59.99,,10,F10:15537,F120180713_KP_THP1_w632_P9.raw,1,,Q7L7X3|TAOK1_HUMAN,Phosphorylation (STY),S8:Phosphorylation (STY):0.00,PEAKS DB,2,FATIRTAS(+79.97)L,False,1750000.0,1.0,N
IAFHSAVSL,0.004,SB,,5064,IAFHSAVSL,19.38,943.5127,9,1.2,472.7642,53.26,,1,F1:10906,F120180713_KP_THP1_w632_P1.raw,1,,Q9Y3F4|STRAP_HUMAN,,,PEAKS DB,2,IAFHSAVSL,False,956000.0,1.0,N
LAITGGVTL,0.004,SB,,3715,LAITGGVTL,24.27,843.5065,9,0.7,844.5144,75.47,,3,F3:17094,F120180713_KP_THP1_w632_P3.raw,1,,Q6ZMZ0|RN19B_HUMAN,,,PEAKS DB,1,LAITGGVTL,False,15400000.0,1.0,N
FSHSSNLTL,0.004,SB,,5110,FSHSSNLTL,26.65,1004.4927,9,1.6,503.2544,39.71,,10,F10:7693,F120180713_KP_THP1_w632_P9.raw,1,,Q9Y5A6|ZSC21_HUMAN,,,PEAKS DB,2,FSHSSNLTL,False,4280000.0,1.0,N
LAIESANEL,0.004,SB,,1502,LAIESANEL,17.71,958.4971,9,0.8,959.5051,61.62,,10,F10:16193,F120180713_KP_THP1_w632_P9.raw,2,,,,,PEAKS DB,1,LAIESANEL,False,77700000.0,2.0,N
YAHLTYVTL,0.004,SB,,3643,YAHLTYVTL,19.39,1079.5652,9,0.0,540.7899,59.28,,3,F3:11502,F120180713_KP_THP1_w632_P3.raw,1,,Q6ICG6|K0930_HUMAN,,,PEAKS DB,2,YAHLTYVTL,False,4000000.0,1.0,N
VAVNPHLHL,0.004,SB,,3636,VAVNPHLHL,23.0,998.5662,9,0.3,500.2905,37.44,,8,F8:5589,F120180713_KP_THP1_w632_P10.raw,1,,Q68DH5|LMBD2_HUMAN,,,PEAKS DB,2,VAVNPHLHL,False,720000.0,1.0,N
LAIAGGVTL,0.004,SB,,1500,LAIAGGVTL,18.16,813.4960000000002,9,1.3,814.5043,76.07,,3,F3:17322,F120180713_KP_THP1_w632_P3.raw,1,,,,,PEAKS DB,1,LAIAGGVTL,False,9430000.0,1.0,N
YTIPAHQNL,0.004,SB,,1939,YTIPAHQNL,21.08,1055.54,9,0.9,528.7778,40.63,,9,F9:8514,F120180713_KP_THP1_w632_P8.raw,1,,O43172|PRP4_HUMAN,,,PEAKS DB,2,YTIPAHQNL,False,1240000.0,1.0,N
YVDPVNKVL,0.004,SB,,1930,YVDPVNKVL,37.17,1045.5808,9,1.7,523.7986,51.35,,8,F8:10499,F120180713_KP_THP1_w632_P10.raw,2,,O15530|PDPK1_HUMAN,,,PEAKS DB,2,YVDPVNKVL,False,126000000.0,2.0,N
FAATQMAVL,0.004,SB,,1924,FAATQMAVL,28.17,966.4844,9,1.2,484.2501,57.09,,3,F3:10761,F120180713_KP_THP1_w632_P3.raw,1,,O15417|TNC18_HUMAN,Oxidation (M),M6:Oxidation (M):1000.00,PEAKS DB,2,FAATQM(+15.99)AVL,False,1370000.0,1.0,N
HAIEESVVL,0.004,SB,,1912,HAIEESVVL,23.68,995.5287,9,1.3,498.7723,47.63,,8,F8:9047,F120180713_KP_THP1_w632_P10.raw,1,,O15372|EIF3H_HUMAN,,,PEAKS DB,2,HAIEESVVL,False,429000.0,1.0,N
SSAPPASSL,0.004,SB,,1854,SSAPPASSL,26.71,815.4025,9,0.4,816.41,35.16,,5,F5:8144,F120180713_KP_THP1_w632_P5.raw,1,,O14964|HGS_HUMAN,,,PEAKS DB,1,SSAPPASSL,False,5090000.0,1.0,N
VTVPPGPSL,0.004,SB,,1077,VTVPPGPSL,27.99,865.4909,9,1.3,866.4993,60.93,,8,F8:13912,F120180713_KP_THP1_w632_P10.raw,6,,A2A3N6|PIPSL_HUMAN:P55036|PSMD4_HUMAN,,,PEAKS DB,1,VTVPPGPSL,False,378000000.0,6.0,N
AASPSSSSL,0.004,SB,,3533,AASPSSSSL,24.78,805.3817,9,1.0,806.3898,29.9,,5,F5:6371,F120180713_KP_THP1_w632_P5.raw,2,,Q58A45|PAN3_HUMAN,,,PEAKS DB,1,AASPSSSSL,False,117000000.0,2.0,N
FVDEGIKTL,0.004,SB,,2279,FVDEGIKTL,24.06,1020.5491,9,1.1,511.2824,50.32,,10,F10:11864,F120180713_KP_THP1_w632_P9.raw,2,,P06746|DPOLB_HUMAN,,,PEAKS DB,2,FVDEGIKTL,False,15900000.0,2.0,N
FTVPHTHVF,0.004,SB,,4036,FTVPHTHVF,25.89,1083.5502,9,1.0,542.7829,45.53,,1,F1:8058,F120180713_KP_THP1_w632_P1.raw,1,,Q8NFZ0|FBH1_HUMAN,,,PEAKS DB,2,FTVPHTHVF,False,1020000.0,1.0,N
FSNPRALYL,0.004,SB,,2097,FSNPRALYL,29.99,1079.5763,9,1.0,540.7959999999998,54.58,,1,F1:11413,F120180713_KP_THP1_w632_P1.raw,1,,O75691|UTP20_HUMAN,,,PEAKS DB,2,FSNPRALYL,False,6190000.0,1.0,N
AAVPPGSLL,0.004,SB,,4074,AAVPPGSLL,20.65,823.4803,9,1.7,824.4889999999998,65.34,,8,F8:15521,F120180713_KP_THP1_w632_P10.raw,1,,Q8TEK3|DOT1L_HUMAN,,,PEAKS DB,1,AAVPPGSLL,False,7690000.0,1.0,N
RAIDSIHQL,0.004,SB,,4073,RAIDSIHQL,14.22,1051.5774,9,1.1,526.7966,32.92,,9,F9:5763,F120180713_KP_THP1_w632_P8.raw,1,,Q8TEK3|DOT1L_HUMAN,,,PEAKS DB,2,RAIDSIHQL,False,1690000.0,1.0,N
FAVLRGAVL,0.004,SB,,4069,FAVLRGAVL,21.96,944.5807,9,0.5,473.2979,61.8,,2,F2:9703,F120180713_KP_THP1_w632_P2.raw,1,,Q8TE77|SSH3_HUMAN,,,PEAKS DB,2,FAVLRGAVL,False,1460000.0,1.0,N
MSYPAKVTL,0.004,SB,,4789,MSYPAKVTL,12.8,1024.5262,9,1.9,513.2714,41.34,,8,F8:6760,F120180713_KP_THP1_w632_P10.raw,1,,Q9NVV0|TM38B_HUMAN,Oxidation (M),M1:Oxidation (M):1000.00,PEAKS DB,2,M(+15.99)SYPAKVTL,False,322000.0,1.0,N
FTVPKNRSL,0.004,SB,,2339,FTVPKNRSL,15.9,1060.6029,9,1.2,531.3094,31.8,,9,F9:5408,F120180713_KP_THP1_w632_P8.raw,1,,P10242|MYB_HUMAN,,,PEAKS DB,2,FTVPKNRSL,False,5170000.0,1.0,N
VAKGPSHSL,0.004,SB,,4108,VAKGPSHSL,27.3,894.4923,9,0.6,448.2537,19.9,,5,F5:2775,F120180713_KP_THP1_w632_P5.raw,1,,Q8WV48|CC107_HUMAN,,,PEAKS DB,2,VAKGPSHSL,False,1790000.0,1.0,N
VAFPLSHNL,0.004,SB,,2377,VAFPLSHNL,25.43,997.5233,9,0.0,499.7689,62.31,,2,F2:9820,F120180713_KP_THP1_w632_P2.raw,1,,P12110|CO6A2_HUMAN,Deamidation (NQ),N8:Deamidation (NQ):1000.00,PEAKS DB,2,VAFPLSHN(+.98)L,False,317000.0,1.0,N
YAAQATTPM,0.005,SB,,4350,YAAQATTPM,13.19,968.4273,9,0.2,485.221,28.39,,5,F5:5947,F120180713_KP_THP1_w632_P5.raw,1,,Q96PK6|RBM14_HUMAN,Oxidation (M),M9:Oxidation (M):1000.00,PEAKS DB,2,YAAQATTPM(+15.99),False,412000.0,1.0,N
SAMPTSSSF,0.005,SB,,3561,SAMPTSSSF,20.56,929.3801,9,-0.5,465.6971,35.21,,7,F7:7432,F120180713_KP_THP1_w632_P7.raw,1,,Q5SW79|CE170_HUMAN,Oxidation (M),M3:Oxidation (M):1000.00,PEAKS DB,2,SAM(+15.99)PTSSSF,False,1610000.0,1.0,N
YSYFSPRTM,0.005,SB,,3357,YSYFSPRTM,23.39,1166.5066,9,1.7,584.2615,43.03,,8,F8:7298,F120180713_KP_THP1_w632_P10.raw,2,,Q15003|CND2_HUMAN,Oxidation (M),M9:Oxidation (M):1000.00,PEAKS DB,2,YSYFSPRTM(+15.99),False,8160000.0,2.0,N
KAFSHSSTL,0.005,SB,,3095,KAFSHSSTL,27.65,976.4978,9,0.5,489.2564,22.7,,6,F6:3661,F120180713_KP_THP1_w632_P6.raw,1,,Q05481|ZNF91_HUMAN,,,PEAKS DB,2,KAFSHSSTL,False,980000.0,1.0,N
RAIPNNQVL,0.005,SB,,2051,RAIPNNQVL,22.54,1023.5825,9,0.6,512.7988,34.46,,7,F7:7133,F120180713_KP_THP1_w632_P7.raw,2,,O60869|EDF1_HUMAN,,,PEAKS DB,2,RAIPNNQVL,False,1760000.0,2.0,N
LASPESLEL,0.005,SB,,3725,LASPESLEL,15.89,957.5018,9,0.9,958.5099,71.72,,1,F1:17804,F120180713_KP_THP1_w632_P1.raw,1,,Q6ZRS2|SRCAP_HUMAN,,,PEAKS DB,1,LASPESLEL,False,14800000.0,1.0,N
AATDITSSL,0.005,SB,,4143,AATDITSSL,14.59,877.4393,9,1.6,878.4479,57.03,,9,F9:14871,F120180713_KP_THP1_w632_P8.raw,1,,Q92508|PIEZ1_HUMAN,,,PEAKS DB,1,AATDITSSL,False,10200000.0,1.0,N
AAIESGHKL,0.005,SB,,3613,AAIESGHKL,25.17,924.5029,9,0.4,463.2589,22.13,,6,F6:3436,F120180713_KP_THP1_w632_P6.raw,2,,Q5VV67|PPRC1_HUMAN,,,PEAKS DB,2,AAIESGHKL,False,493000.0,2.0,N
ITAPPSRVL,0.005,SB,,1831,ITAPPSRVL,23.76,952.5706,9,1.6,477.2933,39.17,,9,F9:7945,F120180713_KP_THP1_w632_P8.raw,3,,O00767|ACOD_HUMAN,,,PEAKS DB,2,ITAPPSRVL,False,58500000.0,3.0,N
FSVEQITAM,0.005,SB,,4169,FSVEQITAM,29.23,1040.4849,9,0.4,521.2499,67.71,,2,F2:11198,F120180713_KP_THP1_w632_P2.raw,1,,Q92598|HS105_HUMAN,Oxidation (M),M9:Oxidation (M):1000.00,PEAKS DB,2,FSVEQITAM(+15.99),False,2450000.0,1.0,N
IAVDMTQHL,0.005,SB,,1918,IAVDMTQHL,15.81,1026.5168,9,1.4,514.2664,51.12,,10,F10:12173,F120180713_KP_THP1_w632_P9.raw,1,,O15397|IPO8_HUMAN,,,PEAKS DB,2,IAVDMTQHL,False,309000.0,1.0,N
SAAFPGASL,0.005,SB,,2860,SAAFPGASL,22.49,819.4126,9,2.2,820.4217,69.28,4250000.0,121,F121:15966,F120180713_KP_THP1_BB72_P10new.raw,1,1.0,Q15038|DAZP2_HUMAN,,,PEAKS DB,1,SAAFPGASL,False,,,N
VAYVSSVAL,0.005,SB,,4506,VAYVSSVAL,17.72,907.5015,9,0.8,454.7584,67.2,,8,F8:16257,F120180713_KP_THP1_w632_P10.raw,2,,Q9BV87|CNPD1_HUMAN,,,PEAKS DB,2,VAYVSSVAL,False,40200000.0,2.0,N
IAAVPATAM,0.005,SB,,2748,IAAVPATAM,31.98,859.4473,9,0.1,860.4547,40.08,,7,F7:9267,F120180713_KP_THP1_w632_P7.raw,2,,P49327|FAS_HUMAN,Oxidation (M),M9:Oxidation (M):1000.00,PEAKS DB,1,IAAVPATAM(+15.99),False,21600000.0,2.0,N
SAMKAVTEL,0.005,SB,,3089,SAMKAVTEL,34.15,948.495,9,1.4,475.2554,40.05,,10,F10:7827,F120180713_KP_THP1_w632_P9.raw,2,,Q04917|1433F_HUMAN,,,PEAKS DB,2,SAMKAVTEL,False,15400000.0,2.0,N
SAIAEPSSL,0.005,SB,,4697,SAIAEPSSL,20.7,873.4443,9,0.2,874.4518,50.59,,7,F7:12936,F120180713_KP_THP1_w632_P7.raw,2,,Q9NP61|ARFG3_HUMAN,,,PEAKS DB,1,SAIAEPSSL,False,76400000.0,2.0,N
VAEENTRVL,0.005,SB,,5121,VAEENTRVL,29.32,1029.5454,9,0.6,515.7803,30.76,,6,F6:6844,F120180713_KP_THP1_w632_P6.raw,1,,Q9Y5T5|UBP16_HUMAN,,,PEAKS DB,2,VAEENTRVL,False,36200000.0,1.0,N
YSNSRSPSL,0.005,SB,,2005,YSNSRSPSL,22.84,1009.4828,9,0.7,505.7491,26.65,,6,F6:5230,F120180713_KP_THP1_w632_P6.raw,1,,O60315|ZEB2_HUMAN,,,PEAKS DB,2,YSNSRSPSL,False,538000.0,1.0,N
IADPNIAKL,0.005,SB,,4578,IADPNIAKL,27.63,953.5546,9,1.1,477.7851,46.52,,10,F10:10369,F120180713_KP_THP1_w632_P9.raw,1,,Q9H0H0|INT2_HUMAN,,,PEAKS DB,2,IADPNIAKL,False,1040000.0,1.0,N
YAYAPSSL,0.005,SB,,1060,YAYAPSSL,20.58,870.4123,8,1.2,871.4207,56.66,,9,F9:14721,F120180713_KP_THP1_w632_P8.raw,1,,Q9Y5A9|YTHD2_HUMAN,,,PEAKS DB,1,YAYAPSSL,False,4940000.0,1.0,N
FATVKAAEL,0.005,SB,,4776,FATVKAAEL,23.16,948.528,9,1.1,475.2718,43.36,,10,F10:9121,F120180713_KP_THP1_w632_P9.raw,1,,Q9NVM6|DJC17_HUMAN,,,PEAKS DB,2,FATVKAAEL,False,488000.0,1.0,N
FAIPLIEKL,0.005,SB,,4720,FAIPLIEKL,29.86,1042.6426,9,0.1,522.3286,84.78,,3,F3:20295,F120180713_KP_THP1_w632_P3.raw,2,,Q9NR30|DDX21_HUMAN,,,PEAKS DB,2,FAIPLIEKL,False,7460000.0,2.0,N
VATDFFTVL,0.005,SB,,1957,VATDFFTVL,21.3,1011.5276,9,1.0,506.7716,102.15,,8,F8:24433,F120180713_KP_THP1_w632_P10.raw,4,,O43299|AP5Z1_HUMAN,,,PEAKS DB,2,VATDFFTVL,False,213000000.0,4.0,N
IAIPDASKL,0.005,SB,,1389,IAIPDASKL,18.14,926.5436,9,1.0,464.2796,56.36,,8,F8:12422,F120180713_KP_THP1_w632_P10.raw,1,,,,,PEAKS DB,2,IAIPDASKL,False,962000.0,1.0,N
SALESSPSL,0.005,SB,,1705,SALESSPSL,18.91,889.4393,9,-0.1,890.4465,50.06,,7,F7:12725,F120180713_KP_THP1_w632_P7.raw,1,,,,,PEAKS DB,1,SALESSPSL,False,2210000.0,1.0,N
SAAMPGASL,0.005,SB,,2421,SAAMPGASL,22.41,803.3847,9,0.8,804.3926,50.65,,7,F7:12959,F120180713_KP_THP1_w632_P7.raw,1,,P15291|B4GT1_HUMAN,,,PEAKS DB,1,SAAMPGASL,False,22100000.0,1.0,N
FADNQGLAL,0.005,SB,,1299,FADNQGLAL,19.39,947.4712,9,1.1,474.7434,67.68,,8,F8:16450,F120180713_KP_THP1_w632_P10.raw,1,,,,,PEAKS DB,2,FADNQGLAL,False,761000.0,1.0,N
FAVGLGPRL,0.005,SB,,2781,FAVGLGPRL,21.3,928.5494,9,0.3,465.2821,59.58,,3,F3:11619,F120180713_KP_THP1_w632_P3.raw,1,,P50416|CPT1A_HUMAN,,,PEAKS DB,2,FAVGLGPRL,False,2610000.0,1.0,N
AAADASPSL,0.005,SB,,3497,AAADASPSL,13.26,801.3868,9,0.6,802.3946,38.6,,5,F5:9335,F120180713_KP_THP1_w632_P5.raw,1,,Q3B7T1|EDRF1_HUMAN,,,PEAKS DB,1,AAADASPSL,False,4390000.0,1.0,N
KAADVGISL,0.005,SB,,4707,KAADVGISL,25.23,872.4967,9,0.1,437.2557,45.73,,10,F10:10054,F120180713_KP_THP1_w632_P9.raw,2,,Q9NQ11|AT132_HUMAN,,,PEAKS DB,2,KAADVGISL,False,2980000.0,2.0,N
VVIEPISEL,0.005,SB,,1691,VVIEPISEL,13.1,997.5695,9,1.0,998.5778,81.81,,2,F2:14562,F120180713_KP_THP1_w632_P2.raw,1,,,,,PEAKS DB,1,VVIEPISEL,False,1120000.0,1.0,N
FASTTQSHL,0.005,SB,,4560,FASTTQSHL,22.6,990.4771,9,0.6,496.2461,28.81,,6,F6:6072,F120180713_KP_THP1_w632_P6.raw,1,,Q9C0G0|ZN407_HUMAN,,,PEAKS DB,2,FASTTQSHL,False,363000.0,1.0,N
YSIGPNSKL,0.005,SB,,1647,YSIGPNSKL,17.57,977.5182,9,1.3,489.767,40.27,,9,F9:8375,F120180713_KP_THP1_w632_P8.raw,1,,,,,PEAKS DB,2,YSIGPNSKL,False,5170000.0,1.0,N
TALQHSSEL,0.005,SB,,3953,TALQHSSEL,20.09,984.4876,9,-0.2,493.251,28.47,,6,F6:5936,F120180713_KP_THP1_w632_P6.raw,1,,Q8N201|INT1_HUMAN,,,PEAKS DB,2,TALQHSSEL,False,409000.0,1.0,N
IATKPGQPL,0.005,SB,,1399,IATKPGQPL,14.11,923.544,9,-0.3,462.7791,29.36,,6,F6:6289,F120180713_KP_THP1_w632_P6.raw,1,,,,,PEAKS DB,2,IATKPGQPL,False,962000.0,1.0,N
YAASDMLQL,0.005,SB,,4116,YAASDMLQL,29.41,1026.4692,9,0.6,514.2422,64.01,,3,F3:13270,F120180713_KP_THP1_w632_P3.raw,1,,Q8WVZ9|KBTB7_HUMAN:Q86V97|KBTB6_HUMAN,Oxidation (M),M6:Oxidation (M):1000.00,PEAKS DB,2,YAASDM(+15.99)LQL,False,1030000.0,1.0,N
HADDSFLVL,0.005,SB,,3963,HADDSFLVL,28.3,1015.4974,9,0.3,508.7562,71.9,,5,F5:15638,F120180713_KP_THP1_w632_P5.raw,2,,Q8N3J5|PPM1K_HUMAN,,,PEAKS DB,2,HADDSFLVL,False,3920000.0,2.0,N
KAFSHSSAL,0.005,SB,,3097,KAFSHSSAL,27.73,946.4872,9,0.5,474.2511,23.0,,6,F6:3783,F120180713_KP_THP1_w632_P6.raw,1,,Q05481|ZNF91_HUMAN:P17020|ZNF16_HUMAN,,,PEAKS DB,2,KAFSHSSAL,False,1590000.0,1.0,N
IAADGANAL,0.005,SB,,1404,IAADGANAL,16.57,814.4185,9,0.4,815.4261,43.37,,6,F6:11304,F120180713_KP_THP1_w632_P6.raw,1,,,,,PEAKS DB,1,IAADGANAL,False,11700000.0,1.0,N
SAYAGFLAL,0.005,SB,,4473,SAYAGFLAL,15.38,911.4752,9,0.4,912.4828,91.94,,7,F7:21469,F120180713_KP_THP1_w632_P7.raw,1,,Q9BRR6|ADPGK_HUMAN,,,PEAKS DB,1,SAYAGFLAL,False,36600000.0,1.0,N
VANEPASHL,0.005,SB,,2301,VANEPASHL,30.14,936.4665,9,0.1,469.2406,26.7,,6,F6:5251,F120180713_KP_THP1_w632_P6.raw,2,,P08236|BGLR_HUMAN,,,PEAKS DB,2,VANEPASHL,False,1900000.0,2.0,N
AAVAHAQSL,0.005,SB,,3050,AAVAHAQSL,33.31,866.461,9,-0.3,434.2376,25.0,,5,F5:4764,F120180713_KP_THP1_w632_P5.raw,1,,Q02218|ODO1_HUMAN,,,PEAKS DB,2,AAVAHAQSL,False,763000.0,1.0,N
FAVHVESVL,0.005,SB,,2706,FAVHVESVL,27.31,999.5389,9,0.8,500.7771,62.4,,3,F3:12686,F120180713_KP_THP1_w632_P3.raw,1,,P46019|KPB2_HUMAN,,,PEAKS DB,2,FAVHVESVL,False,921000.0,1.0,N
FSHAQTVVL,0.005,SB,,2681,FSHAQTVVL,29.26,1000.5342,9,1.7,501.2752,41.51,,10,F10:8392,F120180713_KP_THP1_w632_P9.raw,2,,P42677|RS27_HUMAN:Q71UM5|RS27L_HUMAN,,,PEAKS DB,2,FSHAQTVVL,False,10100000.0,2.0,N
TAIGFTPEL,0.005,SB,,4014,TAIGFTPEL,24.33,947.4963,9,1.0,948.5045,80.05,,3,F3:18854,F120180713_KP_THP1_w632_P3.raw,2,,Q8NE79|POPD1_HUMAN,,,PEAKS DB,1,TAIGFTPEL,False,33200000.0,2.0,N
FAENNFTEL,0.005,SB,,2452,FAENNFTEL,27.5,1083.4873,9,1.2,542.7516,72.0,,1,F1:17920,F120180713_KP_THP1_w632_P1.raw,1,,P17947|SPI1_HUMAN,,,PEAKS DB,2,FAENNFTEL,False,7230000.0,1.0,N
VAQELPTTL,0.005,SB,,2465,VAQELPTTL,17.02,970.5335,9,0.9,486.2744,62.98,,10,F10:16736,F120180713_KP_THP1_w632_P9.raw,1,,P18583|SON_HUMAN,,,PEAKS DB,2,VAQELPTTL,False,479000.0,1.0,N
AAMPRIYEL,0.005,SB,,2297,AAMPRIYEL,30.41,1078.5481,9,0.7,540.2817,47.9,,3,F3:7782,F120180713_KP_THP1_w632_P3.raw,2,,P07954|FUMH_HUMAN,Oxidation (M),M3:Oxidation (M):1000.00,PEAKS DB,2,AAM(+15.99)PRIYEL,False,5430000.0,2.0,N
YAKDYTKAL,0.005,SB,,3780,YAKDYTKAL,39.79,1071.5601,9,-1.0,536.7867,29.16,,6,F6:6208,F120180713_KP_THP1_w632_P6.raw,2,,Q7Z392|TPC11_HUMAN,,,PEAKS DB,2,YAKDYTKAL,False,3720000.0,2.0,N
TASEPGYSL,0.005,SB,,3609,TASEPGYSL,26.08,923.4236,9,0.4,924.4313,49.18,,7,F7:12376,F120180713_KP_THP1_w632_P7.raw,1,,Q5VUA4|ZN318_HUMAN,,,PEAKS DB,1,TASEPGYSL,False,13000000.0,1.0,N
FAEGFVKAL,0.005,SB,,2441,FAEGFVKAL,26.38,980.5331,9,0.5,491.2741,62.82,,3,F3:12846,F120180713_KP_THP1_w632_P3.raw,1,,P17535|JUND_HUMAN,,,PEAKS DB,2,FAEGFVKAL,False,2000000.0,1.0,N
SSIEHLTTL,0.005,SB,,3823,SSIEHLTTL,28.46,999.5237,9,1.3,500.7697,47.38,,8,F8:8949,F120180713_KP_THP1_w632_P10.raw,1,,Q7Z6Z7|HUWE1_HUMAN,,,PEAKS DB,2,SSIEHLTTL,False,5100000.0,1.0,N
KASDPASSL,0.005,SB,,4272,KASDPASSL,20.92,874.4396,9,0.3,438.2272,26.83,,6,F6:5302,F120180713_KP_THP1_w632_P6.raw,1,,Q96D71|REPS1_HUMAN,,,PEAKS DB,2,KASDPASSL,False,808000.0,1.0,N
AAIGPAKEL,0.005,SB,,2717,AAIGPAKEL,24.48,868.5018,9,0.2,435.2582,34.51,,7,F7:7151,F120180713_KP_THP1_w632_P7.raw,2,,P46821|MAP1B_HUMAN,,,PEAKS DB,2,AAIGPAKEL,False,2600000.0,2.0,N
FVIETARQL,0.005,SB,,3369,FVIETARQL,24.42,1075.6025,9,0.8,538.809,62.0,6650000.0,121,F121:13064,F120180713_KP_THP1_BB72_P10new.raw,1,1.0,Q7Z5L9|I2BP2_HUMAN,,,PEAKS DB,2,FVIETARQL,False,,,N
TASPFFRAL,0.005,SB,,4261,TASPFFRAL,22.07,1008.5392,9,0.0,505.2769,62.25,,4,F4:11201,F120180713_KP_THP1_w632_P4.raw,1,,Q96C12|ARMC5_HUMAN,,,PEAKS DB,2,TASPFFRAL,False,2220000.0,1.0,N
TALDTVREL,0.005,SB,,1570,TALDTVREL,16.5,1016.5502,9,1.1,509.2829,52.76,,10,F10:12800,F120180713_KP_THP1_w632_P9.raw,1,,,,,PEAKS DB,2,TALDTVREL,False,356000.0,1.0,N
TAAMPPSAL,0.005,SB,,4598,TAAMPPSAL,16.02,873.4266,9,0.3,874.4341,41.86,,7,F7:9912,F120180713_KP_THP1_w632_P7.raw,1,,Q9H2K2|TNKS2_HUMAN,Oxidation (M),M4:Oxidation (M):1000.00,PEAKS DB,1,TAAM(+15.99)PPSAL,False,487000.0,1.0,N
FSQGGALSL,0.005,SB,,2170,FSQGGALSL,20.92,878.4498,9,1.9,879.4587,63.78,,8,F8:14906,F120180713_KP_THP1_w632_P10.raw,1,,O95372|LYPA2_HUMAN:O75608|LYPA1_HUMAN,,,PEAKS DB,1,FSQGGALSL,False,30000000.0,1.0,N
IANPTATLL,0.005,SB,,1394,IANPTATLL,16.04,912.528,9,1.3,913.5365,69.58,,1,F1:16968,F120180713_KP_THP1_w632_P1.raw,1,,,,,PEAKS DB,1,IANPTATLL,False,23100000.0,1.0,N
FVAHPVSSL,0.005,SB,,3556,FVAHPVSSL,18.01,955.5127,9,1.6,478.7644,40.85,,10,F10:8130,F120180713_KP_THP1_w632_P9.raw,1,,Q5SRE5|NU188_HUMAN,,,PEAKS DB,2,FVAHPVSSL,False,648000.0,1.0,N
FTADVRSVL,0.005,SB,,2175,FTADVRSVL,21.26,1006.5447,9,1.1,504.2802,59.53,,8,F8:13473,F120180713_KP_THP1_w632_P10.raw,2,,O95476|CNEP1_HUMAN,,,PEAKS DB,2,FTADVRSVL,False,5390000.0,2.0,N
HTNPNFQTL,0.005,SB,,4611,HTNPNFQTL,25.47,1070.5145,9,0.9,536.265,37.84,,9,F9:7416,F120180713_KP_THP1_w632_P8.raw,1,,Q9H2Y7|ZN106_HUMAN,,,PEAKS DB,2,HTNPNFQTL,False,709000.0,1.0,N
VALGVGSTL,0.005,SB,,1555,VALGVGSTL,17.51,815.4752,9,2.2,816.4843,64.4,,8,F8:15151,F120180713_KP_THP1_w632_P10.raw,1,,,,,PEAKS DB,1,VALGVGSTL,False,2610000.0,1.0,N
AALPVYQEL,0.005,SB,,2520,AALPVYQEL,23.25,1002.5386,9,0.9,502.277,74.5,,1,F1:18912,F120180713_KP_THP1_w632_P1.raw,1,,P26010|ITB7_HUMAN,,,PEAKS DB,2,AALPVYQEL,False,1150000.0,1.0,N
ISVQPSSSL,0.006,SB,,1357,ISVQPSSSL,18.57,916.4866,9,0.6,459.2508,50.44,,7,F7:12878,F120180713_KP_THP1_w632_P7.raw,2,,,,,PEAKS DB,2,ISVQPSSSL,False,10800000.0,2.0,N
AAVPDSVAL,0.006,SB,,3597,AAVPDSVAL,19.91,841.4545,9,1.6,842.4631,60.99,,10,F10:15936,F120180713_KP_THP1_w632_P9.raw,1,,Q5THJ4|VP13D_HUMAN,,,PEAKS DB,1,AAVPDSVAL,False,44300000.0,1.0,N
FADELSHLL,0.006,SB,,3560,FADELSHLL,23.78,1043.5287,9,-0.8,522.7712,77.51,,6,F6:18625,F120180713_KP_THP1_w632_P6.raw,1,,Q5SVZ6|ZMYM1_HUMAN,,,PEAKS DB,2,FADELSHLL,False,4040000.0,1.0,N
SANSHNIAL,0.006,SB,,3133,SANSHNIAL,26.13,925.4617,9,-0.2,463.73800000000006,30.43,,7,F7:5625,F120180713_KP_THP1_w632_P7.raw,2,,Q12769|NU160_HUMAN,,,PEAKS DB,2,SANSHNIAL,False,7820000.0,2.0,N
HASESRVAL,0.006,SB,,1375,HASESRVAL,16.93,968.5039,9,0.5,485.2595,23.24,,6,F6:3875,F120180713_KP_THP1_w632_P6.raw,1,,,,,PEAKS DB,2,HASESRVAL,False,1150000.0,1.0,N
AASPQAPTL,0.006,SB,,3136,AASPQAPTL,29.3,854.4498,9,-0.6,855.4565,45.1,,7,F7:10860,F120180713_KP_THP1_w632_P7.raw,2,,Q12772|SRBP2_HUMAN,,,PEAKS DB,1,AASPQAPTL,False,45300000.0,2.0,N
ISSSPTHSL,0.006,SB,,4175,ISSSPTHSL,28.21,927.4661,9,0.4,464.7405,26.83,,6,F6:5303,F120180713_KP_THP1_w632_P6.raw,1,,Q92608|DOCK2_HUMAN,,,PEAKS DB,2,ISSSPTHSL,False,232000.0,1.0,N
AAAVPPSSL,0.006,SB,,4010,AAAVPPSSL,16.97,811.4439,9,0.7,812.4517,46.94,,7,F7:11514,F120180713_KP_THP1_w632_P7.raw,2,,Q8NDD1|CA131_HUMAN,,,PEAKS DB,1,AAAVPPSSL,False,5920000.0,2.0,N
KAFNHSSSL,0.006,SB,,3096,KAFNHSSSL,27.5,989.493,9,0.3,495.7539,22.09,,6,F6:3421,F120180713_KP_THP1_w632_P6.raw,1,,Q05481|ZNF91_HUMAN,,,PEAKS DB,2,KAFNHSSSL,False,715000.0,1.0,N
LATDFIQSL,0.006,SB,,1469,LATDFIQSL,18.51,1006.5335,9,-0.1,504.274,90.29,,5,F5:19360,F120180713_KP_THP1_w632_P5.raw,2,,,,,PEAKS DB,2,LATDFIQSL,False,60900000.0,2.0,N
FSIDSPDSL,0.006,SB,,1479,FSIDSPDSL,18.96,979.4498,9,1.5,980.4586,75.22,,1,F1:19196,F120180713_KP_THP1_w632_P1.raw,2,,,,,PEAKS DB,1,FSIDSPDSL,False,73400000.0,2.0,N
VATGVISTL,0.006,SB,,1562,VATGVISTL,18.81,859.5015,9,1.7,860.5102,63.86,,8,F8:14939,F120180713_KP_THP1_w632_P10.raw,1,,,,,PEAKS DB,1,VATGVISTL,False,119000000.0,1.0,N
IAVANAQEL,0.006,SB,,1359,IAVANAQEL,17.3,927.5025,9,0.0,464.7585,52.38,,7,F7:13635,F120180713_KP_THP1_w632_P7.raw,2,,,,,PEAKS DB,2,IAVANAQEL,False,2430000.0,2.0,N
FSAGEPRVL,0.006,SB,,1519,FSAGEPRVL,19.2,974.5185,9,0.9,488.2669,43.35,,10,F10:9118,F120180713_KP_THP1_w632_P9.raw,1,,,,,PEAKS DB,2,FSAGEPRVL,False,868000.0,1.0,N
FTNERLTAL,0.006,SB,,3354,FTNERLTAL,27.37,1063.5662,9,1.2,532.7909999999998,45.73,,8,F8:8302,F120180713_KP_THP1_w632_P10.raw,1,,Q14BN4|SLMAP_HUMAN,,,PEAKS DB,2,FTNERLTAL,False,1960000.0,1.0,N
LATPTKSEL,0.006,SB,,3759,LATPTKSEL,20.67,958.5335,9,-0.2,480.2739,32.93,,7,F7:6557,F120180713_KP_THP1_w632_P7.raw,1,,Q7L273|KCTD9_HUMAN,,,PEAKS DB,2,LATPTKSEL,False,603000.0,1.0,N
AAVKATQTL,0.006,SB,,3680,AAVKATQTL,31.74,901.5233,9,-0.2,451.7688,26.38,,6,F6:5123,F120180713_KP_THP1_w632_P6.raw,2,,Q6PJG2|EMSA1_HUMAN,,,PEAKS DB,2,AAVKATQTL,False,4110000.0,2.0,N
LANLHITAL,0.006,SB,,1508,LANLHITAL,13.72,964.5706,9,2.7,483.2939,58.78,,3,F3:11322,F120180713_KP_THP1_w632_P3.raw,1,,,,,PEAKS DB,2,LANLHITAL,False,299000.0,1.0,N
LAVPDMSSL,0.006,SB,,2819,LAVPDMSSL,25.84,947.4634,9,1.0,948.4716,60.83,,3,F3:12096,F120180713_KP_THP1_w632_P3.raw,4,,P52292|IMA1_HUMAN,Oxidation (M),M6:Oxidation (M):1000.00,PEAKS DB,1,LAVPDM(+15.99)SSL,False,79800000.0,4.0,N
HAAHIISEL,0.006,SB,,1379,HAAHIISEL,18.62,989.5294,9,0.7,495.7723,34.3,,8,F8:4695,F120180713_KP_THP1_w632_P10.raw,1,,,,,PEAKS DB,2,HAAHIISEL,False,7200000.0,1.0,N
TAINASRAL,0.006,SB,,1568,TAINASRAL,19.72,915.5137,9,-0.1,458.7641,31.46,,7,F7:5997,F120180713_KP_THP1_w632_P7.raw,1,,,,,PEAKS DB,2,TAINASRAL,False,1470000.0,1.0,N
VTIPSGSTL,0.006,SB,,2888,VTIPSGSTL,16.8,873.4807,9,1.2,874.4889999999998,58.06,,9,F9:15283,F120180713_KP_THP1_w632_P8.raw,1,,P57764|GSDMD_HUMAN,,,PEAKS DB,1,VTIPSGSTL,False,106000000.0,1.0,N
FSAPRHGSL,0.006,SB,,2656,FSAPRHGSL,20.54,970.4984,9,-1.0,486.256,26.75,,7,F7:4333,F120180713_KP_THP1_w632_P7.raw,1,,P39023|RL3_HUMAN,,,PEAKS DB,2,FSAPRHGSL,False,308000.0,1.0,N
SATETAMTL,0.006,SB,,1766,SATETAMTL,14.18,939.4219,9,1.3,470.7188,35.61,,9,F9:6605,F120180713_KP_THP1_w632_P8.raw,1,,,Oxidation (M),M7:Oxidation (M):1000.00,PEAKS DB,2,SATETAM(+15.99)TL,False,338000.0,1.0,N
FANGRSTGL,0.006,SB,,2218,FANGRSTGL,25.42,921.4668,9,-0.1,461.7406,28.15,,6,F6:5810,F120180713_KP_THP1_w632_P6.raw,1,,O96019|ACL6A_HUMAN,,,PEAKS DB,2,FANGRSTGL,False,5070000.0,1.0,N
YSISSLKTL,0.006,SB,,4508,YSISSLKTL,18.61,1010.5648,9,0.4,506.2899,55.31,,1,F1:11693,F120180713_KP_THP1_w632_P1.raw,1,,Q9BVK2|ALG8_HUMAN,,,PEAKS DB,2,YSISSLKTL,False,351000.0,1.0,N
VSMPVFQSL,0.006,SB,,4507,VSMPVFQSL,27.71,1022.5107,9,-0.2,512.2625,68.42,,5,F5:15013,F120180713_KP_THP1_w632_P5.raw,1,,Q9BV94|EDEM2_HUMAN,Oxidation (M),M3:Oxidation (M):1000.00,PEAKS DB,2,VSM(+15.99)PVFQSL,False,2040000.0,1.0,N
RAYPDVAAL,0.006,SB,,1845,RAYPDVAAL,15.91,974.5185,9,1.2,488.2671,48.8,,8,F8:9502,F120180713_KP_THP1_w632_P10.raw,1,,O14773|TPP1_HUMAN,,,PEAKS DB,2,RAYPDVAAL,False,492000.0,1.0,N
LASPEGKTL,0.006,SB,,5057,LASPEGKTL,21.01,914.5073,9,0.6,458.2612,30.27,,6,F6:6649,F120180713_KP_THP1_w632_P6.raw,1,,Q9Y3A6|TMED5_HUMAN,,,PEAKS DB,2,LASPEGKTL,False,3040000.0,1.0,N
AAMPVAQHL,0.006,SB,,1614,AAMPVAQHL,13.26,952.48,9,0.5,477.2475,28.06,,9,F9:4260,F120180713_KP_THP1_w632_P8.raw,1,,,Oxidation (M),M3:Oxidation (M):1000.00,PEAKS DB,2,AAM(+15.99)PVAQHL,False,1970000.0,1.0,N
FSLDTSMSM,0.006,SB,,2497,FSLDTSMSM,20.62,1049.4045,9,0.2,525.7097,54.3,,3,F3:9875,F120180713_KP_THP1_w632_P3.raw,1,,P22681|CBL_HUMAN,Oxidation (M),M7:Oxidation (M):1000.00;M9:Oxidation (M):1000.00,PEAKS DB,2,FSLDTSM(+15.99)SM(+15.99),False,422000.0,1.0,N
LADDRSRSL,0.006,SB,,1093,LADDRSRSL,20.11,1031.5359,9,-0.3,516.7751,22.54,,5,F5:3816,F120180713_KP_THP1_w632_P5.raw,1,,A6NFY4|NEMP2_HUMAN,,,PEAKS DB,2,LADDRSRSL,False,2960000.0,1.0,N
VAQGGGRAL,0.006,SB,,4627,VAQGGGRAL,21.21,827.4613,9,0.5,414.7381,21.61,,5,F5:3454,F120180713_KP_THP1_w632_P5.raw,2,,Q9H3U1|UN45A_HUMAN,,,PEAKS DB,2,VAQGGGRAL,False,2060000.0,2.0,N
QAIEPRITL,0.006,SB,,4636,QAIEPRITL,21.32,1039.6025,9,0.6,520.8088,54.17,,1,F1:11258,F120180713_KP_THP1_w632_P1.raw,1,,Q9H4D0|CSTN2_HUMAN,,,PEAKS DB,2,QAIEPRITL,False,2430000.0,1.0,N
FIFSDTHEL,0.006,SB,,4594,FIFSDTHEL,18.88,1107.5237,9,0.1,554.7692,109.74,3180000.0,30,F30:21430,F120180713_KP_THP1_BB72_P3.raw,1,1.0,Q9UKK3|PARP4_HUMAN,,,PEAKS DB,2,FIFSDTHEL,False,,,N
IAMGMAQAL,0.006,SB,,5025,IAMGMAQAL,19.83,936.4409,9,0.0,469.2277,37.63,,1,F1:5336,F120180713_KP_THP1_w632_P1.raw,1,,Q9Y230|RUVB2_HUMAN,Oxidation (M),M3:Oxidation (M):1000.00;M5:Oxidation (M):1000.00,PEAKS DB,2,IAM(+15.99)GM(+15.99)AQAL,False,1470000.0,1.0,N
MALGHVIVL,0.006,SB,,4782,MALGHVIVL,19.68,951.5576,9,0.0,476.7861,67.94,,5,F5:14931,F120180713_KP_THP1_w632_P5.raw,1,,Q9NVR2|INT10_HUMAN,,,PEAKS DB,2,MALGHVIVL,False,428000.0,1.0,N
FSSDNIAVL,0.006,SB,,4984,FSSDNIAVL,21.25,964.4865,9,1.0,965.4948,74.29,,1,F1:18831,F120180713_KP_THP1_w632_P1.raw,2,,Q9UNX4|WDR3_HUMAN,,,PEAKS DB,1,FSSDNIAVL,False,12300000.0,2.0,N
AASPKSFTL,0.006,SB,,5082,AASPKSFTL,27.19,920.4967,9,1.2,461.2562,41.07,,10,F10:8216,F120180713_KP_THP1_w632_P9.raw,1,,Q9Y490|TLN1_HUMAN,,,PEAKS DB,2,AASPKSFTL,False,1530000.0,1.0,N
VAKAPSQAL,0.006,SB,,5112,VAKAPSQAL,29.57,883.5127,9,0.4,442.7638,26.26,,5,F5:5232,F120180713_KP_THP1_w632_P5.raw,1,,Q9Y5A9|YTHD2_HUMAN,,,PEAKS DB,2,VAKAPSQAL,False,834000.0,1.0,N
IAQDHRSSL,0.006,SB,,1864,IAQDHRSSL,28.46,1025.5254,9,0.3,513.7701,20.48,,5,F5:3008,F120180713_KP_THP1_w632_P5.raw,1,,O15013|ARHGA_HUMAN,,,PEAKS DB,2,IAQDHRSSL,False,8080000.0,1.0,N
MSVQPTVSL,0.006,SB,,2280,MSVQPTVSL,26.06,976.4899,9,0.4,977.4976,56.23,,8,F8:12377,F120180713_KP_THP1_w632_P10.raw,6,,P06748|NPM_HUMAN,Oxidation (M),M1:Oxidation (M):1000.00,PEAKS DB,1,M(+15.99)SVQPTVSL,False,16400000.0,6.0,N
AAYAGGLVL,0.006,SB,,1684,AAYAGGLVL,12.95,833.4647,9,0.8,834.4726,73.15,,3,F3:16267,F120180713_KP_THP1_w632_P3.raw,1,,,,,PEAKS DB,1,AAYAGGLVL,False,21500000.0,1.0,N
YSIVGLSSL,0.006,SB,,2249,YSIVGLSSL,21.58,937.512,9,0.6,938.5198,86.31,,4,F4:15778,F120180713_KP_THP1_w632_P4.raw,3,,P04844|RPN2_HUMAN,,,PEAKS DB,1,YSIVGLSSL,False,42800000.0,3.0,N
YVAQAGLEL,0.006,SB,,4937,YVAQAGLEL,20.16,962.5073,9,1.1,963.5156,67.73,,1,F1:16285,F120180713_KP_THP1_w632_P1.raw,2,,Q9UKR8|TSN16_HUMAN:Q3ZCU0|YK006_HUMAN,,,PEAKS DB,1,YVAQAGLEL,False,17600000.0,2.0,N
KAFPASAAL,0.006,SB,,4932,KAFPASAAL,24.0,874.4912,9,1.3,438.2534,39.99,,10,F10:7802,F120180713_KP_THP1_w632_P9.raw,2,,Q9UKJ3|GPTC8_HUMAN,,,PEAKS DB,2,KAFPASAAL,False,2450000.0,2.0,N
IANGDIRSL,0.007,SB,,1393,IANGDIRSL,19.07,957.5243,9,0.3,479.7696,39.18,,9,F9:7950,F120180713_KP_THP1_w632_P8.raw,1,,,,,PEAKS DB,2,IANGDIRSL,False,668000.0,1.0,N
HATAHSLVL,0.007,SB,,2829,HATAHSLVL,28.19,947.5189,9,1.1,474.7672,29.33,,10,F10:4051,F120180713_KP_THP1_w632_P9.raw,1,,P52701|MSH6_HUMAN,,,PEAKS DB,2,HATAHSLVL,False,1810000.0,1.0,N
SAHEPGGSL,0.007,SB,,4898,SAHEPGGSL,28.15,853.3929,9,0.2,427.7038,23.64,,5,F5:4244,F120180713_KP_THP1_w632_P5.raw,2,,Q9UGU0|TCF20_HUMAN,,,PEAKS DB,2,SAHEPGGSL,False,1840000.0,2.0,N
AAASAFTSL,0.007,SB,,1638,AAASAFTSL,19.41,837.4232,9,0.3,838.4308,62.24,,8,F8:14339,F120180713_KP_THP1_w632_P10.raw,1,,,,,PEAKS DB,1,AAASAFTSL,False,10300000.0,1.0,N
IAAMPLISL,0.007,SB,,2544,IAAMPLISL,22.76,943.5412,9,1.1,944.5495,82.04,,10,F10:21729,F120180713_KP_THP1_w632_P9.raw,3,,P28288|ABCD3_HUMAN,Oxidation (M),M4:Oxidation (M):1000.00,PEAKS DB,1,IAAM(+15.99)PLISL,False,6550000.0,3.0,N
FAINNSKSF,0.007,SB,,2228,FAINNSKSF,32.05,1026.5134,9,0.9,514.2645,42.51,,10,F10:8790,F120180713_KP_THP1_w632_P9.raw,1,,P01111|RASN_HUMAN,,,PEAKS DB,2,FAINNSKSF,False,11800000.0,1.0,N
FIMDRAQAL,0.007,SB,,1849,FIMDRAQAL,28.0,1063.5485,9,1.5,532.7823,53.63,,8,F8:11393,F120180713_KP_THP1_w632_P10.raw,1,,O14787|TNPO2_HUMAN,,,PEAKS DB,2,FIMDRAQAL,False,10600000.0,1.0,N
IASERAAAL,0.007,SB,,3779,IASERAAAL,29.24,900.5028,9,0.0,451.2587,28.76,,6,F6:6049,F120180713_KP_THP1_w632_P6.raw,1,,Q7Z392|TPC11_HUMAN,,,PEAKS DB,2,IASERAAAL,False,820000.0,1.0,N
AAVDTNLTL,0.007,SB,,4989,AAVDTNLTL,19.0,916.4866,9,1.9,917.4955,64.71,,8,F8:15272,F120180713_KP_THP1_w632_P10.raw,2,,Q9UP83|COG5_HUMAN,,,PEAKS DB,1,AAVDTNLTL,False,31100000.0,2.0,N
VSAPVTHQL,0.007,SB,,3476,VSAPVTHQL,25.53,950.5185,9,0.2,476.2666,32.14,,6,F6:7383,F120180713_KP_THP1_w632_P6.raw,1,,Q1MSJ5|CSPP1_HUMAN,,,PEAKS DB,2,VSAPVTHQL,False,923000.0,1.0,N
AAVPKTFQL,0.007,SB,,1976,AAVPKTFQL,28.45,973.5596,9,1.5,487.7878,51.5,,1,F1:10248,F120180713_KP_THP1_w632_P1.raw,1,,O43747|AP1G1_HUMAN,,,PEAKS DB,2,AAVPKTFQL,False,2180000.0,1.0,N
ISNSHPLSL,0.007,SB,,3320,ISNSHPLSL,31.11,966.5134,9,2.4,484.2651,39.48,,10,F10:7603,F120180713_KP_THP1_w632_P9.raw,1,,Q14653|IRF3_HUMAN,,,PEAKS DB,2,ISNSHPLSL,False,759000.0,1.0,N
MAQEQVRSL,0.007,SB,,4168,MAQEQVRSL,25.54,1076.5284,9,-0.1,539.2714,27.36,,6,F6:5508,F120180713_KP_THP1_w632_P6.raw,1,,Q92576|PHF3_HUMAN,Oxidation (M),M1:Oxidation (M):1000.00,PEAKS DB,2,M(+15.99)AQEQVRSL,False,299000.0,1.0,N
YALTAIMKL,0.007,SB,,1972,YALTAIMKL,21.31,1038.5784,9,1.2,520.2971,57.79,,9,F9:15175,F120180713_KP_THP1_w632_P8.raw,1,,O43747|AP1G1_HUMAN,Oxidation (M),M7:Oxidation (M):1000.00,PEAKS DB,2,YALTAIM(+15.99)KL,True,1820000.0,1.0,N
FVTSNTQEL,0.007,SB,,4528,FVTSNTQEL,24.44,1037.5029,9,-0.1,519.7587,49.27,,7,F7:12410,F120180713_KP_THP1_w632_P7.raw,2,,Q9BXP5|SRRT_HUMAN,,,PEAKS DB,2,FVTSNTQEL,False,8150000.0,2.0,N
SSHPNSTSL,0.007,SB,,3293,SSHPNSTSL,14.0,928.425,9,0.8,465.2202,21.99,,4,F4:3427,F120180713_KP_THP1_w632_P4.raw,1,,Q14258|TRI25_HUMAN,,,PEAKS DB,2,SSHPNSTSL,False,314000.0,1.0,N
HALSVTSEL,0.007,SB,,4087,HALSVTSEL,23.89,955.4974,9,1.2,478.7566,43.86,,10,F10:9319,F120180713_KP_THP1_w632_P9.raw,1,,Q8TF62|AT8B4_HUMAN,,,PEAKS DB,2,HALSVTSEL,False,282000.0,1.0,N
AAVETRLSL,0.007,SB,,4771,AAVETRLSL,27.05,958.5447,9,1.0,480.2801,45.24,,10,F10:9862,F120180713_KP_THP1_w632_P9.raw,1,,Q9NVF7|FBX28_HUMAN,,,PEAKS DB,2,AAVETRLSL,False,2830000.0,1.0,N
RAVAPTMSL,0.007,SB,,3257,RAVAPTMSL,37.03,960.5062,9,1.1,481.2609,30.17,,10,F10:4274,F120180713_KP_THP1_w632_P9.raw,3,,Q14135|VGLL4_HUMAN,Oxidation (M),M7:Oxidation (M):1000.00,PEAKS DB,2,RAVAPTM(+15.99)SL,False,6550000.0,3.0,N
YADERRKQL,0.007,SB,,4864,YADERRKQL,30.56,1177.6204,9,0.4,589.8177,19.58,,5,F5:2644,F120180713_KP_THP1_w632_P5.raw,2,,Q9P2E2|KIF17_HUMAN,,,PEAKS DB,2,YADERRKQL,False,8720000.0,2.0,N
AATGHTVVL,0.007,SB,,3470,AATGHTVVL,17.73,867.4814,9,0.7,434.7483,31.72,,9,F9:5378,F120180713_KP_THP1_w632_P8.raw,3,,Q16836|HCDH_HUMAN,,,PEAKS DB,2,AATGHTVVL,False,2880000.0,3.0,N
VADTVARVL,0.007,SB,,4829,VADTVARVL,27.9,942.5498,9,1.0,472.2827,43.89,,10,F10:9329,F120180713_KP_THP1_w632_P9.raw,1,,Q9NYY3|PLK2_HUMAN,,,PEAKS DB,2,VADTVARVL,False,1970000.0,1.0,N
AAAHGPHAL,0.007,SB,,4373,AAAHGPHAL,30.07,843.4351,9,0.0,422.7249,20.2,,5,F5:2893,F120180713_KP_THP1_w632_P5.raw,1,,Q96RK1|CITE4_HUMAN,,,PEAKS DB,2,AAAHGPHAL,False,726000.0,1.0,N
VADEQNRAL,0.007,SB,,4477,VADEQNRAL,25.6,1014.5094,9,-0.3,508.2618,24.32,,5,F5:4512,F120180713_KP_THP1_w632_P5.raw,1,,Q9BRZ2|TRI56_HUMAN,,,PEAKS DB,2,VADEQNRAL,False,2030000.0,1.0,N
LADHTVHVL,0.007,SB,,3672,LADHTVHVL,40.53,1003.545,9,1.4,502.7805,32.6,,10,F10:5045,F120180713_KP_THP1_w632_P9.raw,3,,Q6P4F7|RHGBA_HUMAN:Q3KRB8|RHGBB_HUMAN,,,PEAKS DB,2,LADHTVHVL,False,39700000.0,3.0,N
SSAPPLSEL,0.007,SB,,4419,SSAPPLSEL,21.27,899.46,9,0.6,900.4678,62.75,,8,F8:14522,F120180713_KP_THP1_w632_P10.raw,1,,Q99570|PI3R4_HUMAN,,,PEAKS DB,1,SSAPPLSEL,False,5640000.0,1.0,N
VAVQPGEQL,0.007,SB,,2690,VAVQPGEQL,20.02,939.5025,9,0.2,470.7586,47.13,,7,F7:11589,F120180713_KP_THP1_w632_P7.raw,1,,P42858|HD_HUMAN,,,PEAKS DB,2,VAVQPGEQL,False,1820000.0,1.0,N
FVTKPNSAL,0.007,SB,,2709,FVTKPNSAL,31.71,975.5389,9,0.2,488.7768,34.24,,7,F7:7046,F120180713_KP_THP1_w632_P7.raw,1,,P46060|RAGP1_HUMAN,,,PEAKS DB,2,FVTKPNSAL,False,6820000.0,1.0,N
TAIRSGLEL,0.008,SB,,3478,TAIRSGLEL,29.54,958.5447,9,1.6,480.2804,45.35,,8,F8:8151,F120180713_KP_THP1_w632_P10.raw,1,,Q29RF7|PDS5A_HUMAN,,,PEAKS DB,2,TAIRSGLEL,False,15700000.0,1.0,N
YALERLKVM,0.008,SB,,1981,YALERLKVM,24.84,1137.6216,9,0.9,569.8186,39.33,,1,F1:5911,F120180713_KP_THP1_w632_P1.raw,1,,O43791|SPOP_HUMAN:Q6IQ16|SPOPL_HUMAN,Oxidation (M),M9:Oxidation (M):1000.00,PEAKS DB,2,YALERLKVM(+15.99),False,755000.0,1.0,N
IAQGSYIAL,0.008,SB,,2973,IAQGSYIAL,14.3,934.5123,9,1.7,935.5212,68.02,,8,F8:16586,F120180713_KP_THP1_w632_P10.raw,1,,P69849|NOMO3_HUMAN:Q15155|NOMO1_HUMAN:Q5JPE7|NOMO2_HUMAN,,,PEAKS DB,1,IAQGSYIAL,False,23900000.0,1.0,N
HALGGSSAL,0.008,SB,,4812,HALGGSSAL,28.23,811.4188,9,0.4,812.4264,28.35,,6,F6:5892,F120180713_KP_THP1_w632_P6.raw,2,,Q9NXR7|BRE_HUMAN,,,PEAKS DB,1,HALGGSSAL,False,6450000.0,2.0,N
YAIGLVMRL,0.008,SB,,3617,YAIGLVMRL,24.64,1050.5896,9,1.6,526.3029,61.16,,10,F10:16008,F120180713_KP_THP1_w632_P9.raw,4,,Q5VWC8|HACD4_HUMAN,Oxidation (M),M7:Oxidation (M):1000.00,PEAKS DB,2,YAIGLVM(+15.99)RL,False,19900000.0,4.0,N
AAVSRIVAL,0.008,SB,,4807,AAVSRIVAL,24.71,898.5599,9,1.7,450.288,47.0,,8,F8:8802,F120180713_KP_THP1_w632_P10.raw,1,,Q9NXH8|TOR4A_HUMAN,,,PEAKS DB,2,AAVSRIVAL,False,791000.0,1.0,N
SAQGKPLAL,0.008,SB,,2707,SAQGKPLAL,30.69,883.5127,9,0.3,442.7638,33.37,,9,F9:5899,F120180713_KP_THP1_w632_P8.raw,1,,P46060|RAGP1_HUMAN,,,PEAKS DB,2,SAQGKPLAL,False,3910000.0,1.0,N
FAESLRTSL,0.008,SB,,4790,FAESLRTSL,16.13,1022.5396,9,2.5,512.2784,49.72,,8,F8:9855,F120180713_KP_THP1_w632_P10.raw,1,,Q9NVX7|KBTB4_HUMAN,,,PEAKS DB,2,FAESLRTSL,False,1030000.0,1.0,N
SAVSHFFSL,0.008,SB,,3798,SAVSHFFSL,26.84,993.4919,9,-0.8,497.7529,68.18,,6,F6:16802,F120180713_KP_THP1_w632_P6.raw,1,,Q7Z412|PEX26_HUMAN,,,PEAKS DB,2,SAVSHFFSL,False,2330000.0,1.0,N
FVTSSHLQL,0.008,SB,,1992,FVTSSHLQL,29.25,1030.5447,9,1.6,516.2805,49.16,,8,F8:9637,F120180713_KP_THP1_w632_P10.raw,2,,O60287|NPA1P_HUMAN,,,PEAKS DB,2,FVTSSHLQL,False,17900000.0,2.0,N
AASPSGSQL,0.008,SB,,4236,AASPSGSQL,28.44,816.3977,9,0.7,817.4056,29.59,,5,F5:6263,F120180713_KP_THP1_w632_P5.raw,2,,Q969X6|UTP4_HUMAN,,,PEAKS DB,1,AASPSGSQL,False,66200000.0,2.0,N
FSVESGTKM,0.008,SB,,3349,FSVESGTKM,27.01,1000.4536,9,-0.7,501.2337,27.97,,7,F7:4774,F120180713_KP_THP1_w632_P7.raw,1,,Q14966|ZN638_HUMAN,Oxidation (M),M9:Oxidation (M):1000.00,PEAKS DB,2,FSVESGTKM(+15.99),False,2690000.0,1.0,N
VAAVNSPAL,0.008,SB,,2499,VAAVNSPAL,22.68,840.4705,9,-0.5,841.4773,48.47,,7,F7:12098,F120180713_KP_THP1_w632_P7.raw,1,,P22732|GTR5_HUMAN,,,PEAKS DB,1,VAAVNSPAL,False,5660000.0,1.0,N
FIISRTQAL,0.008,SB,,4212,FIISRTQAL,28.47,1047.6077,9,2.1,524.8122,50.72,,8,F8:10248,F120180713_KP_THP1_w632_P10.raw,2,,Q92973|TNPO1_HUMAN,,,PEAKS DB,2,FIISRTQAL,False,99200000.0,2.0,N
AALPPVSPL,0.008,SB,,3077,AALPPVSPL,13.46,863.5116,9,1.6,864.5203,70.78,,8,F8:17677,F120180713_KP_THP1_w632_P10.raw,1,,Q04637|IF4G1_HUMAN,,,PEAKS DB,1,AALPPVSPL,False,1030000.0,1.0,N
AAAGPGPHL,0.008,SB,,4395,AAAGPGPHL,33.1,789.4133,9,0.5,395.7141,29.11,,6,F6:6187,F120180713_KP_THP1_w632_P6.raw,1,,Q96T25|ZIC5_HUMAN,,,PEAKS DB,2,AAAGPGPHL,False,268000.0,1.0,N
VANVAGSSL,0.008,SB,,1556,VANVAGSSL,16.85,816.4341,9,-0.1,817.4413,41.85,,6,F6:10723,F120180713_KP_THP1_w632_P6.raw,1,,,,,PEAKS DB,1,VANVAGSSL,False,6470000.0,1.0,N
VAQNSGLTL,0.008,SB,,1557,VAQNSGLTL,13.49,901.4869,9,0.8,451.7511,52.33,,9,F9:13003,F120180713_KP_THP1_w632_P8.raw,1,,,,,PEAKS DB,2,VAQNSGLTL,False,817000.0,1.0,N
FTVDKDITL,0.008,SB,,1921,FTVDKDITL,24.24,1050.5597,9,0.9,526.2876,60.86,2010000.0,28,F28:14522,F120180713_KP_THP1_BB72_P1.raw,1,1.0,P33176|KINH_HUMAN,,,PEAKS DB,2,FTVDKDITL,False,,,N
AAISTSRVL,0.008,SB,,4787,AAISTSRVL,28.93,916.5342,9,1.0,459.2748,36.16,,9,F9:6796,F120180713_KP_THP1_w632_P8.raw,1,,Q9NVU7|SDA1_HUMAN,,,PEAKS DB,2,AAISTSRVL,False,1400000.0,1.0,N
FTLGRSSSL,0.008,SB,,1342,FTLGRSSSL,16.59,966.5134,9,1.4,484.2646,44.29,,10,F10:9487,F120180713_KP_THP1_w632_P9.raw,1,,,,,PEAKS DB,2,FTLGRSSSL,False,218000.0,1.0,N
NAVSVHHAL,0.008,SB,,4822,NAVSVHHAL,30.62,946.4985,9,0.5,474.2567,23.71,,6,F6:4056,F120180713_KP_THP1_w632_P6.raw,1,,Q9NYI0|PSD3_HUMAN,,,PEAKS DB,2,NAVSVHHAL,False,924000.0,1.0,N
VATKIFQEL,0.008,SB,,4463,VATKIFQEL,34.7,1047.5964,9,0.3,524.8057,57.53,,3,F3:10918,F120180713_KP_THP1_w632_P3.raw,1,,Q9BQI3|E2AK1_HUMAN,,,PEAKS DB,2,VATKIFQEL,False,8060000.0,1.0,N
KAMEAASSL,0.008,SB,,2219,KAMEAASSL,24.41,922.4429,9,0.0,462.2288,22.69,,6,F6:3658,F120180713_KP_THP1_w632_P6.raw,2,,O96028|NSD2_HUMAN,Oxidation (M),M3:Oxidation (M):1000.00,PEAKS DB,2,KAM(+15.99)EAASSL,False,11700000.0,2.0,N
FASIPGLEF,0.008,SB,,3916,FASIPGLEF,22.06,979.5015,9,0.7,980.5095,98.69,,9,F9:24288,F120180713_KP_THP1_w632_P8.raw,1,,Q8IY34|S15A3_HUMAN,,,PEAKS DB,1,FASIPGLEF,False,9530000.0,1.0,N
FTLSHITQL,0.008,SB,,3406,FTLSHITQL,31.45,1058.576,9,0.4,530.2955,63.38,,2,F2:10101,F120180713_KP_THP1_w632_P2.raw,1,,Q15404|RSU1_HUMAN,,,PEAKS DB,2,FTLSHITQL,False,7110000.0,1.0,N
AAIVPGSQL,0.008,SB,,3187,AAIVPGSQL,21.52,854.4861,9,1.7,855.4949,58.06,,9,F9:15284,F120180713_KP_THP1_w632_P8.raw,2,,Q13261|I15RA_HUMAN,,,PEAKS DB,1,AAIVPGSQL,False,57200000.0,2.0,N
ATIPPISSL,0.008,SB,,3724,ATIPPISSL,28.78,897.5171,9,-0.1,898.5242,74.8,,3,F3:16839,F120180713_KP_THP1_w632_P3.raw,6,,Q6ZRQ5|MMS22_HUMAN,,,PEAKS DB,1,ATIPPISSL,False,46800000.0,6.0,N
NAIEGGTQL,0.008,SB,,2049,NAIEGGTQL,26.13,901.4505,9,0.1,902.4579,44.31,,7,F7:10591,F120180713_KP_THP1_w632_P7.raw,4,,O60832|DKC1_HUMAN,,,PEAKS DB,1,NAIEGGTQL,False,52800000.0,4.0,N
YVLEHNLHL,0.008,SB,,4393,YVLEHNLHL,28.39,1136.5978,9,1.4,569.3069,45.79,774000.0,28,F28:8709,F120180713_KP_THP1_BB72_P1.raw,1,1.0,Q9NVC6|MED17_HUMAN,,,PEAKS DB,2,YVLEHNLHL,False,,,N
YVADPGGSL,0.008,SB,,3987,YVADPGGSL,27.6,877.4181,9,0.6,878.4259,49.5,,7,F7:12503,F120180713_KP_THP1_w632_P7.raw,2,,Q8NAP3|ZBT38_HUMAN,,,PEAKS DB,1,YVADPGGSL,False,9980000.0,2.0,N
FVAAATKEL,0.008,SB,,3378,FVAAATKEL,26.52,948.528,9,1.7,475.2721,38.07,,9,F9:7508,F120180713_KP_THP1_w632_P8.raw,1,,Q15149|PLEC_HUMAN,,,PEAKS DB,2,FVAAATKEL,False,452000.0,1.0,N
FAHDSTRVI,0.008,SB,,3404,FAHDSTRVI,23.61,1044.5352,9,-0.7,523.2745,28.32,,7,F7:4877,F120180713_KP_THP1_w632_P7.raw,1,,Q15397|PUM3_HUMAN,,,PEAKS DB,2,FAHDSTRVI,False,1390000.0,1.0,N
TAASTSRSL,0.008,SB,,2204,TAASTSRSL,21.79,892.4614,9,-0.2,447.2379,21.57,,4,F4:3289,F120180713_KP_THP1_w632_P4.raw,1,,O95721|SNP29_HUMAN,,,PEAKS DB,2,TAASTSRSL,False,2370000.0,1.0,N
KAFSHSASL,0.008,SB,,4321,KAFSHSASL,27.75,946.4872,9,0.4,474.251,24.04,,6,F6:4188,F120180713_KP_THP1_w632_P6.raw,1,,Q96LW1|Z354B_HUMAN,,,PEAKS DB,2,KAFSHSASL,False,893000.0,1.0,N
IALEAAKAL,0.008,SB,,2849,IALEAAKAL,20.62,898.5487,9,1.3,450.2822,48.21,,8,F8:9274,F120180713_KP_THP1_w632_P10.raw,1,,P53621|COPA_HUMAN,,,PEAKS DB,2,IALEAAKAL,False,3100000.0,1.0,N
KAVNPGRSL,0.008,SB,,4840,KAVNPGRSL,25.84,940.5454,9,0.2,471.2801,21.61,,6,F6:3229,F120180713_KP_THP1_w632_P6.raw,2,,Q9NZS9|BFAR_HUMAN,,,PEAKS DB,2,KAVNPGRSL,False,61000000.0,2.0,N
LAIVPVNTL,0.008,SB,,5094,LAIVPVNTL,25.76,938.5801,9,0.4,939.5878,81.83,,2,F2:14570,F120180713_KP_THP1_w632_P2.raw,5,,Q9Y4B4|ARIP4_HUMAN,,,PEAKS DB,1,LAIVPVNTL,False,40600000.0,5.0,N
IATPVHNML,0.008,SB,,1865,IATPVHNML,14.12,1010.5219,9,0.5,506.2685,34.77,,8,F8:4811,F120180713_KP_THP1_w632_P10.raw,1,,O15013|ARHGA_HUMAN,Oxidation (M),M8:Oxidation (M):1000.00,PEAKS DB,2,IATPVHNM(+15.99)L,False,629000.0,1.0,N
SAYRSVNSL,0.008,SB,,2187,SAYRSVNSL,30.71,995.5036,9,-0.1,498.759,31.27,,7,F7:5928,F120180713_KP_THP1_w632_P7.raw,1,,O95573|ACSL3_HUMAN,,,PEAKS DB,2,SAYRSVNSL,False,2830000.0,1.0,N
LAVHIAHSL,0.008,SB,,4489,LAVHIAHSL,37.27,959.5552,9,0.5,480.7851,36.4,,10,F10:6406,F120180713_KP_THP1_w632_P9.raw,4,,Q9BTE6|AASD1_HUMAN,,,PEAKS DB,2,LAVHIAHSL,False,8700000.0,4.0,N
YGIEHALAL,0.008,SB,,2554,YGIEHALAL,28.83,985.5233,9,0.8,493.7693,60.11,,3,F3:11822,F120180713_KP_THP1_w632_P3.raw,2,,P29083|T2EA_HUMAN,,,PEAKS DB,2,YGIEHALAL,False,53800000.0,2.0,N
KAVSAIHSL,0.009,SB,,4027,KAVSAIHSL,31.74,924.5392,9,-0.4,463.2767,26.53,,7,F7:4259,F120180713_KP_THP1_w632_P7.raw,3,,Q8NF50|DOCK8_HUMAN,,,PEAKS DB,2,KAVSAIHSL,False,20000000.0,3.0,N
FVNPHVSSF,0.009,SB,,3890,FVNPHVSSF,33.22,1032.5028,9,1.2,517.2593,46.32,,10,F10:10291,F120180713_KP_THP1_w632_P9.raw,1,,Q8IV63|VRK3_HUMAN,,,PEAKS DB,2,FVNPHVSSF,False,4090000.0,1.0,N
VSAKPGPAL,0.009,SB,,2288,VSAKPGPAL,21.1,838.4912,9,0.1,420.2529,28.51,,6,F6:5954,F120180713_KP_THP1_w632_P6.raw,1,,P07686|HEXB_HUMAN,,,PEAKS DB,2,VSAKPGPAL,False,311000.0,1.0,N
FAGPHSTL,0.009,SB,,1067,FAGPHSTL,23.64,828.413,8,-0.2,415.2137,32.05,,7,F7:6229,F120180713_KP_THP1_w632_P7.raw,1,,Q9Y5X2|SNX8_HUMAN,,,PEAKS DB,2,FAGPHSTL,False,1190000.0,1.0,N
AAAAPSPVM,0.009,SB,,4517,AAAAPSPVM,23.63,829.4004,9,1.0,830.4085,30.64,,6,F6:6796,F120180713_KP_THP1_w632_P6.raw,2,,Q9BWG4|SSBP4_HUMAN,Oxidation (M),M9:Oxidation (M):1000.00,PEAKS DB,1,AAAAPSPVM(+15.99),False,2860000.0,2.0,N
KAFGQSSSL,0.009,SB,,2434,KAFGQSSSL,29.13,923.4712,9,0.2,462.74300000000005,29.38,,6,F6:6299,F120180713_KP_THP1_w632_P6.raw,2,,P17097|ZNF7_HUMAN,,,PEAKS DB,2,KAFGQSSSL,False,3000000.0,2.0,N
RAIEGLATL,0.009,SB,,1254,RAIEGLATL,14.33,942.5498,9,1.0,472.2827,50.62,,1,F1:9921,F120180713_KP_THP1_w632_P1.raw,1,,,,,PEAKS DB,2,RAIEGLATL,False,1220000.0,1.0,N
VVAPAGITL,0.009,SB,,2381,VVAPAGITL,19.99,839.5116,9,1.4,840.52,71.96,,1,F1:17901,F120180713_KP_THP1_w632_P1.raw,1,,P12268|IMDH2_HUMAN,,,PEAKS DB,1,VVAPAGITL,False,9180000.0,1.0,N
FSHHSAAAL,0.009,SB,,3062,FSHHSAAAL,24.32,939.4562,9,-0.2,470.7353,23.35,,6,F6:3922,F120180713_KP_THP1_w632_P6.raw,1,,Q03014|HHEX_HUMAN,,,PEAKS DB,2,FSHHSAAAL,False,915000.0,1.0,N
FITDHVNSL,0.009,SB,,3495,FITDHVNSL,26.88,1044.524,9,1.1,523.2699,51.82,,10,F10:12439,F120180713_KP_THP1_w632_P9.raw,1,,Q38SD2|LRRK1_HUMAN,,,PEAKS DB,2,FITDHVNSL,False,1030000.0,1.0,N
TAITRAQSL,0.009,SB,,2684,TAITRAQSL,23.97,959.54,9,0.4,480.7775,30.46,,6,F6:6722,F120180713_KP_THP1_w632_P6.raw,1,,P42694|HELZ_HUMAN,,,PEAKS DB,2,TAITRAQSL,False,1820000.0,1.0,N
HAIATVASL,0.009,SB,,3627,HAIATVASL,26.99,881.4971,9,1.4,441.7564,41.72,,10,F10:8473,F120180713_KP_THP1_w632_P9.raw,2,,Q66K14|TBC9B_HUMAN,,,PEAKS DB,2,HAIATVASL,False,7560000.0,2.0,N
SAIFNFQSL,0.009,SB,,4049,SAIFNFQSL,20.04,1025.5182,9,0.5,513.7666,92.37,,7,F7:21570,F120180713_KP_THP1_w632_P7.raw,2,,Q8TBQ9|KISHA_HUMAN,,,PEAKS DB,2,SAIFNFQSL,False,30000000.0,2.0,N
KAIDFAASL,0.009,SB,,4050,KAIDFAASL,26.78,934.5123,9,0.8,468.2638,58.04,,3,F3:11077,F120180713_KP_THP1_w632_P3.raw,2,,Q8TCF1|ZFAN1_HUMAN,,,PEAKS DB,2,KAIDFAASL,False,5360000.0,2.0,N
FATFPSSAF,0.009,SB,,3278,FATFPSSAF,30.7,973.4545,9,0.7,974.4624,81.69,,2,F2:14518,F120180713_KP_THP1_w632_P2.raw,3,,Q14203|DCTN1_HUMAN,,,PEAKS DB,1,FATFPSSAF,False,23900000.0,3.0,N
IAIPVTVAF,0.009,SB,,4077,IAIPVTVAF,17.98,929.5586,9,-0.4,930.5655,94.83,,6,F6:22052,F120180713_KP_THP1_w632_P6.raw,1,,Q8TEM1|PO210_HUMAN,,,PEAKS DB,1,IAIPVTVAF,False,39800000.0,1.0,N
KAFNHSATL,0.009,SB,,2640,KAFNHSATL,33.11,987.5137,9,0.4,494.7643,24.25,,6,F6:4273,F120180713_KP_THP1_w632_P6.raw,1,,P35789|ZNF93_HUMAN,,,PEAKS DB,2,KAFNHSATL,False,1410000.0,1.0,N
RAIELATTL,0.009,SB,,4527,RAIELATTL,23.52,986.576,9,1.0,494.2958,51.58,,1,F1:10278,F120180713_KP_THP1_w632_P1.raw,1,,Q9BXJ9|NAA15_HUMAN,,,PEAKS DB,2,RAIELATTL,False,3210000.0,1.0,N
MAANVIPVL,0.009,SB,,2848,MAANVIPVL,21.44,942.5208,9,0.1,943.5281,77.51,,4,F4:13833,F120180713_KP_THP1_w632_P4.raw,1,,P53618|COPB_HUMAN,Oxidation (M),M1:Oxidation (M):1000.00,PEAKS DB,1,M(+15.99)AANVIPVL,False,1840000.0,1.0,N
VAEPNRRVL,0.009,SB,,3393,VAEPNRRVL,27.07,1052.609,9,0.4,527.312,24.84,,6,F6:4508,F120180713_KP_THP1_w632_P6.raw,1,,Q15345|LRC41_HUMAN,,,PEAKS DB,2,VAEPNRRVL,False,86900000.0,1.0,N
FILESQHTL,0.009,SB,,3497,FILESQHTL,27.73,1086.5709,9,1.5,544.2936,53.33,14500000.0,28,F28:11566,F120180713_KP_THP1_BB72_P1.raw,1,1.0,Q8IZQ1|WDFY3_HUMAN,,,PEAKS DB,2,FILESQHTL,False,,,N
YINPRAVQL,0.009,SB,,4276,YINPRAVQL,27.75,1072.6029,9,1.6,537.3096,48.59,,8,F8:9422,F120180713_KP_THP1_w632_P10.raw,1,,Q96EK7|F120B_HUMAN,,,PEAKS DB,2,YINPRAVQL,False,4600000.0,1.0,N
FSQEPPDAL,0.009,SB,,4561,FSQEPPDAL,21.68,1002.4658,9,1.4,502.2408,55.96,,9,F9:14442,F120180713_KP_THP1_w632_P8.raw,1,,Q9GZR1|SENP6_HUMAN,,,PEAKS DB,2,FSQEPPDAL,False,9160000.0,1.0,N
MAIVGGMAL,0.009,SB,,1123,MAIVGGMAL,12.71,877.4401,9,0.9,878.4482,65.08,,2,F2:10557,F120180713_KP_THP1_w632_P2.raw,1,,,Oxidation (M),M7:Oxidation (M):36.87,PEAKS DB,1,MAIVGGM(+15.99)AL,False,2710000.0,1.0,N
MADSGTKAL,0.009,SB,,1187,MADSGTKAL,13.41,908.4273,9,0.1,455.221,21.58,,5,F5:3444,F120180713_KP_THP1_w632_P5.raw,1,,,Oxidation (M),M1:Oxidation (M):1000.00,PEAKS DB,2,M(+15.99)ADSGTKAL,False,364000.0,1.0,N
IANAVVKEL,0.009,SB,,2832,IANAVVKEL,27.92,955.5702,9,1.1,478.7929,42.39,,10,F10:8741,F120180713_KP_THP1_w632_P9.raw,1,,P52701|MSH6_HUMAN,,,PEAKS DB,2,IANAVVKEL,False,540000.0,1.0,N
YVGDPISSL,0.009,SB,,5067,YVGDPISSL,21.6,949.4756,9,-0.1,950.4828,73.02,,1,F1:18322,F120180713_KP_THP1_w632_P1.raw,1,,Q9Y3I1|FBX7_HUMAN,,,PEAKS DB,1,YVGDPISSL,False,5860000.0,1.0,N
VSILPGQTL,0.009,SB,,2552,VSILPGQTL,20.8,926.5436,9,1.4,927.5522,74.29,,1,F1:18829,F120180713_KP_THP1_w632_P1.raw,2,,P28749|RBL1_HUMAN,,,PEAKS DB,1,VSILPGQTL,False,9900000.0,2.0,N
FVIEGTANL,0.009,SB,,3744,FVIEGTANL,18.29,962.5073,9,0.8,963.5153,72.91,,3,F3:16193,F120180713_KP_THP1_w632_P3.raw,1,,Q71SY5|MED25_HUMAN,,,PEAKS DB,1,FVIEGTANL,False,7170000.0,1.0,N
MSVEVRQTL,0.009,SB,,2752,MSVEVRQTL,30.01,1061.554,9,1.5,531.785,42.41,,9,F9:9197,F120180713_KP_THP1_w632_P8.raw,1,,P49327|FAS_HUMAN,,,PEAKS DB,2,MSVEVRQTL,False,3480000.0,1.0,N
RAADPVSPL,0.009,SB,,3437,RAADPVSPL,18.0,924.5028,9,0.8,463.259,36.73,,9,F9:6999,F120180713_KP_THP1_w632_P8.raw,1,,Q15833|STXB2_HUMAN,,,PEAKS DB,2,RAADPVSPL,False,417000.0,1.0,N
SALGYLHSL,0.009,SB,,1702,SALGYLHSL,27.77,959.5076,9,0.3,480.7612,53.45,,1,F1:10982,F120180713_KP_THP1_w632_P1.raw,3,,,,,PEAKS DB,2,SALGYLHSL,True,72100000.0,3.0,N
FSIPILMQL,0.009,SB,,5049,FSIPILMQL,26.44,1076.594,9,1.1,539.3049,107.47,,10,F10:26829,F120180713_KP_THP1_w632_P9.raw,2,,Q9Y2R4|DDX52_HUMAN,Oxidation (M),M7:Oxidation (M):1000.00,PEAKS DB,2,FSIPILM(+15.99)QL,False,2920000.0,2.0,N
YPYPYPHTL,0.010,SB,,4548,YPYPYPHTL,38.62,1149.5494,9,1.5,575.7828,53.72,,8,F8:11426,F120180713_KP_THP1_w632_P10.raw,2,,Q9BZE1|RM37_HUMAN,,,PEAKS DB,2,YPYPYPHTL,False,30200000.0,2.0,N
AAYGKPVFL,0.010,SB,,2239,AAYGKPVFL,26.85,964.5381,9,-3.3,483.2748,52.5,,1,F1:10615,F120180713_KP_THP1_w632_P1.raw,1,,P04180|LCAT_HUMAN,,,PEAKS DB,2,AAYGKPVFL,False,178000.0,1.0,N
RAAERSSAL,0.010,SB,,3350,RAAERSSAL,26.96,959.5148,9,0.4,480.7648,19.36,,5,F5:2558,F120180713_KP_THP1_w632_P5.raw,2,,Q14980|NUMA1_HUMAN,,,PEAKS DB,2,RAAERSSAL,False,6910000.0,2.0,N
SASPASLLL,0.010,SB,,5160,SASPASLLL,22.87,857.4858,9,0.5,858.4935,79.3,,2,F2:13811,F120180713_KP_THP1_w632_P2.raw,1,,Q9Y6Y8|S23IP_HUMAN,,,PEAKS DB,1,SASPASLLL,False,4370000.0,1.0,N
FAAMEAAAL,0.010,SB,,1301,FAAMEAAAL,15.02,909.4266,9,0.2,455.7206,54.2,,1,F1:11267,F120180713_KP_THP1_w632_P1.raw,2,,,Oxidation (M),M4:Oxidation (M):1000.00,PEAKS DB,2,FAAM(+15.99)EAAAL,False,924000.0,2.0,N
FVDPVLNQL,0.010,SB,,2916,FVDPVLNQL,27.04,1043.5651,9,0.8,522.7902,93.87,397000.0,31,F31:17766,F120180713_KP_THP1_BB72_P4.raw,1,1.0,Q15652|JHD2C_HUMAN,,,PEAKS DB,2,FVDPVLNQL,False,,,N
MAAAALTSL,0.010,SB,,1186,MAAAALTSL,19.42,863.4423,9,0.8,864.4503,58.26,,1,F1:12833,F120180713_KP_THP1_w632_P1.raw,2,,,Oxidation (M),M1:Oxidation (M):1000.00,PEAKS DB,1,M(+15.99)AAAALTSL,False,2790000.0,2.0,N
YLYDLNHTL,0.010,SB,,4170,YLYDLNHTL,31.71,1150.5659,9,0.2,576.2903,64.22,45200000.0,29,F29:14111,F120180713_KP_THP1_BB72_P2.raw,2,2.0,Q9H1C4|UN93B_HUMAN,,,PEAKS DB,2,YLYDLNHTL,False,,,N
SAISTTLKL,0.010,SB,,3646,SAISTTLKL,24.71,932.5542,9,0.2,467.2845,51.23,,1,F1:10151,F120180713_KP_THP1_w632_P1.raw,1,,Q6J4K2|NCKX6_HUMAN,,,PEAKS DB,2,SAISTTLKL,False,353000.0,1.0,N
IATNGTPEL,0.010,SB,,3178,IATNGTPEL,20.4,914.4709,9,0.5,915.4786,49.05,,7,F7:12325,F120180713_KP_THP1_w632_P7.raw,1,,Q13153|PAK1_HUMAN,,,PEAKS DB,1,IATNGTPEL,False,98900000.0,1.0,N
HAYLSKNSL,0.010,SB,,3034,HAYLSKNSL,38.06,1031.5399,9,-0.9,516.7768,27.42,,7,F7:4572,F120180713_KP_THP1_w632_P7.raw,2,,Q01518|CAP1_HUMAN,,,PEAKS DB,2,HAYLSKNSL,False,48200000.0,2.0,N
TVIPHLMAL,0.010,SB,,1527,TVIPHLMAL,15.9,1009.563,9,-0.9,505.7884,59.84,,6,F6:15296,F120180713_KP_THP1_w632_P6.raw,1,,,Oxidation (M),M7:Oxidation (M):1000.00,PEAKS DB,2,TVIPHLM(+15.99)AL,False,912000.0,1.0,N
AAVDAGMAM,0.010,SB,,2524,AAVDAGMAM,17.69,835.3568,9,0.8,836.3647,51.63,,7,F7:13347,F120180713_KP_THP1_w632_P7.raw,2,,P26599|PTBP1_HUMAN,,,PEAKS DB,1,AAVDAGMAM,False,213000000.0,2.0,N
RAFGQSPSL,0.010,SB,,4086,RAFGQSPSL,27.81,961.4981,9,0.9,481.7567,36.38,,9,F9:6877,F120180713_KP_THP1_w632_P8.raw,1,,Q8TF47|ZFP90_HUMAN,,,PEAKS DB,2,RAFGQSPSL,False,590000.0,1.0,N
KAFSQSTSL,0.010,SB,,3964,KAFSQSTSL,18.31,967.4974,9,0.2,484.7561,30.9,,7,F7:5794,F120180713_KP_THP1_w632_P7.raw,1,,Q8N3J9|ZN664_HUMAN,,,PEAKS DB,2,KAFSQSTSL,False,557000.0,1.0,N
TAATVTSAL,0.010,SB,,1801,TAATVTSAL,16.31,833.4495,9,0.0,834.4567,46.83,,7,F7:11473,F120180713_KP_THP1_w632_P7.raw,1,,O00268|TAF4_HUMAN,,,PEAKS DB,1,TAATVTSAL,False,1550000.0,1.0,N
LAQDIFKEL,0.010,SB,,4338,LAQDIFKEL,22.86,1075.5913,9,0.4,538.8032,71.11,,5,F5:15457,F120180713_KP_THP1_w632_P5.raw,2,,Q96P70|IPO9_HUMAN,,,PEAKS DB,2,LAQDIFKEL,False,2430000.0,2.0,N
QAQEPLHSL,0.010,SB,,3938,QAQEPLHSL,13.82,1021.5192,9,0.9,511.7673,34.96,,9,F9:6384,F120180713_KP_THP1_w632_P8.raw,1,,Q8IZY2|ABCA7_HUMAN,,,PEAKS DB,2,QAQEPLHSL,False,836000.0,1.0,N
AAYYHPSYL,0.010,SB,,3329,AAYYHPSYL,31.0,1083.5026,9,-0.9,542.7581,46.5,,8,F8:8603,F120180713_KP_THP1_w632_P10.raw,2,,Q14687|GSE1_HUMAN,,,PEAKS DB,2,AAYYHPSYL,False,3050000.0,2.0,N
VADAIRTSL,0.010,SB,,1531,VADAIRTSL,14.17,944.5291,9,0.8,473.2722,41.59,,9,F9:8870,F120180713_KP_THP1_w632_P8.raw,1,,,,,PEAKS DB,2,VADAIRTSL,False,1090000.0,1.0,N
HAVFPTSSM,0.010,SB,,2632,HAVFPTSSM,29.9,975.4484,9,0.9,488.7319,41.91,,9,F9:8999,F120180713_KP_THP1_w632_P8.raw,3,,P35612|ADDB_HUMAN,,,PEAKS DB,2,HAVFPTSSM,False,5640000.0,3.0,N
FSVKAGEAL,0.011,SB,,2040,FSVKAGEAL,27.87,920.4967,9,1.0,461.2561,42.95,,10,F10:8963,F120180713_KP_THP1_w632_P9.raw,1,,O60678|ANM3_HUMAN,,,PEAKS DB,2,FSVKAGEAL,False,3440000.0,1.0,N
LAHPYFESL,0.011,SB,,2855,LAHPYFESL,22.04,1075.5338,9,1.8,538.7751,57.41,,3,F3:10871,F120180713_KP_THP1_w632_P3.raw,1,,P53778|MK12_HUMAN,,,PEAKS DB,2,LAHPYFESL,False,320000.0,1.0,N
SSAKPGPAL,0.011,SB,,4943,SSAKPGPAL,32.61,826.4548,9,0.0,414.2347,25.44,,6,F6:4746,F120180713_KP_THP1_w632_P6.raw,2,,Q9ULH7|MKL2_HUMAN,,,PEAKS DB,2,SSAKPGPAL,False,2110000.0,2.0,N
IATTIAMTL,0.011,SB,,4774,IATTIAMTL,23.16,949.5154,9,0.2,475.7651,62.76,,2,F2:9964,F120180713_KP_THP1_w632_P2.raw,1,,Q9NVH2|INT7_HUMAN,Oxidation (M),M7:Oxidation (M):1000.00,PEAKS DB,2,IATTIAM(+15.99)TL,False,440000.0,1.0,N
VATHSTLVL,0.011,SB,,4401,VATHSTLVL,20.45,939.5389,9,0.8,470.7771,40.71,,8,F8:6553,F120180713_KP_THP1_w632_P10.raw,2,,Q96T58|MINT_HUMAN,,,PEAKS DB,2,VATHSTLVL,False,7550000.0,2.0,N
FAHHNRYVL,0.011,SB,,1272,FAHHNRYVL,14.23,1155.5938,9,1.5,578.805,28.2,,10,F10:3796,F120180713_KP_THP1_w632_P9.raw,1,,,,,PEAKS DB,2,FAHHNRYVL,False,1770000.0,1.0,N
VASSRSSVL,0.011,SB,,5009,VASSRSSVL,15.87,904.4978,9,-0.3,453.256,26.05,,6,F6:4990,F120180713_KP_THP1_w632_P6.raw,1,,Q9UPY3|DICER_HUMAN,,,PEAKS DB,2,VASSRSSVL,False,550000.0,1.0,N
AALDKATVL,0.011,SB,,3517,AALDKATVL,34.71,900.528,9,0.3,451.2714,41.91,,9,F9:9000,F120180713_KP_THP1_w632_P8.raw,2,,Q53EL6|PDCD4_HUMAN,,,PEAKS DB,2,AALDKATVL,False,10200000.0,2.0,N
FARPGDVEF,0.011,SB,,3417,FARPGDVEF,21.16,1036.4978,9,0.8,519.2566,52.63,,8,F8:11002,F120180713_KP_THP1_w632_P10.raw,1,,Q15642|CIP4_HUMAN,,,PEAKS DB,2,FARPGDVEF,False,12700000.0,1.0,N
FANNPREL,0.011,SB,,978,FANNPREL,24.35,959.4824,8,-0.1,480.7484,32.09,,7,F7:6247,F120180713_KP_THP1_w632_P7.raw,1,,Q9H270|VPS11_HUMAN,,,PEAKS DB,2,FANNPREL,False,1920000.0,1.0,N
VADPVYRTF,0.012,SB,,4626,VADPVYRTF,29.39,1066.5447,9,0.9,534.2801,47.68,,10,F10:10824,F120180713_KP_THP1_w632_P9.raw,1,,Q9H3R0|KDM4C_HUMAN,,,PEAKS DB,2,VADPVYRTF,False,3090000.0,1.0,N
YAVHEGLGL,0.012,SB,,4659,YAVHEGLGL,29.33,957.4919,9,1.3,479.7539,47.77,,8,F8:9102,F120180713_KP_THP1_w632_P10.raw,2,,Q9H9Y6|RPA2_HUMAN,,,PEAKS DB,2,YAVHEGLGL,False,19200000.0,2.0,N
LAFPGEMLL,0.012,SB,,2695,LAFPGEMLL,21.44,1005.5204,9,1.1,503.768,92.53,,3,F3:22023,F120180713_KP_THP1_w632_P3.raw,3,,P43007|SATT_HUMAN,Oxidation (M),M7:Oxidation (M):1000.00,PEAKS DB,2,LAFPGEM(+15.99)LL,False,9890000.0,3.0,N
AAINPNHPL,0.012,SB,,3942,AAINPNHPL,33.59,945.5032,9,-0.2,473.7588,34.43,,7,F7:7120,F120180713_KP_THP1_w632_P7.raw,1,,Q8N122|RPTOR_HUMAN,,,PEAKS DB,2,AAINPNHPL,False,3980000.0,1.0,N
KAFPYSSHL,0.012,SB,,3315,KAFPYSSHL,23.5,1048.5342,9,1.5,525.2751,33.9,,10,F10:5505,F120180713_KP_THP1_w632_P9.raw,1,,Q14586|ZN267_HUMAN,,,PEAKS DB,2,KAFPYSSHL,False,817000.0,1.0,N
AASLPGSEL,0.012,SB,,1866,AASLPGSEL,18.73,843.4338,9,0.9,844.4418,54.92,,9,F9:14027,F120180713_KP_THP1_w632_P8.raw,1,,O15027|SC16A_HUMAN,,,PEAKS DB,1,AASLPGSEL,False,16700000.0,1.0,N
TAVQVQSSL,0.012,SB,,4818,TAVQVQSSL,22.85,931.4974,9,-0.1,466.756,45.99,,7,F7:11155,F120180713_KP_THP1_w632_P7.raw,1,,Q9NYF5|FA13B_HUMAN,,,PEAKS DB,2,TAVQVQSSL,False,176000.0,1.0,N
AAAPAGTTF,0.012,SB,,4583,AAAPAGTTF,31.12,805.3969999999998,9,0.4,806.4046,42.16,,6,F6:10843,F120180713_KP_THP1_w632_P6.raw,1,,Q9H0Z9|RBM38_HUMAN,,,PEAKS DB,1,AAAPAGTTF,False,15600000.0,1.0,N
LAEGSPRSL,0.012,SB,,3855,LAEGSPRSL,27.22,928.4977,9,0.1,465.2562,29.48,,6,F6:6338,F120180713_KP_THP1_w632_P6.raw,1,,Q86VK4|ZN410_HUMAN,,,PEAKS DB,2,LAEGSPRSL,False,2190000.0,1.0,N
FIKDSSVEL,0.012,SB,,1158,FIKDSSVEL,15.82,1036.5441,9,1.0,519.2798,47.26,,10,F10:10660,F120180713_KP_THP1_w632_P9.raw,1,,,,,PEAKS DB,2,FIKDSSVEL,False,1540000.0,1.0,N
LAAASSPAL,0.012,SB,,4249,LAAASSPAL,27.98,799.4439,9,0.4,800.4515,45.98,,7,F7:11149,F120180713_KP_THP1_w632_P7.raw,1,,Q96BI1|S22AI_HUMAN,,,PEAKS DB,1,LAAASSPAL,False,1580000.0,1.0,N
AANPIQFTL,0.012,SB,,2507,AANPIQFTL,25.74,973.5233,9,0.0,487.7689,82.9,,4,F4:14843,F120180713_KP_THP1_w632_P4.raw,2,,P23921|RIR1_HUMAN,,,PEAKS DB,2,AANPIQFTL,False,2550000.0,2.0,N
AAVNHISQL,0.012,SB,,3571,AAVNHISQL,26.22,951.5138,9,0.0,476.7642,34.16,,7,F7:7020,F120180713_KP_THP1_w632_P7.raw,2,,Q5T2E6|CJ076_HUMAN,,,PEAKS DB,2,AAVNHISQL,False,10000000.0,2.0,N
VAYMNPIAM,0.013,SB,,3541,VAYMNPIAM,22.85,1040.467,9,0.7,521.2411,50.94,,1,F1:10045,F120180713_KP_THP1_w632_P1.raw,2,,Q5BKY9|F133B_HUMAN:Q8N9E0|F133A_HUMAN,Oxidation (M),M4:Oxidation (M):1000.00;M9:Oxidation (M):1000.00,PEAKS DB,2,VAYM(+15.99)NPIAM(+15.99),False,1550000.0,2.0,N
TAVSQPAAL,0.013,SB,,3907,TAVSQPAAL,22.44,856.4654,9,0.3,857.4730000000002,43.0,,6,F6:11155,F120180713_KP_THP1_w632_P6.raw,1,,Q8IX12|CCAR1_HUMAN,,,PEAKS DB,1,TAVSQPAAL,False,16600000.0,1.0,N
FSDLTMHEL,0.013,SB,,1796,FSDLTMHEL,25.87,1107.4906,9,0.3,554.7527,46.98,,1,F1:8607,F120180713_KP_THP1_w632_P1.raw,1,,O00267|SPT5H_HUMAN,Oxidation (M),M6:Oxidation (M):1000.00,PEAKS DB,2,FSDLTM(+15.99)HEL,False,2110000.0,1.0,N
FVTDTAKAL,0.013,SB,,4149,FVTDTAKAL,27.75,964.5229,9,0.7,483.2691,42.31,,9,F9:9159,F120180713_KP_THP1_w632_P8.raw,1,,Q92542|NICA_HUMAN,,,PEAKS DB,2,FVTDTAKAL,False,9170000.0,1.0,N
SAVVAQHSL,0.013,SB,,4747,SAVVAQHSL,25.85,910.4872,9,-0.3,456.2507,28.89,,6,F6:6102,F120180713_KP_THP1_w632_P6.raw,2,,Q9NTX7|RN146_HUMAN,,,PEAKS DB,2,SAVVAQHSL,False,3590000.0,2.0,N
IATLAITTL,0.013,SB,,5139,IATLAITTL,24.52,915.5641,9,0.4,916.5717,83.37,,4,F4:14954,F120180713_KP_THP1_w632_P4.raw,1,,Q9Y678|COPG1_HUMAN:Q9UBF2|COPG2_HUMAN,,,PEAKS DB,1,IATLAITTL,False,12400000.0,1.0,N
LAVDLAHHL,0.013,SB,,4605,LAVDLAHHL,23.21,987.5502,9,2.6,494.7836,44.31,,8,F8:7751,F120180713_KP_THP1_w632_P10.raw,1,,Q9H2M9|RBGPR_HUMAN,,,PEAKS DB,2,LAVDLAHHL,False,163000.0,1.0,N
YANAKIYKL,0.013,SB,,2667,YANAKIYKL,29.05,1082.6124,9,1.6,542.3143,32.39,,10,F10:4983,F120180713_KP_THP1_w632_P9.raw,1,,P41091|IF2G_HUMAN,,,PEAKS DB,2,YANAKIYKL,False,1210000.0,1.0,N
AATAVTQAL,0.013,SB,,5081,AATAVTQAL,25.43,844.4654,9,0.4,845.4730000000002,46.33,,7,F7:11280,F120180713_KP_THP1_w632_P7.raw,2,,Q9Y490|TLN1_HUMAN,,,PEAKS DB,1,AATAVTQAL,False,16600000.0,2.0,N
FAVEPQGPAL,0.014,SB,,5577,FAVEPQGPAL,25.0,1027.5338,10,0.8,514.7746,68.47,,8,F8:16763,F120180713_KP_THP1_w632_P10.raw,1,,Q8NFH5|NUP53_HUMAN,,,PEAKS DB,2,FAVEPQGPAL,False,141000.0,1.0,N
YVQDRIRAL,0.014,SB,,4881,YVQDRIRAL,30.61,1132.6353,9,1.1,567.3255,34.32,,10,F10:5651,F120180713_KP_THP1_w632_P9.raw,1,,Q9UBP6|TRMB_HUMAN,,,PEAKS DB,2,YVQDRIRAL,False,5260000.0,1.0,N
FATYPSGHL,0.014,SB,,4137,FATYPSGHL,24.19,991.4763,9,-0.2,496.7453,43.56,,9,F9:9641,F120180713_KP_THP1_w632_P8.raw,1,,Q92482|AQP3_HUMAN,,,PEAKS DB,2,FATYPSGHL,False,158000.0,1.0,N
SAVSQSKEL,0.014,SB,,2387,SAVSQSKEL,25.75,947.4924,9,0.4,474.7536,23.99,,5,F5:4379,F120180713_KP_THP1_w632_P5.raw,1,,P12757|SKIL_HUMAN,,,PEAKS DB,2,SAVSQSKEL,False,1220000.0,1.0,N
KSIPVTQEL,0.014,SB,,3317,KSIPVTQEL,33.4,1013.5757,9,1.2,507.7957,39.05,,9,F9:7899,F120180713_KP_THP1_w632_P8.raw,1,,Q14643|ITPR1_HUMAN,,,PEAKS DB,2,KSIPVTQEL,False,1960000.0,1.0,N
VVYPKPEQL,0.014,SB,,2883,VVYPKPEQL,27.27,1071.5964,9,0.1,536.8055,43.56,,9,F9:9645,F120180713_KP_THP1_w632_P8.raw,1,,P56557|TM50B_HUMAN,,,PEAKS DB,2,VVYPKPEQL,False,1130000.0,1.0,N
HAASTVQIL,0.014,SB,,5053,HAASTVQIL,15.68,938.5185,9,1.3,470.2672,39.62,,10,F10:7659,F120180713_KP_THP1_w632_P9.raw,1,,Q9Y2X3|NOP58_HUMAN,,,PEAKS DB,2,HAASTVQIL,False,252000.0,1.0,N
KATPQVPVL,0.014,SB,,4483,KATPQVPVL,25.98,951.5753,9,0.2,476.795,45.01,,10,F10:9770,F120180713_KP_THP1_w632_P9.raw,1,,Q9BSJ2|GCP2_HUMAN,,,PEAKS DB,2,KATPQVPVL,False,2760000.0,1.0,N
SSVPRTAEL,0.015,SB,,4455,SSVPRTAEL,28.66,958.5083,9,0.2,480.2615,32.07,,6,F6:7358,F120180713_KP_THP1_w632_P6.raw,1,,Q99836|MYD88_HUMAN,,,PEAKS DB,2,SSVPRTAEL,False,563000.0,1.0,N
SAIGPFSGL,0.015,SB,,3225,SAIGPFSGL,22.76,847.4439,9,0.3,848.4514,81.91,,4,F4:14629,F120180713_KP_THP1_w632_P4.raw,1,,Q13601|KRR1_HUMAN,,,PEAKS DB,1,SAIGPFSGL,False,8430000.0,1.0,N
AAMKNVTEL,0.015,SB,,2916,AAMKNVTEL,32.22,975.5059,9,1.2,488.7608,36.19,,9,F9:6805,F120180713_KP_THP1_w632_P8.raw,1,,P61981|1433G_HUMAN,,,PEAKS DB,2,AAMKNVTEL,False,1690000.0,1.0,N
LSTPYIHSL,0.015,SB,,4860,LSTPYIHSL,21.62,1029.5494,9,0.2,515.7821,54.29,,1,F1:11301,F120180713_KP_THP1_w632_P1.raw,1,,Q9P2D3|HTR5B_HUMAN,,,PEAKS DB,2,LSTPYIHSL,False,604000.0,1.0,N
MAHADPTEL,0.015,SB,,4484,MAHADPTEL,21.69,999.4331,9,-0.6,500.7235,29.74,,7,F7:5354,F120180713_KP_THP1_w632_P7.raw,1,,Q9BSJ2|GCP2_HUMAN,Oxidation (M),M1:Oxidation (M):1000.00,PEAKS DB,2,M(+15.99)AHADPTEL,False,1150000.0,1.0,N
VAILRHPTL,0.015,SB,,1989,VAILRHPTL,23.98,1018.6287,9,0.4,510.3218,36.98,,8,F8:5463,F120180713_KP_THP1_w632_P10.raw,1,,O60287|NPA1P_HUMAN,,,PEAKS DB,2,VAILRHPTL,False,1250000.0,1.0,N
FAVPESDHL,0.015,SB,,4181,FAVPESDHL,28.65,1013.4818,9,1.1,507.7487,51.11,,10,F10:12169,F120180713_KP_THP1_w632_P9.raw,1,,Q92620|PRP16_HUMAN,,,PEAKS DB,2,FAVPESDHL,False,4080000.0,1.0,N
YVHELSLEM,0.016,SB,,1641,YVHELSLEM,15.63,1135.522,9,-0.2,568.7681,45.29,,3,F3:7001,F120180713_KP_THP1_w632_P3.raw,1,,,Oxidation (M),M9:Oxidation (M):1000.00,PEAKS DB,2,YVHELSLEM(+15.99),False,242000.0,1.0,N
IADLVSKEL,0.016,SB,,2456,IADLVSKEL,25.0,986.5648,9,2.1,494.2907,52.51,,8,F8:10954,F120180713_KP_THP1_w632_P10.raw,1,,P18074|ERCC2_HUMAN,,,PEAKS DB,2,IADLVSKEL,False,5090000.0,1.0,N
AAYDRYLKL,0.016,SB,,2030,AAYDRYLKL,25.36,1111.6025,9,0.3,556.8087,49.89,,1,F1:9648,F120180713_KP_THP1_w632_P1.raw,1,,O60508|PRP17_HUMAN,,,PEAKS DB,2,AAYDRYLKL,False,3390000.0,1.0,N
SSVEVHPVL,0.016,SB,,3827,SSVEVHPVL,14.02,965.5182,9,1.2,483.7669,43.21,,10,F10:9065,F120180713_KP_THP1_w632_P9.raw,1,,Q7Z739|YTHD3_HUMAN,,,PEAKS DB,2,SSVEVHPVL,False,562000.0,1.0,N
YPYPHTLYL,0.016,SB,,4547,YPYPHTLYL,15.18,1165.5808,9,1.3,583.7985,63.66,,2,F2:10168,F120180713_KP_THP1_w632_P2.raw,1,,Q9BZE1|RM37_HUMAN,,,PEAKS DB,2,YPYPHTLYL,False,718000.0,1.0,N
SAEQHQRTL,0.016,SB,,3898,SAEQHQRTL,32.81,1068.5312,9,0.0,535.2729,19.37,,4,F4:2512,F120180713_KP_THP1_w632_P4.raw,2,,Q8IWJ2|GCC2_HUMAN,,,PEAKS DB,2,SAEQHQRTL,False,1340000.0,2.0,N
LIVEPSREL,0.016,SB,,4138,LIVEPSREL,25.0,1054.6022,9,2.2,528.3095,47.74,,10,F10:10849,F120180713_KP_THP1_w632_P9.raw,2,,Q92499|DDX1_HUMAN,,,PEAKS DB,2,LIVEPSREL,False,79200000.0,2.0,N
SALPHVHTV,0.016,SB,,1013,SALPHVHTV,27.88,959.5189,9,0.2,480.7668,46.71,976000.0,44,F44:8314,F120180713_KP_THP1_BB72_P7.raw,1,1.0,O14773|TPP1_HUMAN,,,PEAKS DB,2,SALPHVHTV,False,,,N
FIDGHFVEM,0.016,SB,,4187,FIDGHFVEM,30.12,1109.4851,9,0.4,555.7501,51.54,,3,F3:8971,F120180713_KP_THP1_w632_P3.raw,2,,Q92628|K0232_HUMAN,Oxidation (M),M9:Oxidation (M):1000.00,PEAKS DB,2,FIDGHFVEM(+15.99),False,10100000.0,2.0,N
IAVPEARFL,0.016,SB,,2135,IAVPEARFL,24.21,1014.5862,9,0.9,508.3008,64.34,,2,F2:10351,F120180713_KP_THP1_w632_P2.raw,1,,O94953|KDM4B_HUMAN,,,PEAKS DB,2,IAVPEARFL,False,346000.0,1.0,N
QAIKNGQAL,0.016,SB,,4993,QAIKNGQAL,24.89,941.5294,9,-0.1,471.7719,24.57,,5,F5:4606,F120180713_KP_THP1_w632_P5.raw,2,,Q9UPN3|MACF1_HUMAN,,,PEAKS DB,2,QAIKNGQAL,False,5200000.0,2.0,N
MVIVPTREL,0.016,SB,,2521,MVIVPTREL,16.55,1056.6001,9,0.6,529.3076,54.53,,1,F1:11394,F120180713_KP_THP1_w632_P1.raw,1,,P26196|DDX6_HUMAN,,,PEAKS DB,2,MVIVPTREL,False,2680000.0,1.0,N
TAAAATLSL,0.016,SB,,3879,TAAAATLSL,19.86,817.4545,9,2.4,818.4638,59.41,,10,F10:15310,F120180713_KP_THP1_w632_P9.raw,3,,Q86Z02|HIPK1_HUMAN,,,PEAKS DB,1,TAAAATLSL,False,24200000.0,3.0,N
KAIRPYHAL,0.016,SB,,3163,KAIRPYHAL,24.68,1067.6239,9,-0.3,534.8191,24.0,,7,F7:3409,F120180713_KP_THP1_w632_P7.raw,1,,Q12980|NPRL3_HUMAN,,,PEAKS DB,2,KAIRPYHAL,False,1510000.0,1.0,N
VADPYVVIM,0.016,SB,,3128,VADPYVVIM,24.49,1021.5154,9,0.5,1022.5232,68.44,,2,F2:11376,F120180713_KP_THP1_w632_P2.raw,2,,Q10570|CPSF1_HUMAN,Oxidation (M),M9:Oxidation (M):1000.00,PEAKS DB,1,VADPYVVIM(+15.99),False,13400000.0,2.0,N
QAISAIQAL,0.016,SB,,1234,QAISAIQAL,18.26,913.5233,9,1.6,457.7697,67.36,,8,F8:16319,F120180713_KP_THP1_w632_P10.raw,1,,,,,PEAKS DB,2,QAISAIQAL,False,1020000.0,1.0,N
LADPENRQL,0.017,SB,,2720,LADPENRQL,16.07,1054.5406,9,1.0,528.2781,40.2,695000.0,43,F43:6503,F120180713_KP_THP1_BB72_P6.raw,1,1.0,Q13884|SNTB1_HUMAN,,,PEAKS DB,2,LADPENRQL,False,,,N
YIVEAGASL,0.017,SB,,3224,YIVEAGASL,24.07,921.4807,9,1.3,922.4892,63.32,,8,F8:14730,F120180713_KP_THP1_w632_P10.raw,2,,Q13574|DGKZ_HUMAN,,,PEAKS DB,1,YIVEAGASL,False,29600000.0,2.0,N
LSADPKLSL,0.017,SB,,1165,LSADPKLSL,13.53,942.5386,9,1.3,472.2772,51.09,,8,F8:10394,F120180713_KP_THP1_w632_P10.raw,1,,,,,PEAKS DB,2,LSADPKLSL,False,159000.0,1.0,N
SALGVGLAL,0.017,SB,,3431,SALGVGLAL,22.71,799.4803,9,1.1,800.4885,82.23,,2,F2:14717,F120180713_KP_THP1_w632_P2.raw,2,,Q15758|AAAT_HUMAN,,,PEAKS DB,1,SALGVGLAL,False,51800000.0,2.0,N
KAFNRSSTL,0.017,SB,,3921,KAFNRSSTL,15.71,1022.5508,9,0.0,512.2827,23.14,,6,F6:3838,F120180713_KP_THP1_w632_P6.raw,1,,Q8IYN0|ZN100_HUMAN,,,PEAKS DB,2,KAFNRSSTL,False,716000.0,1.0,N
KAIPAYSHL,0.017,SB,,3309,KAIPAYSHL,25.74,998.5549,9,1.0,500.2852,30.03,,9,F9:4833,F120180713_KP_THP1_w632_P8.raw,1,,Q14517|FAT1_HUMAN,,,PEAKS DB,2,KAIPAYSHL,False,3200000.0,1.0,N
FVFPGELLL,0.017,SB,,3430,FVFPGELLL,17.0,1033.5847,9,0.0,1034.592,110.75,,9,F9:26390,F120180713_KP_THP1_w632_P8.raw,2,,Q15758|AAAT_HUMAN,,,PEAKS DB,1,FVFPGELLL,False,75200000.0,2.0,N
YAVGYMLRL,0.017,SB,,2643,YAVGYMLRL,23.67,1084.5739999999996,9,-0.9,543.2938,70.79,,6,F6:17251,F120180713_KP_THP1_w632_P6.raw,1,,P36222|CH3L1_HUMAN,,,PEAKS DB,2,YAVGYMLRL,False,8370000.0,1.0,N
KAFSQSSTL,0.017,SB,,3098,KAFSQSSTL,27.42,967.4974,9,0.4,484.7562,29.48,,6,F6:6337,F120180713_KP_THP1_w632_P6.raw,0,,Q05481|ZNF91_HUMAN:P17097|ZNF7_HUMAN:Q9H8G1|ZN430_HUMAN,,,PEAKS DB,2,KAFSQSSTL,False,0.0,0.0,N
FVMETFVHL,0.017,SB,,4509,FVMETFVHL,31.65,1137.5529,9,1.4,569.7845,66.27,,10,F10:18012,F120180713_KP_THP1_w632_P9.raw,1,,Q9BVK8|TM147_HUMAN,Oxidation (M),M3:Oxidation (M):1000.00,PEAKS DB,2,FVM(+15.99)ETFVHL,False,4250000.0,1.0,N
FAIPMIHAV,0.017,SB,,4562,FAIPMIHAV,15.8,997.5419,9,-0.7,499.7779,73.88,,6,F6:17929,F120180713_KP_THP1_w632_P6.raw,1,,Q9GZR7|DDX24_HUMAN,,,PEAKS DB,2,FAIPMIHAV,False,232000.0,1.0,N
LAAEPLSKM,0.017,SB,,3996,LAAEPLSKM,20.1,974.5106,9,1.9,488.2635,29.75,,10,F10:4152,F120180713_KP_THP1_w632_P9.raw,1,,Q8NBJ5|GT251_HUMAN,Oxidation (M),M9:Oxidation (M):1000.00,PEAKS DB,2,LAAEPLSKM(+15.99),False,186000.0,1.0,N
AAVRHVLAL,0.017,SB,,4494,AAVRHVLAL,15.02,948.5869,9,0.2,475.3008,33.69,,8,F8:4523,F120180713_KP_THP1_w632_P10.raw,1,,Q9BTY7|HGH1_HUMAN,,,PEAKS DB,2,AAVRHVLAL,False,717000.0,1.0,N
FAAEPGNNEL,0.017,SB,,5729,FAAEPGNNEL,19.61,1060.4825,10,-0.5,531.2483,51.46,,7,F7:13278,F120180713_KP_THP1_w632_P7.raw,1,,Q9Y5X1|SNX9_HUMAN,,,PEAKS DB,2,FAAEPGNNEL,False,4340000.0,1.0,N
KAIEVLLTL,0.017,SB,,1336,KAIEVLLTL,17.83,998.6376,9,0.7,500.3264,74.47,,9,F9:19645,F120180713_KP_THP1_w632_P8.raw,1,,,,,PEAKS DB,2,KAIEVLLTL,False,6320000.0,1.0,N
KAFSNSSTL,0.017,SB,,3094,KAFSNSSTL,25.47,953.4818,9,-0.3,477.7480000000001,28.43,,6,F6:5921,F120180713_KP_THP1_w632_P6.raw,1,,Q05481|ZNF91_HUMAN,,,PEAKS DB,2,KAFSNSSTL,False,4320000.0,1.0,N
AASEAGRAM,0.017,SB,,1612,AASEAGRAM,17.82,862.3967,9,-0.2,432.2055,20.32,,4,F4:2872,F120180713_KP_THP1_w632_P4.raw,1,,,,,PEAKS DB,2,AASEAGRAM,False,249000.0,1.0,N
VAVQHFSLL,0.017,SB,,4232,VAVQHFSLL,26.83,1012.5706,9,0.3,507.2927,62.18,,2,F2:9787,F120180713_KP_THP1_w632_P2.raw,1,,Q969V3|NCLN_HUMAN,,,PEAKS DB,2,VAVQHFSLL,False,1670000.0,1.0,N
IAASRSAVM,0.017,SB,,4630,IAASRSAVM,23.22,920.4749,9,0.3,461.2449,21.5,,6,F6:3184,F120180713_KP_THP1_w632_P6.raw,1,,Q9H425|CA198_HUMAN,Oxidation (M),M9:Oxidation (M):1000.00,PEAKS DB,2,IAASRSAVM(+15.99),False,1820000.0,1.0,N
ISNPPGSNL,0.017,SB,,4634,ISNPPGSNL,21.69,897.4556,9,-0.2,449.735,40.44,,6,F6:10186,F120180713_KP_THP1_w632_P6.raw,1,,Q9H4A3|WNK1_HUMAN,,,PEAKS DB,2,ISNPPGSNL,False,807000.0,1.0,N
KAFSQSSSL,0.017,SB,,2436,KAFSQSSSL,28.58,953.4818,9,0.0,477.7482,28.72,,6,F6:6035,F120180713_KP_THP1_w632_P6.raw,1,,P17097|ZNF7_HUMAN:Q8TF47|ZFP90_HUMAN:P17020|ZNF16_HUMAN:Q15937|ZNF79_HUMAN:Q8N3J9|ZN664_HUMAN,,,PEAKS DB,2,KAFSQSSSL,False,4320000.0,1.0,N
LSSPPTESL,0.017,SB,,1868,LSSPPTESL,27.22,929.4706,9,0.1,930.478,49.55,,7,F7:12526,F120180713_KP_THP1_w632_P7.raw,2,,O15027|SC16A_HUMAN,,,PEAKS DB,1,LSSPPTESL,False,19600000.0,2.0,N
FSHNSSLIL,0.018,SB,,1484,FSHNSSLIL,19.87,1016.5291,9,0.2,509.2719,48.87,,1,F1:9305,F120180713_KP_THP1_w632_P1.raw,1,,,,,PEAKS DB,2,FSHNSSLIL,False,1810000.0,1.0,N
YAYDGKDYLAL,0.018,SB,,5762,YAYDGKDYLAL,39.0,1290.6132,11,1.3,646.3147,64.02,,1,F1:14988,F120180713_KP_THP1_w632_P1.raw,2,,,,,PEAKS DB,2,YAYDGKDYLAL,True,112000000.0,2.0,N
LAADAGTFL,0.018,SB,,1520,LAADAGTFL,13.09,877.4545,9,2.0,878.4635,73.48,,1,F1:18505,F120180713_KP_THP1_w632_P1.raw,1,,,,,PEAKS DB,1,LAADAGTFL,False,1870000.0,1.0,N
SAQDGTRPL,0.018,SB,,3712,SAQDGTRPL,14.46,943.4723,9,-1.1,472.7429,23.74,,5,F5:4283,F120180713_KP_THP1_w632_P5.raw,0,,Q6W2J9|BCOR_HUMAN,,,PEAKS DB,2,SAQDGTRPL,False,0.0,0.0,N
LTVEPGASL,0.018,SB,,3656,LTVEPGASL,16.28,885.4807,9,1.8,886.4896,59.81,,10,F10:15465,F120180713_KP_THP1_w632_P9.raw,1,,Q6NUS6|TECT3_HUMAN,,,PEAKS DB,1,LTVEPGASL,False,15300000.0,1.0,N
VASEIMAVL,0.018,SB,,3700,VASEIMAVL,13.86,947.4998,9,-0.3,474.757,68.35,,4,F4:12268,F120180713_KP_THP1_w632_P4.raw,1,,Q6UB35|C1TM_HUMAN,Oxidation (M),M6:Oxidation (M):1000.00,PEAKS DB,2,VASEIM(+15.99)AVL,False,390000.0,1.0,N
AASFHSLSL,0.018,SB,,3998,AASFHSLSL,21.71,931.4763,9,0.5,466.7457,51.03,,1,F1:10079,F120180713_KP_THP1_w632_P1.raw,1,,Q8NBM8|PCYXL_HUMAN,,,PEAKS DB,2,AASFHSLSL,False,363000.0,1.0,N
SVIQHTNSL,0.018,SB,,2587,SVIQHTNSL,31.6,997.5193,9,0.3,499.7671,30.6,,6,F6:6780,F120180713_KP_THP1_w632_P6.raw,1,,P31629|ZEP2_HUMAN,,,PEAKS DB,2,SVIQHTNSL,False,2790000.0,1.0,N
FGIDRPAEL,0.018,SB,,3905,FGIDRPAEL,34.17,1016.5291,9,1.0,509.2723,55.12,,8,F8:11963,F120180713_KP_THP1_w632_P10.raw,3,,Q8IWZ8|SUGP1_HUMAN,,,PEAKS DB,2,FGIDRPAEL,False,205000000.0,3.0,N
YIDEGRLVL,0.019,SB,,2630,YIDEGRLVL,30.49,1076.5865,9,0.2,539.3007,59.7,,3,F3:11669,F120180713_KP_THP1_w632_P3.raw,1,,P35610|SOAT1_HUMAN,,,PEAKS DB,2,YIDEGRLVL,False,40400000.0,1.0,N
IARLPSSTL,0.019,SB,,3872,IARLPSSTL,26.95,956.5654,9,1.8,479.2909,41.88,,10,F10:8535,F120180713_KP_THP1_w632_P9.raw,1,,Q86Y91|KI18B_HUMAN,,,PEAKS DB,2,IARLPSSTL,False,1250000.0,1.0,N
AAMKALQAL,0.019,SB,,4754,AAMKALQAL,22.22,931.5161,9,0.6,466.7656,33.06,,8,F8:4381,F120180713_KP_THP1_w632_P10.raw,1,,Q9NUL3|STAU2_HUMAN,Oxidation (M),M3:Oxidation (M):1000.00,PEAKS DB,2,AAM(+15.99)KALQAL,False,8980000.0,1.0,N
RAIDFSPYL,0.020,SB,,2442,RAIDFSPYL,20.77,1080.5603,9,0.5,541.2877,69.63,,2,F2:11636,F120180713_KP_THP1_w632_P2.raw,1,,P17676|CEBPB_HUMAN,,,PEAKS DB,2,RAIDFSPYL,False,2290000.0,1.0,N
SSSPAVLAL,0.020,SB,,2991,SSSPAVLAL,18.41,843.4702,9,1.1,844.4783,69.18,,1,F1:16811,F120180713_KP_THP1_w632_P1.raw,1,,P78527|PRKDC_HUMAN,,,PEAKS DB,1,SSSPAVLAL,False,22300000.0,1.0,N
FSVNLFRTL,0.020,SB,,3336,FSVNLFRTL,28.53,1095.6077,9,1.1,548.8117,78.65,,10,F10:21075,F120180713_KP_THP1_w632_P9.raw,1,,Q14738|2A5D_HUMAN,,,PEAKS DB,2,FSVNLFRTL,False,6530000.0,1.0,N
ASIPYFHAM,0.020,SB,,2129,ASIPYFHAM,26.93,1051.4797,9,0.4,526.7474,52.64,,3,F3:9341,F120180713_KP_THP1_w632_P3.raw,2,,O94889|KLH18_HUMAN,Oxidation (M),M9:Oxidation (M):1000.00,PEAKS DB,2,ASIPYFHAM(+15.99),False,2440000.0,2.0,N
FADVLVHRL,0.020,SB,,3917,FADVLVHRL,27.29,1068.608,9,0.4,535.3115,49.03,,3,F3:8158,F120180713_KP_THP1_w632_P3.raw,1,,Q8IYB7|DI3L2_HUMAN,,,PEAKS DB,2,FADVLVHRL,False,287000.0,1.0,N
YSVSAQSSM,0.020,SB,,2214,YSVSAQSSM,26.12,974.4015,9,-0.2,488.2079,29.29,,6,F6:6261,F120180713_KP_THP1_w632_P6.raw,1,,O95989|NUDT3_HUMAN,Oxidation (M),M9:Oxidation (M):1000.00,PEAKS DB,2,YSVSAQSSM(+15.99),False,779000.0,1.0,N
ISAIPTRSL,0.020,SB,,2506,ISAIPTRSL,22.81,956.5654,9,0.2,479.2901,42.73,,10,F10:8878,F120180713_KP_THP1_w632_P9.raw,1,,P23634|AT2B4_HUMAN,,,PEAKS DB,2,ISAIPTRSL,False,5120000.0,1.0,N
FIAPSGHGL,0.020,SB,,3445,FIAPSGHGL,17.25,897.4708,9,1.7,449.7435,41.62,,10,F10:8434,F120180713_KP_THP1_w632_P9.raw,1,,Q16181|SEPT7_HUMAN,,,PEAKS DB,2,FIAPSGHGL,False,1090000.0,1.0,N
IAIIPSKKL,0.020,SB,,2321,IAIIPSKKL,20.34,981.6586,9,0.9,491.837,36.67,,10,F10:6510,F120180713_KP_THP1_w632_P9.raw,1,,P08708|RS17_HUMAN,,,PEAKS DB,2,IAIIPSKKL,False,19800000.0,1.0,N
VVKPPGSSL,0.020,SB,,4156,VVKPPGSSL,32.3,882.5175,9,0.2,442.2661,32.15,,6,F6:7387,F120180713_KP_THP1_w632_P6.raw,4,,Q92560|BAP1_HUMAN,,,PEAKS DB,2,VVKPPGSSL,False,45200000.0,4.0,N
FANSRDTSF,0.020,SB,,2756,FANSRDTSF,23.95,1043.4672,9,-0.1,522.7408,32.82,,7,F7:6518,F120180713_KP_THP1_w632_P7.raw,1,,P49327|FAS_HUMAN,,,PEAKS DB,2,FANSRDTSF,False,6180000.0,1.0,N
AAMNSLTSL,0.020,SB,,2161,AAMNSLTSL,16.23,922.443,9,1.6,462.2295,51.22,,8,F8:10447,F120180713_KP_THP1_w632_P10.raw,1,,O95319|CELF2_HUMAN,Oxidation (M),M3:Oxidation (M):1000.00,PEAKS DB,2,AAM(+15.99)NSLTSL,False,389000.0,1.0,N
VAKAVTQAL,0.020,SB,,5077,VAKAVTQAL,21.28,899.544,9,-0.6,450.779,31.04,,7,F7:5847,F120180713_KP_THP1_w632_P7.raw,1,,Q9Y490|TLN1_HUMAN,,,PEAKS DB,2,VAKAVTQAL,False,3540000.0,1.0,N
TAVMPKVSL,0.020,SB,,4533,TAVMPKVSL,12.86,960.5314,9,1.4,481.2737,39.33,,8,F8:6137,F120180713_KP_THP1_w632_P10.raw,1,,Q9BY12|SCAPE_HUMAN,Oxidation (M),M4:Oxidation (M):1000.00,PEAKS DB,2,TAVM(+15.99)PKVSL,False,446000.0,1.0,N
QAIETKVAL,0.020,SB,,1967,QAIETKVAL,19.23,971.5651,9,0.7,486.7902,41.85,,9,F9:8976,F120180713_KP_THP1_w632_P8.raw,1,,O43592|XPOT_HUMAN,,,PEAKS DB,2,QAIETKVAL,False,2580000.0,1.0,N
SSAVPGTAL,0.020,SB,,5095,SSAVPGTAL,23.32,801.4232,9,0.2,802.4307,47.92,,7,F7:11880,F120180713_KP_THP1_w632_P7.raw,1,,Q9Y4B4|ARIP4_HUMAN,,,PEAKS DB,1,SSAVPGTAL,False,27800000.0,1.0,N
QADPTGRLL,0.021,SB,,4454,QADPTGRLL,23.88,969.5243,9,-0.6,485.7691,40.05,,9,F9:8294,F120180713_KP_THP1_w632_P8.raw,1,,Q99836|MYD88_HUMAN,,,PEAKS DB,2,QADPTGRLL,False,2290000.0,1.0,N
MANGAVIHL,0.021,SB,,3410,MANGAVIHL,26.26,924.4851,9,1.8,463.2506,47.63,,8,F8:9046,F120180713_KP_THP1_w632_P10.raw,1,,Q15459|SF3A1_HUMAN,,,PEAKS DB,2,MANGAVIHL,False,8810000.0,1.0,N
SASTVFIAL,0.021,SB,,4645,SASTVFIAL,20.4,907.5015,9,0.3,908.509,85.28,,5,F5:17966,F120180713_KP_THP1_w632_P5.raw,1,,Q9H6A9|PCX3_HUMAN,,,PEAKS DB,1,SASTVFIAL,False,5080000.0,1.0,N
AAAGTFKVL,0.021,SB,,3809,AAAGTFKVL,24.27,876.5068,9,1.8,439.2615,45.23,,8,F8:8104,F120180713_KP_THP1_w632_P10.raw,1,,Q7Z570|Z804A_HUMAN,,,PEAKS DB,2,AAAGTFKVL,False,296000.0,1.0,N
LAKKPHTSL,0.021,SB,,3213,LAKKPHTSL,19.46,993.5971,9,0.6,497.8061,19.83,,5,F5:2745,F120180713_KP_THP1_w632_P5.raw,1,,Q13492|PICAL_HUMAN,,,PEAKS DB,2,LAKKPHTSL,False,500000.0,1.0,N
KTYDKTVAL,0.021,SB,,2848,KTYDKTVAL,31.72,1037.5757,9,-0.1,519.795,41.48,14400000.0,44,F44:6417,F120180713_KP_THP1_BB72_P7.raw,1,1.0,Q15008|PSMD6_HUMAN,,,PEAKS DB,2,KTYDKTVAL,False,,,N
AAQAHTREL,0.021,SB,,2064,AAQAHTREL,34.23,995.5148,9,-1.1,498.7641,19.58,,4,F4:2596,F120180713_KP_THP1_w632_P4.raw,3,,O75150|BRE1B_HUMAN,,,PEAKS DB,2,AAQAHTREL,False,17700000.0,3.0,N
LALFPGVAL,0.021,SB,,2573,LALFPGVAL,29.68,899.548,9,1.1,900.5563,105.5,,3,F3:25505,F120180713_KP_THP1_w632_P3.raw,2,,P30101|PDIA3_HUMAN,,,PEAKS DB,1,LALFPGVAL,False,119000000.0,2.0,N
FSTPHGLEV,0.021,SB,,4430,FSTPHGLEV,31.19,985.4869,9,2.0,493.7517,49.7,,8,F8:9848,F120180713_KP_THP1_w632_P10.raw,2,,Q99684|GFI1_HUMAN,,,PEAKS DB,2,FSTPHGLEV,False,24600000.0,2.0,N
IVINPKTTL,0.021,SB,,1333,IVINPKTTL,17.18,997.6172,9,1.5,499.8166,46.46,,10,F10:10343,F120180713_KP_THP1_w632_P9.raw,1,,,,,PEAKS DB,2,IVINPKTTL,False,334000.0,1.0,N
SSAEPHRPL,0.021,SB,,3419,SSAEPHRPL,29.17,992.5039,9,0.3,497.2594,20.94,,5,F5:3190,F120180713_KP_THP1_w632_P5.raw,1,,Q15652|JHD2C_HUMAN,,,PEAKS DB,2,SSAEPHRPL,False,670000.0,1.0,N
VAVPLGPIM,0.021,SB,,2067,VAVPLGPIM,19.52,911.515,9,1.1,456.7653,72.23,,2,F2:12261,F120180713_KP_THP1_w632_P2.raw,2,,O75170|PP6R2_HUMAN,Oxidation (M),M9:Oxidation (M):1000.00,PEAKS DB,2,VAVPLGPIM(+15.99),False,858000.0,2.0,N
GAIPAFISL,0.021,SB,,2817,GAIPAFISL,16.23,887.5116,9,1.6,888.5203,96.68,,9,F9:23834,F120180713_KP_THP1_w632_P8.raw,1,,P52292|IMA1_HUMAN,,,PEAKS DB,1,GAIPAFISL,False,65900000.0,1.0,N
TAVNNPKSL,0.021,SB,,2046,TAVNNPKSL,25.33,942.5134,9,-0.4,472.2638,25.35,,5,F5:4878,F120180713_KP_THP1_w632_P5.raw,1,,O60725|ICMT_HUMAN,,,PEAKS DB,2,TAVNNPKSL,False,425000.0,1.0,N
VAYGKGTYF,0.021,SB,,3505,VAYGKGTYF,21.07,1004.4967,9,1.3,503.2563,43.12,,10,F10:9030,F120180713_KP_THP1_w632_P9.raw,1,,Q460N5|PAR14_HUMAN,,,PEAKS DB,2,VAYGKGTYF,False,1690000.0,1.0,N
FSHSSNLIL,0.021,SB,,1482,FSHSSNLIL,17.66,1016.5291,9,0.6,509.2721,49.14,,1,F1:9400,F120180713_KP_THP1_w632_P1.raw,1,,,,,PEAKS DB,2,FSHSSNLIL,False,1810000.0,1.0,N
SVIDASVAL,0.021,SB,,4859,SVIDASVAL,17.73,873.4807,9,0.5,874.4885,73.64,,1,F1:18572,F120180713_KP_THP1_w632_P1.raw,1,,Q9P2D3|HTR5B_HUMAN,,,PEAKS DB,1,SVIDASVAL,False,3230000.0,1.0,N
FLIDNGVSL,0.021,SB,,4787,FLIDNGVSL,24.35,976.5229,9,0.3,489.2689,96.13,835000.0,31,F31:18648,F120180713_KP_THP1_BB72_P4.raw,1,1.0,Q9Y4C8|RBM19_HUMAN,,,PEAKS DB,2,FLIDNGVSL,False,,,N
HADASSKVL,0.021,SB,,4897,HADASSKVL,30.29,926.4821,9,0.1,464.2484,21.43,,5,F5:3383,F120180713_KP_THP1_w632_P5.raw,1,,Q9UGP5|DPOLL_HUMAN,,,PEAKS DB,2,HADASSKVL,False,934000.0,1.0,N
AAAANPLAL,0.021,SB,,3501,AAAANPLAL,24.1,810.4599,9,4.7,811.471,63.92,,8,F8:14964,F120180713_KP_THP1_w632_P10.raw,1,,Q3L8U1|CHD9_HUMAN,,,PEAKS DB,1,AAAANPLAL,False,8190000.0,1.0,N
YTIPPGHQV,0.021,SB,,3471,YTIPPGHQV,28.1,1010.5185,9,-0.3,506.2664,35.64,,6,F6:8562,F120180713_KP_THP1_w632_P6.raw,5,,Q16850|CP51A_HUMAN,,,PEAKS DB,2,YTIPPGHQV,False,2980000.0,5.0,N
LAMRPLASL,0.021,SB,,4758,LAMRPLASL,18.41,970.5634,9,0.3,486.2891,57.88,,3,F3:11035,F120180713_KP_THP1_w632_P3.raw,1,,Q9NUQ8|ABCF3_HUMAN,,,PEAKS DB,2,LAMRPLASL,False,630000.0,1.0,N
YTSHLHVSL,0.021,SB,,4058,YTSHLHVSL,15.58,1055.54,9,-0.1,528.7772,36.02,,8,F8:5181,F120180713_KP_THP1_w632_P10.raw,1,,Q8TD16|BICD2_HUMAN,,,PEAKS DB,2,YTSHLHVSL,False,352000.0,1.0,N
FQVDHARSL,0.021,SB,,1521,FQVDHARSL,15.61,1071.5461,9,-0.5,536.7801,30.37,,7,F7:5599,F120180713_KP_THP1_w632_P7.raw,1,,,,,PEAKS DB,2,FQVDHARSL,False,2070000.0,1.0,N
FIMEAGVKL,0.022,SB,,428,FIMEAGVKL,16.07,1022.547,9,1.5,512.2816,59.63,570000.0,121,F121:12114,F120180713_KP_THP1_BB72_P10new.raw,1,1.0,,Oxidation (M),M3:Oxidation (M):1000.00,PEAKS DB,2,FIM(+15.99)EAGVKL,False,,,N
VALPPGLAV,0.022,SB,,4406,VALPPGLAV,22.77,835.5167,9,1.0,836.5248,78.76,,3,F3:18346,F120180713_KP_THP1_w632_P3.raw,1,,Q96T76|MMS19_HUMAN,,,PEAKS DB,1,VALPPGLAV,False,4710000.0,1.0,N
ATIPYHPSL,0.022,SB,,1593,ATIPYHPSL,18.93,997.5233,9,0.8,499.7693,48.4,,10,F10:11106,F120180713_KP_THP1_w632_P9.raw,1,,,,,PEAKS DB,2,ATIPYHPSL,False,532000.0,1.0,N
IADEGRLFL,0.022,SB,,2318,IADEGRLFL,19.76,1032.5603,9,0.3,517.2876,62.72,,2,F2:9955,F120180713_KP_THP1_w632_P2.raw,1,,P08575|PTPRC_HUMAN,,,PEAKS DB,2,IADEGRLFL,False,1930000.0,1.0,N
SAQTGARAL,0.022,SB,,4062,SAQTGARAL,25.84,873.4668,9,0.6,437.7409,22.48,,5,F5:3793,F120180713_KP_THP1_w632_P5.raw,1,,Q8TDD1|DDX54_HUMAN,,,PEAKS DB,2,SAQTGARAL,False,2130000.0,1.0,N
TANDGFVRL,0.022,SB,,2878,TANDGFVRL,15.83,991.5087,9,1.1,496.7621,48.26,,8,F8:9292,F120180713_KP_THP1_w632_P10.raw,1,,P55795|HNRH2_HUMAN:P31943|HNRH1_HUMAN,,,PEAKS DB,2,TANDGFVRL,False,333000.0,1.0,N
AVHPSGVAL,0.022,SB,,2258,AVHPSGVAL,20.31,849.4708,9,1.3,850.4792,46.69,,10,F10:10436,F120180713_KP_THP1_w632_P9.raw,1,,P05161|ISG15_HUMAN,,,PEAKS DB,1,AVHPSGVAL,False,1070000.0,1.0,N
AAAALHPAL,0.022,SB,,4035,AAAALHPAL,21.71,833.4759,9,0.7,417.7455,36.46,,9,F9:6908,F120180713_KP_THP1_w632_P8.raw,2,,Q8NFJ8|BHE22_HUMAN,,,PEAKS DB,2,AAAALHPAL,False,1330000.0,2.0,N
YANIGKTL,0.022,SB,,439,YANIGKTL,17.1,878.4861,8,0.9,440.2508,35.55,,9,F9:6584,F120180713_KP_THP1_w632_P8.raw,1,,,,,PEAKS DB,2,YANIGKTL,False,1880000.0,1.0,N
IIADHPAEL,0.022,SB,,3248,IIADHPAEL,24.64,977.5182,9,-0.2,489.7663,40.53,,9,F9:8475,F120180713_KP_THP1_w632_P8.raw,1,,Q13950|RUNX2_HUMAN,,,PEAKS DB,2,IIADHPAEL,False,5170000.0,1.0,N
YGAQPSATL,0.022,SB,,4349,YGAQPSATL,28.04,906.4447,9,0.3,907.4523,44.47,,6,F6:11728,F120180713_KP_THP1_w632_P6.raw,3,,Q96PK6|RBM14_HUMAN,,,PEAKS DB,1,YGAQPSATL,False,42100000.0,3.0,N
FSEEMNRVL,0.022,SB,,3379,FSEEMNRVL,13.0,1123.5332,9,1.9,562.775,49.66,,8,F8:9833,F120180713_KP_THP1_w632_P10.raw,1,,Q15149|PLEC_HUMAN,,,PEAKS DB,2,FSEEMNRVL,False,1290000.0,1.0,N
KAFQKIVVL,0.022,SB,,3755,KAFQKIVVL,17.32,1044.6696,9,0.7,523.3424,42.0,,1,F1:6767,F120180713_KP_THP1_w632_P1.raw,1,,Q7L1Q6|BZW1_HUMAN:Q9Y6E2|BZW2_HUMAN,,,PEAKS DB,2,KAFQKIVVL,False,1040000.0,1.0,N
AAHALPTTL,0.022,SB,,3997,AAHALPTTL,19.03,893.4971,9,0.5,447.756,39.91,,10,F10:7773,F120180713_KP_THP1_w632_P9.raw,1,,Q8NBJ5|GT251_HUMAN,,,PEAKS DB,2,AAHALPTTL,False,395000.0,1.0,N
TATPRDLVL,0.022,SB,,1105,TATPRDLVL,20.9,984.5604,9,0.8,493.2879,48.94,,8,F8:9551,F120180713_KP_THP1_w632_P10.raw,1,,B0I1T2|MYO1G_HUMAN,,,PEAKS DB,2,TATPRDLVL,False,189000.0,1.0,N
KAMELIREL,0.022,SB,,1339,KAMELIREL,18.62,1117.6165,9,1.0,559.816,36.68,,3,F3:4917,F120180713_KP_THP1_w632_P3.raw,1,,,Oxidation (M),M3:Oxidation (M):1000.00,PEAKS DB,2,KAM(+15.99)ELIREL,False,6400000.0,1.0,N
AADGQLHTL,0.022,SB,,4591,AADGQLHTL,20.03,924.4665,9,-0.8,463.2402,32.2,,7,F7:6287,F120180713_KP_THP1_w632_P7.raw,1,,Q9H1Y0|ATG5_HUMAN,,,PEAKS DB,2,AADGQLHTL,False,1670000.0,1.0,N
KSVDPTLAL,0.022,SB,,3018,KSVDPTLAL,18.56,942.5386,9,1.6,472.2773,48.63,,8,F8:9439,F120180713_KP_THP1_w632_P10.raw,1,,Q00610|CLH1_HUMAN,,,PEAKS DB,2,KSVDPTLAL,False,20600000.0,1.0,N
FMVEKGPTL,0.022,SB,,3512,FMVEKGPTL,23.24,1036.5262,9,-0.1,519.2703,53.01,1180000.0,121,F121:9467,F120180713_KP_THP1_BB72_P10new.raw,1,1.0,Q8N2K1|UB2J2_HUMAN,Oxidation (M),M2:Oxidation (M):1000.00,PEAKS DB,2,FM(+15.99)VEKGPTL,False,,,N
FVMEGVKNL,0.022,SB,,4110,FVMEGVKNL,21.94,1051.5372,9,1.3,526.7766,39.6,,1,F1:6000,F120180713_KP_THP1_w632_P1.raw,1,,Q8WVM8|SCFD1_HUMAN,Oxidation (M),M3:Oxidation (M):1000.00,PEAKS DB,2,FVM(+15.99)EGVKNL,False,537000.0,1.0,N
KAFNQSSTL,0.022,SB,,2642,KAFNQSSTL,28.67,994.5084,9,-0.5,498.2612,28.98,,6,F6:6136,F120180713_KP_THP1_w632_P6.raw,1,,P35789|ZNF93_HUMAN:Q9H8G1|ZN430_HUMAN:Q8IYN0|ZN100_HUMAN,,,PEAKS DB,2,KAFNQSSTL,False,512000.0,1.0,N
YAFNHSADF,0.022,SB,,2902,YAFNHSADF,32.05,1070.4457,9,1.2,536.2308,46.51,,10,F10:10364,F120180713_KP_THP1_w632_P9.raw,1,,P61160|ARP2_HUMAN,,,PEAKS DB,2,YAFNHSADF,False,1590000.0,1.0,N
KAFNQSSSL,0.022,SB,,2641,KAFNQSSSL,23.24,980.4927,9,0.8,491.254,28.12,,6,F6:5802,F120180713_KP_THP1_w632_P6.raw,1,,P35789|ZNF93_HUMAN:Q15937|ZNF79_HUMAN,,,PEAKS DB,2,KAFNQSSSL,False,371000.0,1.0,N
ASAEPLTAL,0.023,SB,,3991,ASAEPLTAL,23.33,871.4651,9,0.8,872.4731,62.59,,8,F8:14472,F120180713_KP_THP1_w632_P10.raw,1,,Q8NBD8|T229B_HUMAN,,,PEAKS DB,1,ASAEPLTAL,False,10600000.0,1.0,N
YAHAGATL,0.023,SB,,436,YAHAGATL,18.16,802.3973,8,-0.3,402.2058,26.71,,6,F6:5256,F120180713_KP_THP1_w632_P6.raw,1,,,,,PEAKS DB,2,YAHAGATL,False,159000.0,1.0,N
YGYGHESEL,0.023,SB,,4516,YGYGHESEL,31.4,1053.4403,9,-0.1,527.7274,34.56,,7,F7:7170,F120180713_KP_THP1_w632_P7.raw,1,,Q9BWF3|RBM4_HUMAN,,,PEAKS DB,2,YGYGHESEL,False,5380000.0,1.0,N
FAIAKGGRL,0.023,SB,,4834,FAIAKGGRL,19.64,931.5603,9,1.6,466.7882,31.65,,10,F10:4738,F120180713_KP_THP1_w632_P9.raw,1,,Q9NZC9|SMAL1_HUMAN,,,PEAKS DB,2,FAIAKGGRL,False,109000.0,1.0,N
YADVGGKQF,0.023,SB,,2804,YADVGGKQF,36.17,983.4712,9,0.5,492.7431,35.12,,7,F7:7393,F120180713_KP_THP1_w632_P7.raw,1,,P51571|SSRD_HUMAN,,,PEAKS DB,2,YADVGGKQF,False,35200000.0,1.0,N
VTIHPSSSL,0.023,SB,,5140,VTIHPSSSL,21.06,939.5026,9,-0.3,470.7584,35.03,,7,F7:7359,F120180713_KP_THP1_w632_P7.raw,1,,Q9Y692|GMEB1_HUMAN,,,PEAKS DB,2,VTIHPSSSL,False,1400000.0,1.0,N
YADPTKRLEL,0.023,SB,,5728,YADPTKRLEL,32.15,1204.6451,10,1.3,603.3306,43.21,,10,F10:9063,F120180713_KP_THP1_w632_P9.raw,2,,Q9Y5Q8|TF3C5_HUMAN,,,PEAKS DB,2,YADPTKRLEL,False,17100000.0,2.0,N
TAMDVVYAL,0.023,SB,,2390,TAMDVVYAL,22.02,997.479,9,1.6,499.7476,74.53,8680000.0,121,F121:18070,F120180713_KP_THP1_BB72_P10new.raw,6,6.0,P62805|H4_HUMAN,Oxidation (M),M3:Oxidation (M):1000.00,PEAKS DB,2,TAM(+15.99)DVVYAL,False,,,N
VSHGRPLAL,0.023,SB,,1900,VSHGRPLAL,17.22,948.5505,9,0.6,475.2828,27.71,,9,F9:4167,F120180713_KP_THP1_w632_P8.raw,1,,O15254|ACOX3_HUMAN,,,PEAKS DB,2,VSHGRPLAL,False,655000.0,1.0,N
YAEAVQRLL,0.023,SB,,3573,YAEAVQRLL,20.9,1061.5869,9,0.6,531.8009999999998,55.66,,1,F1:11831,F120180713_KP_THP1_w632_P1.raw,1,,Q5T447|HECD3_HUMAN,,,PEAKS DB,2,YAEAVQRLL,False,178000.0,1.0,N
QASKPGATL,0.023,SB,,1236,QASKPGATL,16.31,871.4763,9,0.3,436.7456,23.25,,5,F5:4094,F120180713_KP_THP1_w632_P5.raw,1,,,,,PEAKS DB,2,QASKPGATL,False,119000.0,1.0,N
YAEMGTRTF,0.023,SB,,1680,YAEMGTRTF,17.75,1090.4753,9,1.1,546.2455,30.05,,9,F9:4839,F120180713_KP_THP1_w632_P8.raw,1,,,Oxidation (M),M4:Oxidation (M):1000.00,PEAKS DB,2,YAEM(+15.99)GTRTF,False,1400000.0,1.0,N
TSDPAAHAL,0.023,SB,,4474,TSDPAAHAL,31.73,881.4243,9,0.3,441.7195,27.68,,6,F6:5630,F120180713_KP_THP1_w632_P6.raw,1,,Q9BRR9|RHG09_HUMAN,,,PEAKS DB,2,TSDPAAHAL,False,968000.0,1.0,N
SASSFFKEL,0.023,SB,,4009,SASSFFKEL,22.03,1014.5022,9,0.3,508.2585,60.43,,2,F2:9427,F120180713_KP_THP1_w632_P2.raw,1,,Q8NDD1|CA131_HUMAN,,,PEAKS DB,2,SASSFFKEL,False,958000.0,1.0,N
IAINISRNL,0.024,SB,,3689,IAINISRNL,22.41,1012.6029,9,0.6,507.3091,53.57,,1,F1:11030,F120180713_KP_THP1_w632_P1.raw,2,,Q6QNY1|BL1S2_HUMAN,,,PEAKS DB,2,IAINISRNL,False,25200000.0,2.0,N
HIADIVHTL,0.024,SB,,4211,HIADIVHTL,24.25,1017.5607,9,0.5,509.7879,65.49,407000.0,121,F121:14460,F120180713_KP_THP1_BB72_P10new.raw,1,1.0,Q9H579|MROH8_HUMAN,,,PEAKS DB,2,HIADIVHTL,False,,,N
KAIDLMNAL,0.024,SB,,4387,KAIDLMNAL,17.77,987.5423,9,1.1,494.779,66.21,,4,F4:11933,F120180713_KP_THP1_w632_P4.raw,1,,Q96SI9|STRBP_HUMAN,,,PEAKS DB,2,KAIDLMNAL,False,139000.0,1.0,N
RALDAGLAL,0.024,SB,,3876,RALDAGLAL,20.18,898.5236,9,0.2,450.2692,53.94,,1,F1:11174,F120180713_KP_THP1_w632_P1.raw,1,,Q86YV9|HPS6_HUMAN,,,PEAKS DB,2,RALDAGLAL,False,17900000.0,1.0,N
AAYLRALSL,0.024,SB,,1902,AAYLRALSL,33.39,976.5706,9,1.0,489.2931,62.23,,2,F2:9796,F120180713_KP_THP1_w632_P2.raw,1,,O15294|OGT1_HUMAN,,,PEAKS DB,2,AAYLRALSL,False,2290000.0,1.0,N
IAAGIFKHL,0.024,SB,,3615,IAAGIFKHL,26.64,968.5807,9,0.7,485.2979,44.51,,3,F3:6792,F120180713_KP_THP1_w632_P3.raw,1,,Q5VW32|BROX_HUMAN,,,PEAKS DB,2,IAAGIFKHL,False,6350000.0,1.0,N
YAHTNLTL,0.024,SB,,437,YAHTNLTL,19.83,931.4763,8,2.9,466.7468,44.58,,8,F8:7855,F120180713_KP_THP1_w632_P10.raw,1,,,,,PEAKS DB,2,YAHTNLTL,False,454000.0,1.0,N
AAHGGQASL,0.024,SB,,4952,AAHGGQASL,20.35,810.3984,9,0.0,406.2065,21.04,,4,F4:3131,F120180713_KP_THP1_w632_P4.raw,1,,Q9ULM3|YETS2_HUMAN,,,PEAKS DB,2,AAHGGQASL,False,191000.0,1.0,N
AAFHPTMPL,0.024,SB,,2854,AAFHPTMPL,21.15,999.4847,9,0.3,500.7498,41.07,,1,F1:6447,F120180713_KP_THP1_w632_P1.raw,1,,P53621|COPA_HUMAN,Oxidation (M),M7:Oxidation (M):1000.00,PEAKS DB,2,AAFHPTM(+15.99)PL,False,587000.0,1.0,N
SAIASTKVM,0.024,SB,,4785,SAIASTKVM,13.52,906.4844,9,0.2,454.2496,31.56,,6,F6:7158,F120180713_KP_THP1_w632_P6.raw,1,,Q9NVT9|ARMC1_HUMAN,,,PEAKS DB,2,SAIASTKVM,False,818000.0,1.0,N
FAQKSGYFL,0.024,SB,,4284,FAQKSGYFL,31.79,1059.5389,9,0.2,530.7769,51.78,,1,F1:10354,F120180713_KP_THP1_w632_P1.raw,1,,Q96EY5|MB12A_HUMAN,,,PEAKS DB,2,FAQKSGYFL,False,4560000.0,1.0,N
AAMYKSLEL,0.024,SB,,3767,AAMYKSLEL,24.91,1040.5212,9,0.4,521.2681,44.34,,1,F1:7590,F120180713_KP_THP1_w632_P1.raw,1,,Q7L576|CYFP1_HUMAN,Oxidation (M),M3:Oxidation (M):1000.00,PEAKS DB,2,AAM(+15.99)YKSLEL,False,525000.0,1.0,N
VSYGEGKAL,0.024,SB,,2906,VSYGEGKAL,30.16,922.476,9,0.4,462.2454,30.62,,6,F6:6788,F120180713_KP_THP1_w632_P6.raw,1,,P61225|RAP2B_HUMAN,,,PEAKS DB,2,VSYGEGKAL,False,1250000.0,1.0,N
TTIKPGLAL,0.024,SB,,4635,TTIKPGLAL,22.23,912.5644,9,1.2,457.29,47.82,,8,F8:9121,F120180713_KP_THP1_w632_P10.raw,1,,Q9H4B0|OSGP2_HUMAN,,,PEAKS DB,2,TTIKPGLAL,False,1810000.0,1.0,N
TSSPSILTL,0.024,SB,,2972,TSSPSILTL,23.0,917.507,9,1.6,918.5157,76.6,,3,F3:17534,F120180713_KP_THP1_w632_P3.raw,1,,P69849|NOMO3_HUMAN:Q15155|NOMO1_HUMAN:Q5JPE7|NOMO2_HUMAN,,,PEAKS DB,1,TSSPSILTL,False,229000000.0,1.0,N
STIDKVSVL,0.024,SB,,2401,STIDKVSVL,29.84,960.5491,9,1.7,481.2827,47.16,,10,F10:10625,F120180713_KP_THP1_w632_P9.raw,1,,P13674|P4HA1_HUMAN,,,PEAKS DB,2,STIDKVSVL,False,3860000.0,1.0,N
AANPHSFVF,0.024,SB,,4708,AANPHSFVF,30.52,988.4766,9,0.8,495.246,50.37,,1,F1:9828,F120180713_KP_THP1_w632_P1.raw,2,,Q9NQ55|SSF1_HUMAN,,,PEAKS DB,2,AANPHSFVF,False,12200000.0,2.0,N
FAFLTGVGL,0.024,SB,,1277,FAFLTGVGL,17.49,923.5116,9,0.1,924.5189,103.65,,1,F1:27177,F120180713_KP_THP1_w632_P1.raw,1,,,,,PEAKS DB,1,FAFLTGVGL,False,16200000.0,1.0,N
SADNVRQQL,0.025,SB,,1935,SADNVRQQL,21.65,1029.5203,9,0.6,515.7677,26.88,,5,F5:5472,F120180713_KP_THP1_w632_P5.raw,1,,O43143|DHX15_HUMAN,,,PEAKS DB,2,SADNVRQQL,False,253000.0,1.0,N
LADHAARQL,0.025,SB,,1859,LADHAARQL,32.31,993.5355,9,0.3,497.7752,22.83,,6,F6:3713,F120180713_KP_THP1_w632_P6.raw,2,,O14980|XPO1_HUMAN,,,PEAKS DB,2,LADHAARQL,False,1480000.0,2.0,N
FAAQPNQGSL,0.025,SB,,5303,FAAQPNQGSL,17.18,1031.5035,10,-0.9,516.7586,45.44,,6,F6:12097,F120180713_KP_THP1_w632_P6.raw,1,,O43524|FOXO3_HUMAN,,,PEAKS DB,2,FAAQPNQGSL,False,139000.0,1.0,N
SAVDVHINM,0.025,SB,,2710,SAVDVHINM,30.98,984.4698,9,1.6,493.24300000000005,49.44,,10,F10:11514,F120180713_KP_THP1_w632_P9.raw,1,,P46379|BAG6_HUMAN,,,PEAKS DB,2,SAVDVHINM,False,5470000.0,1.0,N
SAVEAKEAL,0.025,SB,,3924,SAVEAKEAL,17.46,916.4865,9,0.0,459.2505,28.68,,6,F6:6020,F120180713_KP_THP1_w632_P6.raw,1,,Q8IYT3|CC170_HUMAN,,,PEAKS DB,2,SAVEAKEAL,False,780000.0,1.0,N
FTADPLSLL,0.025,SB,,4334,FTADPLSLL,21.02,975.5276,9,0.6,976.5355,105.26,,3,F3:25420,F120180713_KP_THP1_w632_P3.raw,1,,Q96P48|ARAP1_HUMAN,,,PEAKS DB,1,FTADPLSLL,False,5530000.0,1.0,N
YSNNPGSSF,0.025,SB,,4569,YSNNPGSSF,29.19,971.3984,9,0.6,972.4062,40.36,,6,F6:10153,F120180713_KP_THP1_w632_P6.raw,2,,Q9GZW8|MS4A7_HUMAN,,,PEAKS DB,1,YSNNPGSSF,False,59400000.0,2.0,N
RATSSTQSL,0.025,SB,,3352,RATSSTQSL,19.8,949.4828,9,-0.3,475.7485,21.27,,4,F4:3201,F120180713_KP_THP1_w632_P4.raw,1,,Q14980|NUMA1_HUMAN,,,PEAKS DB,2,RATSSTQSL,False,407000.0,1.0,N
AAAAATMAL,0.025,SB,,1645,AAAAATMAL,19.69,805.4004,9,0.1,403.7075,35.39,,9,F9:6525,F120180713_KP_THP1_w632_P8.raw,3,,,Oxidation (M),M7:Oxidation (M):1000.00,PEAKS DB,2,AAAAATM(+15.99)AL,False,5230000.0,3.0,N
FALHSASVF,0.025,SB,,3241,FALHSASVF,26.66,977.497,9,1.3,489.7564,57.65,,3,F3:10961,F120180713_KP_THP1_w632_P3.raw,1,,Q13685|AAMP_HUMAN,,,PEAKS DB,2,FALHSASVF,False,4580000.0,1.0,N
HAVHVALVL,0.025,SB,,3951,HAVHVALVL,24.19,957.576,9,0.6,479.7956,43.59,,3,F3:6548,F120180713_KP_THP1_w632_P3.raw,1,,Q8N1F7|NUP93_HUMAN,,,PEAKS DB,2,HAVHVALVL,False,21900000.0,1.0,N
AALPKATIL,0.025,SB,,1618,AALPKATIL,12.6,896.5695,9,0.9,449.2924,49.87,,8,F8:9914,F120180713_KP_THP1_w632_P10.raw,1,,,,,PEAKS DB,2,AALPKATIL,False,1640000.0,1.0,N
YAVLESPSF,0.025,SB,,5039,YAVLESPSF,18.82,1011.4913,9,0.8,506.7533,75.95,,1,F1:19474,F120180713_KP_THP1_w632_P1.raw,2,,Q9Y2G2|CARD8_HUMAN,,,PEAKS DB,2,YAVLESPSF,False,1770000.0,2.0,N
YAVTGDVKM,0.025,SB,,2482,YAVTGDVKM,17.93,998.4742,9,1.0,500.2449,28.79,,9,F9:4470,F120180713_KP_THP1_w632_P8.raw,1,,P19838|NFKB1_HUMAN,Oxidation (M),M9:Oxidation (M):1000.00,PEAKS DB,2,YAVTGDVKM(+15.99),False,182000.0,1.0,N
IANIVKSSL,0.025,SB,,2454,IANIVKSSL,34.66,943.5702,9,1.5,472.7931,42.33,,10,F10:8715,F120180713_KP_THP1_w632_P9.raw,2,,P17987|TCPA_HUMAN,,,PEAKS DB,2,IANIVKSSL,False,3200000.0,2.0,N
YAYDGKDYIAL,0.025,SB,,1437,YAYDGKDYIAL,14.23,1290.6132,11,0.1,646.3139,63.71,409000.0,28,F28:15591,F120180713_KP_THP1_BB72_P1.raw,1,1.0,P01892|1A02_HUMAN,,,PEAKS DB,2,YAYDGKDYIAL,False,,,N
KSIPSFSSL,0.025,SB,,3063,KSIPSFSSL,26.73,964.5229,9,0.7,483.269,52.06,,1,F1:10457,F120180713_KP_THP1_w632_P1.raw,1,,Q03181|PPARD_HUMAN,,,PEAKS DB,2,KSIPSFSSL,False,3480000.0,1.0,N
IADGVFRFL,0.025,SB,,2130,IADGVFRFL,24.01,1036.5706,9,0.3,519.2927,82.87,,1,F1:21735,F120180713_KP_THP1_w632_P1.raw,1,,O94898|LRIG2_HUMAN,,,PEAKS DB,2,IADGVFRFL,False,3260000.0,1.0,N
TALGRSAEL,0.025,SB,,4695,TALGRSAEL,20.73,916.4977,9,-0.4,459.256,32.56,,7,F7:6425,F120180713_KP_THP1_w632_P7.raw,1,,Q9HD67|MYO10_HUMAN,,,PEAKS DB,2,TALGRSAEL,False,645000.0,1.0,N
FAAKGEGQL,0.025,SB,,2394,FAAKGEGQL,27.98,919.4763,9,-0.3,460.7453,29.26,,6,F6:6248,F120180713_KP_THP1_w632_P6.raw,1,,P13639|EF2_HUMAN,,,PEAKS DB,2,FAAKGEGQL,False,616000.0,1.0,N
AADPVSPLL,0.026,SB,,3436,AADPVSPLL,22.99,881.4858,9,1.0,882.4939999999998,74.13,,1,F1:18764,F120180713_KP_THP1_w632_P1.raw,2,,Q15833|STXB2_HUMAN,,,PEAKS DB,1,AADPVSPLL,False,16500000.0,2.0,N
YTIPLAIKL,0.026,SB,,1639,YTIPLAIKL,17.62,1030.6426,9,0.2,516.3287,77.67,,9,F9:20235,F120180713_KP_THP1_w632_P8.raw,1,,,,,PEAKS DB,2,YTIPLAIKL,False,991000.0,1.0,N
LANGQTKVL,0.026,SB,,4619,LANGQTKVL,40.65,942.5498,9,0.1,943.5571,29.34,,6,F6:6280,F120180713_KP_THP1_w632_P6.raw,2,,Q9H3M7|TXNIP_HUMAN,,,PEAKS DB,1,LANGQTKVL,False,42600000.0,2.0,N
SAAMVFSAL,0.026,SB,,2532,SAAMVFSAL,20.82,911.4423,9,-0.2,456.7283,72.85,,4,F4:13022,F120180713_KP_THP1_w632_P4.raw,2,,P27449|VATL_HUMAN,Oxidation (M),M4:Oxidation (M):1000.00,PEAKS DB,2,SAAM(+15.99)VFSAL,False,12000000.0,2.0,N
KASDLYITL,0.026,SB,,3837,KASDLYITL,24.23,1022.5648,9,0.3,512.2898,62.41,6380000.0,29,F29:13397,F120180713_KP_THP1_BB72_P2.raw,2,2.0,Q96G23|CERS2_HUMAN,,,PEAKS DB,2,KASDLYITL,False,,,N
VATVLGRAL,0.026,SB,,4148,VATVLGRAL,17.23,898.56,9,1.1,450.2878,48.65,,1,F1:9222,F120180713_KP_THP1_w632_P1.raw,1,,Q92542|NICA_HUMAN,,,PEAKS DB,2,VATVLGRAL,False,198000.0,1.0,N
FIIYDTHSL,0.026,SB,,4675,FIIYDTHSL,25.85,1107.5601,9,0.6,554.7877,64.42,,3,F3:13422,F120180713_KP_THP1_w632_P3.raw,1,,Q9HC24|LFG4_HUMAN,,,PEAKS DB,2,FIIYDTHSL,False,14400000.0,1.0,N
YITDLFQVL,0.026,SB,,3956,YITDLFQVL,23.34,1110.5961,9,-0.1,556.3052,110.74,,5,F5:23916,F120180713_KP_THP1_w632_P5.raw,1,,Q8N2F6|ARM10_HUMAN,,,PEAKS DB,2,YITDLFQVL,False,683000.0,1.0,N
FSHHSMVSM,0.026,SB,,3270,FSHHSMVSM,13.74,1093.4321,9,1.0,547.7239,19.19,,9,F9:2442,F120180713_KP_THP1_w632_P8.raw,1,,Q14157|UBP2L_HUMAN,Oxidation (M),M6:Oxidation (M):1000.00;M9:Oxidation (M):1000.00,PEAKS DB,2,FSHHSM(+15.99)VSM(+15.99),False,1570000.0,1.0,N
FVQGSETTL,0.026,SB,,4964,FVQGSETTL,31.62,980.4814,9,0.5,981.4893,47.67,,7,F7:11787,F120180713_KP_THP1_w632_P7.raw,2,,Q9ULX6|AKP8L_HUMAN,,,PEAKS DB,1,FVQGSETTL,False,23500000.0,2.0,N
YAEVGRVLL,0.026,SB,,2070,YAEVGRVLL,33.81,1018.5811,9,0.0,510.2978,55.97,,3,F3:10406,F120180713_KP_THP1_w632_P3.raw,1,,O75179|ANR17_HUMAN:Q8IWZ3|ANKH1_HUMAN,,,PEAKS DB,2,YAEVGRVLL,False,2610000.0,1.0,N
AAHMPAAAL,0.026,SB,,1651,AAHMPAAAL,15.13,851.4323,9,2.0,426.7243,36.38,,9,F9:6879,F120180713_KP_THP1_w632_P8.raw,1,,,,,PEAKS DB,2,AAHMPAAAL,False,151000.0,1.0,N
YAQRASVAF,0.026,SB,,5045,YAQRASVAF,27.98,1011.5137,9,1.2,506.7647,36.59,,9,F9:6951,F120180713_KP_THP1_w632_P8.raw,1,,Q9Y2L1|RRP44_HUMAN,,,PEAKS DB,2,YAQRASVAF,False,1460000.0,1.0,N
FLYDTHQNL,0.027,SB,,1745,FLYDTHQNL,26.82,1149.5454,9,0.9,575.7805,59.59,7130000.0,121,F121:12099,F120180713_KP_THP1_BB72_P10new.raw,1,1.0,P16885|PLCG2_HUMAN,,,PEAKS DB,2,FLYDTHQNL,False,,,N
TAMDAQEAL,0.027,SB,,3765,TAMDAQEAL,25.83,964.4172,9,-0.1,483.2158,36.44,,7,F7:7909,F120180713_KP_THP1_w632_P7.raw,1,,Q7L4I2|RSRC2_HUMAN,Oxidation (M),M3:Oxidation (M):1000.00,PEAKS DB,2,TAM(+15.99)DAQEAL,False,989000.0,1.0,N
IAQNESPTL,0.027,SB,,3770,IAQNESPTL,20.78,971.4924,9,0.2,486.7536,42.12,,6,F6:10829,F120180713_KP_THP1_w632_P6.raw,1,,Q7L7X3|TAOK1_HUMAN,,,PEAKS DB,2,IAQNESPTL,False,1320000.0,1.0,N
LSVAPQQSL,0.027,SB,,5035,LSVAPQQSL,22.74,941.5182,9,0.4,471.7665,53.64,,9,F9:13520,F120180713_KP_THP1_w632_P8.raw,1,,Q9Y276|BCS1_HUMAN,,,PEAKS DB,2,LSVAPQQSL,False,450000.0,1.0,N
YAFLHRTL,0.027,SB,,1027,YAFLHRTL,17.79,1019.5552,8,1.2,510.7855,40.48,,1,F1:6260,F120180713_KP_THP1_w632_P1.raw,1,,Q9UH17|ABC3B_HUMAN,,,PEAKS DB,2,YAFLHRTL,False,235000.0,1.0,N
LVNPEGPTL,0.027,SB,,2750,LVNPEGPTL,20.09,938.5073,9,1.5,939.516,57.17,,9,F9:14926,F120180713_KP_THP1_w632_P8.raw,1,,P49327|FAS_HUMAN,,,PEAKS DB,1,LVNPEGPTL,False,1430000.0,1.0,N
TAEGHPKSL,0.027,SB,,2687,TAEGHPKSL,26.08,938.4821,9,-0.1,470.2483,19.41,,4,F4:2528,F120180713_KP_THP1_w632_P4.raw,1,,P42696|RBM34_HUMAN,,,PEAKS DB,2,TAEGHPKSL,False,322000.0,1.0,N
LSDPFYRTL,0.027,SB,,3856,LSDPFYRTL,20.66,1110.5709,9,0.6,556.2931,62.48,,2,F2:9880,F120180713_KP_THP1_w632_P2.raw,2,,Q86WG5|MTMRD_HUMAN,,,PEAKS DB,2,LSDPFYRTL,False,3370000.0,2.0,N
SVIGHHETL,0.027,SB,,1965,SVIGHHETL,23.63,991.5087,9,-0.6,496.7613,26.17,,7,F7:4155,F120180713_KP_THP1_w632_P7.raw,1,,O43529|CHSTA_HUMAN,,,PEAKS DB,2,SVIGHHETL,False,2400000.0,1.0,N
TSIGHVVQL,0.027,SB,,3593,TSIGHVVQL,21.27,952.5342,9,0.6,477.2746,46.86,,8,F8:8745,F120180713_KP_THP1_w632_P10.raw,1,,Q5TC82|RC3H1_HUMAN,,,PEAKS DB,2,TSIGHVVQL,False,523000.0,1.0,N
AASDLAMVL,0.027,SB,,3747,AASDLAMVL,24.58,905.4528,9,0.9,906.4609,70.66,,2,F2:11877,F120180713_KP_THP1_w632_P2.raw,4,,Q765P7|MTSSL_HUMAN,Oxidation (M),M7:Oxidation (M):1000.00,PEAKS DB,1,AASDLAM(+15.99)VL,False,19800000.0,4.0,N
TAYVGSAVM,0.027,SB,,1597,TAYVGSAVM,16.6,913.4215,9,1.4,914.4301,39.17,,9,F9:7943,F120180713_KP_THP1_w632_P8.raw,1,,,Oxidation (M),M9:Oxidation (M):1000.00,PEAKS DB,1,TAYVGSAVM(+15.99),False,6280000.0,1.0,N
AAEERVRTL,0.028,SB,,3831,AAEERVRTL,31.73,1043.5723,9,0.7,522.7938,23.82,,6,F6:4104,F120180713_KP_THP1_w632_P6.raw,1,,Q7Z7A1|CNTRL_HUMAN,,,PEAKS DB,2,AAEERVRTL,False,19700000.0,1.0,N
YIIIPKSSL,0.028,SB,,3130,YIIIPKSSL,22.78,1032.6219,9,0.7,517.3186,57.39,,1,F1:12499,F120180713_KP_THP1_w632_P1.raw,1,,Q12766|HMGX3_HUMAN,,,PEAKS DB,2,YIIIPKSSL,False,5360000.0,1.0,N
LAENISRVL,0.028,SB,,2274,LAENISRVL,20.87,1013.5869,9,0.8,507.8011,51.34,,8,F8:10493,F120180713_KP_THP1_w632_P10.raw,1,,P06737|PYGL_HUMAN,,,PEAKS DB,2,LAENISRVL,False,867000.0,1.0,N
FLDDVVHSL,0.028,SB,,2917,FLDDVVHSL,33.78,1043.5287,9,1.0,522.7722,74.75,56200000.0,29,F29:17952,F120180713_KP_THP1_BB72_P2.raw,2,2.0,Q15652|JHD2C_HUMAN,,,PEAKS DB,2,FLDDVVHSL,False,,,N
SASPAGDSL,0.028,SB,,2227,SASPAGDSL,24.27,803.3661,9,0.2,804.3735,34.3,,5,F5:7871,F120180713_KP_THP1_w632_P5.raw,1,,P01100|FOS_HUMAN,,,PEAKS DB,1,SASPAGDSL,False,5660000.0,1.0,N
VVPEPGTSL,0.028,SB,,3459,VVPEPGTSL,15.54,897.4807,9,0.3,898.4882,51.98,,7,F7:13484,F120180713_KP_THP1_w632_P7.raw,1,,Q16555|DPYL2_HUMAN,,,PEAKS DB,1,VVPEPGTSL,False,2550000.0,1.0,N
VANVSLLAL,0.029,SB,,2924,VANVSLLAL,19.06,898.5488,9,0.3,899.5563,86.89,,5,F5:18370,F120180713_KP_THP1_w632_P5.raw,3,,P62266|RS23_HUMAN,,,PEAKS DB,1,VANVSLLAL,False,78300000.0,3.0,N
YSMPVHAAV,0.029,SB,,3310,YSMPVHAAV,14.62,973.4691,9,-0.3,487.7417,43.62,,9,F9:9667,F120180713_KP_THP1_w632_P8.raw,1,,Q14527|HLTF_HUMAN,,,PEAKS DB,2,YSMPVHAAV,False,180000.0,1.0,N
RAYQRQLVM,0.029,SB,,2125,RAYQRQLVM,18.68,1179.6183,9,0.4,394.2135,23.53,,9,F9:3254,F120180713_KP_THP1_w632_P8.raw,1,,O94855|SC24D_HUMAN,Oxidation (M),M9:Oxidation (M):1000.00,PEAKS DB,3,RAYQRQLVM(+15.99),False,226000.0,1.0,N
YSTPHAFTF,0.029,SB,,2236,YSTPHAFTF,34.24,1069.4868,9,0.8,535.7511,57.43,,3,F3:10881,F120180713_KP_THP1_w632_P3.raw,1,,P04049|RAF1_HUMAN,,,PEAKS DB,2,YSTPHAFTF,False,5730000.0,1.0,N
LAGPDHLSL,0.029,SB,,1499,LAGPDHLSL,19.28,921.4919,9,1.4,461.7539,51.64,,8,F8:10616,F120180713_KP_THP1_w632_P10.raw,1,,,,,PEAKS DB,2,LAGPDHLSL,False,728000.0,1.0,N
IVAQSGPAL,0.029,SB,,3870,IVAQSGPAL,23.1,854.4861,9,0.8,855.4941,46.43,,7,F7:11320,F120180713_KP_THP1_w632_P7.raw,1,,Q86Y56|DAAF5_HUMAN,,,PEAKS DB,1,IVAQSGPAL,False,1960000.0,1.0,N
IAQPVRSFL,0.029,SB,,1396,IAQPVRSFL,19.74,1029.597,9,0.6,515.8061,53.34,,1,F1:10937,F120180713_KP_THP1_w632_P1.raw,1,,,,,PEAKS DB,2,IAQPVRSFL,False,4560000.0,1.0,N
LTIEKISAL,0.029,SB,,1204,LTIEKISAL,16.91,986.6012,9,0.5,494.3081,58.69,,3,F3:11291,F120180713_KP_THP1_w632_P3.raw,1,,,,,PEAKS DB,2,LTIEKISAL,False,490000.0,1.0,N
FALNHPEL,0.029,SB,,1026,FALNHPEL,23.01,939.4814,8,0.6,470.7483,53.12,,1,F1:10853,F120180713_KP_THP1_w632_P1.raw,1,,Q9UGV2|NDRG3_HUMAN,,,PEAKS DB,2,FALNHPEL,False,274000.0,1.0,N
RAFSQSASL,0.029,SB,,4320,RAFSQSASL,22.19,965.493,9,-0.3,483.7537,32.35,,7,F7:6344,F120180713_KP_THP1_w632_P7.raw,1,,Q96LW1|Z354B_HUMAN,,,PEAKS DB,2,RAFSQSASL,False,1520000.0,1.0,N
FANGHVNSV,0.029,SB,,4732,FANGHVNSV,27.3,943.4512,9,0.3,472.733,26.65,,5,F5:5382,F120180713_KP_THP1_w632_P5.raw,2,,Q9NRL2|BAZ1A_HUMAN,,,PEAKS DB,2,FANGHVNSV,False,3540000.0,2.0,N
AAIRGTKEL,0.029,SB,,3679,AAIRGTKEL,34.04,957.5607,9,0.4,479.7878,23.04,,6,F6:3796,F120180713_KP_THP1_w632_P6.raw,1,,Q6PJ21|SPSB3_HUMAN,,,PEAKS DB,2,AAIRGTKEL,False,3290000.0,1.0,N
GAAPVYPVL,0.029,SB,,1319,GAAPVYPVL,13.86,885.4960000000002,9,2.4,886.5054,71.72,,1,F1:17805,F120180713_KP_THP1_w632_P1.raw,1,,,,,PEAKS DB,1,GAAPVYPVL,False,1540000.0,1.0,N
VVYAHSKEL,0.029,SB,,4726,VVYAHSKEL,25.95,1044.5603,9,0.7,523.2878,24.37,,6,F6:4320,F120180713_KP_THP1_w632_P6.raw,1,,Q9NR82|KCNQ5_HUMAN,,,PEAKS DB,2,VVYAHSKEL,False,717000.0,1.0,N
LARPASAAL,0.030,SB,,1510,LARPASAAL,18.69,868.513,9,-0.7,435.2635,31.91,,7,F7:6174,F120180713_KP_THP1_w632_P7.raw,1,,,,,PEAKS DB,2,LARPASAAL,False,214000.0,1.0,N
AAVALAHAL,0.030,SB,,2048,AAVALAHAL,23.54,835.4916,9,1.7,418.7538,42.72,,10,F10:8874,F120180713_KP_THP1_w632_P9.raw,1,,O60763|USO1_HUMAN,,,PEAKS DB,2,AAVALAHAL,False,344000.0,1.0,N
LAQTRSLSL,0.030,SB,,4780,LAQTRSLSL,26.34,987.5713,9,2.1,494.794,39.49,,10,F10:7607,F120180713_KP_THP1_w632_P9.raw,1,,Q9NVP4|DZAN1_HUMAN,,,PEAKS DB,2,LAQTRSLSL,False,1030000.0,1.0,N
YAKDDPLEF,0.030,SB,,2283,YAKDDPLEF,27.21,1096.5077,9,0.3,549.2613,57.09,,1,F1:12381,F120180713_KP_THP1_w632_P1.raw,1,,P06756|ITAV_HUMAN,,,PEAKS DB,2,YAKDDPLEF,False,4890000.0,1.0,N
AATIPSSAM,0.030,SB,,4295,AATIPSSAM,13.6,863.4059,9,0.2,432.7103,32.37,,6,F6:7473,F120180713_KP_THP1_w632_P6.raw,1,,Q96GD3|SCMH1_HUMAN,Oxidation (M),M9:Oxidation (M):1000.00,PEAKS DB,2,AATIPSSAM(+15.99),False,343000.0,1.0,N
ATVPSSPTL,0.031,SB,,4894,ATVPSSPTL,31.44,871.4651,9,0.5,872.4728,50.7,,7,F7:12981,F120180713_KP_THP1_w632_P7.raw,2,,Q9UFD9|RIM3A_HUMAN,,,PEAKS DB,1,ATVPSSPTL,False,14100000.0,2.0,N
FTDAGLKEL,0.031,SB,,5144,FTDAGLKEL,30.13,992.5178,9,0.8,497.2666,49.93,,8,F8:9937,F120180713_KP_THP1_w632_P10.raw,1,,Q9Y6E2|BZW2_HUMAN,,,PEAKS DB,2,FTDAGLKEL,False,55100000.0,1.0,N
LAQEPGPGL,0.031,SB,,1921,LAQEPGPGL,14.83,880.4654,9,0.3,881.4730000000002,48.05,,7,F7:11933,F120180713_KP_THP1_w632_P7.raw,1,,O15417|TNC18_HUMAN,,,PEAKS DB,1,LAQEPGPGL,False,1100000.0,1.0,N
RAHSEPLAL,0.031,SB,,3628,RAHSEPLAL,22.27,992.5403,9,0.6,497.2777,29.67,,10,F10:4133,F120180713_KP_THP1_w632_P9.raw,1,,Q66K64|DCA15_HUMAN,,,PEAKS DB,2,RAHSEPLAL,False,2450000.0,1.0,N
HVLEPLSSL,0.031,SB,,4490,HVLEPLSSL,33.51,993.5494,9,1.3,497.7826,59.79,,3,F3:11701,F120180713_KP_THP1_w632_P3.raw,1,,Q9BTV6|DPH7_HUMAN,,,PEAKS DB,2,HVLEPLSSL,False,1880000.0,1.0,N
FLAEAARSL,0.031,SB,,3572,FLAEAARSL,15.58,976.5341,9,0.9,489.2748,49.33,,8,F8:9704,F120180713_KP_THP1_w632_P10.raw,1,,Q5T447|HECD3_HUMAN,,,PEAKS DB,2,FLAEAARSL,False,1320000.0,1.0,N
RAQDPSEVL,0.031,SB,,3151,RAQDPSEVL,16.94,1013.5142,9,-2.4,507.7631,34.96,,7,F7:7329,F120180713_KP_THP1_w632_P7.raw,1,,Q12905|ILF2_HUMAN,,,PEAKS DB,2,RAQDPSEVL,False,629000.0,1.0,N
FAHSFIEL,0.031,SB,,293,FAHSFIEL,16.94,962.4861,8,0.5,482.2506,65.5,,5,F5:14535,F120180713_KP_THP1_w632_P5.raw,2,,,,,PEAKS DB,2,FAHSFIEL,False,3420000.0,2.0,N
KSFGHSSTL,0.032,SB,,4891,KSFGHSSTL,25.4,962.4821,9,0.0,482.2484,22.37,,6,F6:3532,F120180713_KP_THP1_w632_P6.raw,1,,Q9UEG4|ZN629_HUMAN,,,PEAKS DB,2,KSFGHSSTL,False,703000.0,1.0,N
LATVASPSL,0.032,SB,,687,LATVASPSL,14.21,857.4858,9,0.3,858.4934,74.12,4270000.0,121,F121:17904,F120180713_KP_THP1_BB72_P10new.raw,1,1.0,,,,PEAKS DB,1,LATVASPSL,False,,,N
IAFPTSISV,0.032,SB,,5016,IAFPTSISV,28.77,933.5171,9,0.1,934.5245,84.1,,2,F2:15292,F120180713_KP_THP1_w632_P2.raw,1,,Q9UQ80|PA2G4_HUMAN,,,PEAKS DB,1,IAFPTSISV,False,48400000.0,1.0,N
IIINPSSSL,0.032,SB,,1327,IIINPSSSL,18.74,942.5386,9,2.3,943.548,66.94,,8,F8:16156,F120180713_KP_THP1_w632_P10.raw,1,,,,,PEAKS DB,1,IIINPSSSL,False,6850000.0,1.0,N
RADDGFHLL,0.032,SB,,4647,RADDGFHLL,20.08,1042.5195,9,0.2,522.2672,50.89,,3,F3:8789,F120180713_KP_THP1_w632_P3.raw,1,,Q9H6R4|NOL6_HUMAN,,,PEAKS DB,2,RADDGFHLL,False,1920000.0,1.0,N
FAVASRKTF,0.032,SB,,2570,FAVASRKTF,14.66,1025.5658,9,0.8,513.7906,30.34,,9,F9:4936,F120180713_KP_THP1_w632_P8.raw,1,,P30101|PDIA3_HUMAN,,,PEAKS DB,2,FAVASRKTF,False,196000.0,1.0,N
QAISRASEL,0.032,SB,,4132,QAISRASEL,23.17,973.5192,9,0.5,487.7671,29.45,,6,F6:6325,F120180713_KP_THP1_w632_P6.raw,1,,Q8WYP5|ELYS_HUMAN,,,PEAKS DB,2,QAISRASEL,False,1560000.0,1.0,N
VAPEEHPVL,0.032,SB,,2896,VAPEEHPVL,15.46,989.5182,9,1.3,495.767,36.2,,9,F9:6811,F120180713_KP_THP1_w632_P8.raw,1,,P60709|ACTB_HUMAN:P63261|ACTG_HUMAN,,,PEAKS DB,2,VAPEEHPVL,False,124000.0,1.0,N
MAPPPPRSV,0.032,SB,,3311,MAPPPPRSV,19.49,966.4957,9,1.0,484.2556,28.84,1310000.0,32,F32:3993,F120180713_KP_THP1_BB72_P5.raw,1,1.0,Q75N03|HAKAI_HUMAN,Oxidation (M),M1:Oxidation (M):1000.00,PEAKS DB,2,M(+15.99)APPPPRSV,False,,,N
LAYLQRIAL,0.032,SB,,2610,LAYLQRIAL,21.8,1059.644,9,0.6,530.8296,66.49,,4,F4:11981,F120180713_KP_THP1_w632_P4.raw,1,,P35221|CTNA1_HUMAN,,,PEAKS DB,2,LAYLQRIAL,False,1580000.0,1.0,N
FSHGSQVYM,0.032,SB,,4044,FSHGSQVYM,21.85,1070.4491,9,-0.6,536.2315,26.73,,7,F7:4324,F120180713_KP_THP1_w632_P7.raw,2,,Q8TAQ5|ZN420_HUMAN,Oxidation (M),M9:Oxidation (M):1000.00,PEAKS DB,2,FSHGSQVYM(+15.99),False,4180000.0,2.0,N
KADPDHKEL,0.032,SB,,1100,KADPDHKEL,25.54,1051.5298,9,0.9,526.7726,19.13,,4,F4:2413,F120180713_KP_THP1_w632_P4.raw,0,,A6NHT5|HMX3_HUMAN,,,PEAKS DB,2,KADPDHKEL,False,0.0,0.0,N
WAEEGQRVL,0.032,SB,,3534,WAEEGQRVL,22.65,1086.5458,9,-1.8,544.2792,42.66,,10,F10:8851,F120180713_KP_THP1_w632_P9.raw,1,,Q58EX7|PKHG4_HUMAN,,,PEAKS DB,2,WAEEGQRVL,False,17200000.0,1.0,N
VSTPISPQL,0.033,SB,,3047,VSTPISPQL,24.38,940.5229,9,0.9,941.5311,61.81,,10,F10:16269,F120180713_KP_THP1_w632_P9.raw,2,,Q01826|SATB1_HUMAN,,,PEAKS DB,1,VSTPISPQL,False,198000000.0,2.0,N
YAVEGRDLTL,0.033,SB,,5407,YAVEGRDLTL,30.79,1135.5873,10,1.1,568.8015,55.12,,8,F8:11964,F120180713_KP_THP1_w632_P10.raw,1,,P43308|SSRB_HUMAN,,,PEAKS DB,2,YAVEGRDLTL,False,47200000.0,1.0,N
VANPNSAIF,0.033,SB,,3374,VANPNSAIF,19.66,931.4763,9,1.3,932.4848,58.36,,10,F10:14899,F120180713_KP_THP1_w632_P9.raw,1,,Q15056|IF4H_HUMAN,,,PEAKS DB,1,VANPNSAIF,False,88500000.0,1.0,N
FGASHSASL,0.033,SB,,3910,FGASHSASL,30.69,875.4137,9,-0.2,438.7141,29.58,,6,F6:6377,F120180713_KP_THP1_w632_P6.raw,1,,Q8IXJ9|ASXL1_HUMAN,,,PEAKS DB,2,FGASHSASL,False,661000.0,1.0,N
FQYSKSPSL,0.033,SB,,4296,FQYSKSPSL,32.36,1055.5287,9,0.4,528.7719,40.04,,9,F9:8291,F120180713_KP_THP1_w632_P8.raw,1,,Q96GE4|CEP95_HUMAN,,,PEAKS DB,2,FQYSKSPSL,False,15600000.0,1.0,N
FASPTSPPVL,0.033,SB,,5700,FASPTSPPVL,16.14,1094.5049,10,1.8,548.2607,92.76,,8,F8:22151,F120180713_KP_THP1_w632_P10.raw,2,,Q9UIF9|BAZ2A_HUMAN,Phosphorylation (STY),S6:Phosphorylation (STY):0.00,PEAKS DB,2,FASPTS(+79.97)PPVL,False,5240000.0,2.0,N
SASPPSRAV,0.033,SB,,4281,SASPPSRAV,18.8,870.4559,9,-0.7,436.2349,21.53,,4,F4:3277,F120180713_KP_THP1_w632_P4.raw,1,,Q96EV2|RBM33_HUMAN,,,PEAKS DB,2,SASPPSRAV,False,1000000.0,1.0,N
AAQAPRLAL,0.033,SB,,4081,AAQAPRLAL,25.14,909.5396,9,0.7,455.7774,43.22,,8,F8:7363,F120180713_KP_THP1_w632_P10.raw,1,,Q8TER5|ARH40_HUMAN,,,PEAKS DB,2,AAQAPRLAL,False,2740000.0,1.0,N
YQDPVTLQL,0.033,SB,,631,YQDPVTLQL,19.58,1075.5549,9,-0.1,538.7847,78.88,561000.0,29,F29:19591,F120180713_KP_THP1_BB72_P2.raw,1,1.0,,,,PEAKS DB,2,YQDPVTLQL,False,,,N
AALEAQNAL,0.033,SB,,2162,AALEAQNAL,25.98,899.4712,9,0.2,450.74300000000005,48.73,,7,F7:12201,F120180713_KP_THP1_w632_P7.raw,2,,O95319|CELF2_HUMAN,,,PEAKS DB,2,AALEAQNAL,False,4430000.0,2.0,N
YLVPDTQAL,0.034,SB,,4662,YLVPDTQAL,24.51,1018.5335,9,-0.6,510.2737,76.86,832000.0,121,F121:18992,F120180713_KP_THP1_BB72_P10new.raw,1,1.0,Q9UPR3|SMG5_HUMAN,,,PEAKS DB,2,YLVPDTQAL,False,,,N
LAYLRLNTL,0.034,SB,,2269,LAYLRLNTL,24.78,1075.6389,9,0.5,538.827,65.83,,4,F4:11868,F120180713_KP_THP1_w632_P4.raw,1,,P06400|RB_HUMAN,,,PEAKS DB,2,LAYLRLNTL,False,1270000.0,1.0,N
LSMVPITSL,0.034,SB,,4808,LSMVPITSL,22.06,959.5361,9,-0.1,960.5433,88.96,,5,F5:18992,F120180713_KP_THP1_w632_P5.raw,1,,Q9NXK8|FXL12_HUMAN,,,PEAKS DB,1,LSMVPITSL,False,2020000.0,1.0,N
SSTPSAPEL,0.034,SB,,4225,SSTPSAPEL,22.48,887.4236,9,0.1,888.4309,47.38,,7,F7:11679,F120180713_KP_THP1_w632_P7.raw,2,,Q93100|KPBB_HUMAN,,,PEAKS DB,1,SSTPSAPEL,False,26700000.0,2.0,N
FIVVNTQSL,0.034,SB,,1196,FIVVNTQSL,18.27,1019.5651,9,0.6,510.7902,74.17,,1,F1:18783,F120180713_KP_THP1_w632_P1.raw,2,,,,,PEAKS DB,2,FIVVNTQSL,False,8810000.0,2.0,N
FVKTGSSSL,0.034,SB,,1351,FVKTGSSSL,17.85,924.4916,9,-0.3,463.253,28.72,,6,F6:6036,F120180713_KP_THP1_w632_P6.raw,1,,,,,PEAKS DB,2,FVKTGSSSL,False,621000.0,1.0,N
LANGVLASL,0.034,SB,,4103,LANGVLASL,15.02,856.5018,9,0.5,857.5095,74.97,,3,F3:16903,F120180713_KP_THP1_w632_P3.raw,1,,Q8WUM4|PDC6I_HUMAN,,,PEAKS DB,1,LANGVLASL,False,2340000.0,1.0,N
QAIRAGLEL,0.034,SB,,4741,QAIRAGLEL,16.99,969.5607,9,1.1,485.7881,47.79,,8,F8:9113,F120180713_KP_THP1_w632_P10.raw,1,,Q9NTI5|PDS5B_HUMAN,,,PEAKS DB,2,QAIRAGLEL,False,6990000.0,1.0,N
FGYDSPHDL,0.034,SB,,4267,FGYDSPHDL,28.09,1049.4454,9,1.0,525.7305,47.76,,10,F10:10853,F120180713_KP_THP1_w632_P9.raw,1,,Q96CW6|S7A6O_HUMAN,,,PEAKS DB,2,FGYDSPHDL,False,918000.0,1.0,N
LAAGVVSAM,0.034,SB,,4628,LAAGVVSAM,12.94,833.4317,9,2.3,834.4409,41.78,,10,F10:8495,F120180713_KP_THP1_w632_P9.raw,1,,Q9H3U1|UN45A_HUMAN,Oxidation (M),M9:Oxidation (M):1000.00,PEAKS DB,1,LAAGVVSAM(+15.99),False,790000.0,1.0,N
FAADVLMAI,0.034,SB,,1303,FAADVLMAI,16.7,965.4892,9,0.9,483.7523,87.25,,10,F10:22653,F120180713_KP_THP1_w632_P9.raw,3,,,Oxidation (M),M7:Oxidation (M):1000.00,PEAKS DB,2,FAADVLM(+15.99)AI,False,1300000.0,3.0,N
QASDHRPVL,0.034,SB,,1880,QASDHRPVL,23.32,1021.5305,9,1.7,511.7734,23.78,,6,F6:4085,F120180713_KP_THP1_w632_P6.raw,1,,O15056|SYNJ2_HUMAN,,,PEAKS DB,2,QASDHRPVL,False,1610000.0,1.0,N
FLDEKTHEL,0.035,SB,,4159,FLDEKTHEL,23.83,1130.5608,9,1.1,566.2883,49.95,1090000.0,122,F122:7033,F120180713_KP_THP1_BB72_P8.raw,1,1.0,Q9H0K6|PUS7L_HUMAN,,,PEAKS DB,2,FLDEKTHEL,False,,,N
AANPRGVFM,0.035,SB,,2529,AANPRGVFM,14.63,977.4753,9,1.7,489.7457,32.17,,10,F10:4916,F120180713_KP_THP1_w632_P9.raw,1,,P26640|SYVC_HUMAN,Oxidation (M),M9:Oxidation (M):1000.00,PEAKS DB,2,AANPRGVFM(+15.99),False,118000.0,1.0,N
IANDRFINM,0.035,SB,,1966,IANDRFINM,29.22,1092.5386,9,1.5,547.2774,50.43,,8,F8:10133,F120180713_KP_THP1_w632_P10.raw,1,,O43592|XPOT_HUMAN,,,PEAKS DB,2,IANDRFINM,False,486000.0,1.0,N
IAQNESPVL,0.036,SB,,1395,IAQNESPVL,14.55,969.5131,9,0.2,485.7639,49.21,,7,F7:12386,F120180713_KP_THP1_w632_P7.raw,1,,,,,PEAKS DB,2,IAQNESPVL,False,708000.0,1.0,N
RAVPVGSGL,0.036,SB,,4616,RAVPVGSGL,28.12,854.4974,9,-0.3,428.2558,33.26,,7,F7:6691,F120180713_KP_THP1_w632_P7.raw,2,,Q9H3H1|MOD5_HUMAN,,,PEAKS DB,2,RAVPVGSGL,False,38000000.0,2.0,N
FQYPDTRYL,0.036,SB,,4816,FQYPDTRYL,24.21,1201.5768,9,1.5,601.7966,60.61,,1,F1:13745,F120180713_KP_THP1_w632_P1.raw,1,,Q9NY61|AATF_HUMAN,,,PEAKS DB,2,FQYPDTRYL,False,8280000.0,1.0,N
QAINRQTAL,0.036,SB,,4640,QAINRQTAL,18.35,1013.5618,9,0.3,507.7883,28.04,,6,F6:5771,F120180713_KP_THP1_w632_P6.raw,1,,Q9H583|HEAT1_HUMAN,,,PEAKS DB,2,QAINRQTAL,False,1070000.0,1.0,N
FSYVSPEL,0.037,SB,,366,FSYVSPEL,16.86,940.4542,8,1.5,941.4628,73.95,,1,F1:18692,F120180713_KP_THP1_w632_P1.raw,1,,,,,PEAKS DB,1,FSYVSPEL,False,6450000.0,1.0,N
FSDENVRAI,0.037,SB,,2744,FSDENVRAI,24.37,1049.5142,9,0.7,525.7647,40.42,,9,F9:8432,F120180713_KP_THP1_w632_P8.raw,1,,P48736|PK3CG_HUMAN,,,PEAKS DB,2,FSDENVRAI,False,2080000.0,1.0,N
MASLGALAL,0.037,SB,,2805,MASLGALAL,21.9,861.4630000000002,9,0.1,862.4703,76.47,,4,F4:13653,F120180713_KP_THP1_w632_P4.raw,3,,P51571|SSRD_HUMAN,Oxidation (M),M1:Oxidation (M):1000.00,PEAKS DB,1,M(+15.99)ASLGALAL,False,11900000.0,3.0,N
FADPHGKRV,0.037,SB,,2061,FADPHGKRV,27.9,1025.5406,9,0.3,513.7778,19.78,,5,F5:2724,F120180713_KP_THP1_w632_P5.raw,1,,O75122|CLAP2_HUMAN,,,PEAKS DB,2,FADPHGKRV,False,1470000.0,1.0,N
KAEDSARTL,0.037,SB,,3969,KAEDSARTL,24.35,989.5142,9,0.8,495.7648,19.92,,5,F5:2784,F120180713_KP_THP1_w632_P5.raw,1,,Q8N3Y1|FBXW8_HUMAN,,,PEAKS DB,2,KAEDSARTL,False,1700000.0,1.0,N
FAHSGFQL,0.037,SB,,292,FAHSGFQL,14.48,905.4395,8,0.6,453.7273,48.57,,1,F1:9194,F120180713_KP_THP1_w632_P1.raw,1,,,,,PEAKS DB,2,FAHSGFQL,False,777000.0,1.0,N
IADSGLKIL,0.037,SB,,4873,IADSGLKIL,21.75,928.5593,9,0.9,465.2874,56.55,,1,F1:12169,F120180713_KP_THP1_w632_P1.raw,1,,Q9P2R7|SUCB1_HUMAN,,,PEAKS DB,2,IADSGLKIL,False,1090000.0,1.0,N
YLIEPDVEL,0.037,SB,,3434,YLIEPDVEL,17.54,1089.5593,9,0.9,545.7874,96.9,3290000.0,31,F31:18957,F120180713_KP_THP1_BB72_P4.raw,1,1.0,Q8IUR7|ARMC8_HUMAN,,,PEAKS DB,2,YLIEPDVEL,False,,,N
SADVSYKVL,0.037,SB,,3791,SADVSYKVL,26.24,980.5178,9,0.5,491.2664,44.24,,10,F10:9470,F120180713_KP_THP1_w632_P9.raw,1,,Q7Z3Z4|PIWL4_HUMAN,,,PEAKS DB,2,SADVSYKVL,False,314000.0,1.0,N
ATDPSARTL,0.038,SB,,2315,ATDPSARTL,14.63,930.4771,9,-0.1,466.2458,25.95,,5,F5:5111,F120180713_KP_THP1_w632_P5.raw,1,,P08243|ASNS_HUMAN,,,PEAKS DB,2,ATDPSARTL,False,2350000.0,1.0,N
IGNPHHVSL,0.038,SB,,3264,IGNPHHVSL,23.03,972.5141,9,-0.2,487.2643,26.32,,7,F7:4193,F120180713_KP_THP1_w632_P7.raw,1,,Q14146|URB2_HUMAN,,,PEAKS DB,2,IGNPHHVSL,False,2120000.0,1.0,N
LANGHTLDL,0.038,SB,,3004,LANGHTLDL,24.36,952.4978,9,1.4,477.2568,41.22,,10,F10:8275,F120180713_KP_THP1_w632_P9.raw,1,,P98160|PGBM_HUMAN,,,PEAKS DB,2,LANGHTLDL,False,700000.0,1.0,N
VIYPARISL,0.038,SB,,2512,VIYPARISL,22.39,1030.6174,9,1.2,516.3166,59.78,,3,F3:11696,F120180713_KP_THP1_w632_P3.raw,1,,P25685|DNJB1_HUMAN,,,PEAKS DB,2,VIYPARISL,False,65500000.0,1.0,N
FIQEIEHAL,0.038,SB,,3789,FIQEIEHAL,30.33,1098.5709,9,1.0,550.2933,64.63,26000000.0,29,F29:14274,F120180713_KP_THP1_BB72_P2.raw,2,2.0,Q96A65|EXOC4_HUMAN,,,PEAKS DB,2,FIQEIEHAL,False,,,N
FADPHSKRV,0.038,SB,,3802,FADPHSKRV,30.83,1055.5511,9,0.1,528.7829,19.8,,5,F5:2733,F120180713_KP_THP1_w632_P5.raw,1,,Q7Z460|CLAP1_HUMAN,,,PEAKS DB,2,FADPHSKRV,False,3070000.0,1.0,N
SADGMRLAL,0.038,SB,,4870,SADGMRLAL,21.21,948.4698,9,1.0,475.2427,38.04,,1,F1:5456,F120180713_KP_THP1_w632_P1.raw,1,,Q9P2J5|SYLC_HUMAN,Oxidation (M),M5:Oxidation (M):1000.00,PEAKS DB,2,SADGM(+15.99)RLAL,False,1080000.0,1.0,N
FLQEHNTTL,0.038,SB,,4463,FLQEHNTTL,26.56,1101.5454,9,1.0,551.7805,51.1,14100000.0,122,F122:7361,F120180713_KP_THP1_BB72_P8.raw,2,2.0,Q9P219|DAPLE_HUMAN,,,PEAKS DB,2,FLQEHNTTL,False,,,N
ISVASFQEL,0.038,SB,,1347,ISVASFQEL,18.73,992.5178,9,0.8,993.5259,79.29,,2,F2:13806,F120180713_KP_THP1_w632_P2.raw,1,,,,,PEAKS DB,1,ISVASFQEL,False,5130000.0,1.0,N
ASVDKVLEL,0.039,SB,,1857,ASVDKVLEL,22.91,972.5491,9,0.7,487.2822,56.89,,1,F1:12305,F120180713_KP_THP1_w632_P1.raw,1,,O14979|HNRDL_HUMAN,,,PEAKS DB,2,ASVDKVLEL,False,1000000.0,1.0,N
YADPNFVRTF,0.039,SB,,5269,YADPNFVRTF,16.26,1228.5876,10,1.3,615.3019,60.5,,1,F1:13704,F120180713_KP_THP1_w632_P1.raw,1,,,,,PEAKS DB,2,YADPNFVRTF,False,285000.0,1.0,N
VIIGSTHVL,0.039,SB,,1784,VIIGSTHVL,22.99,937.5596,9,1.3,469.7877,49.48,,8,F8:9764,F120180713_KP_THP1_w632_P10.raw,1,,O00186|STXB3_HUMAN,,,PEAKS DB,2,VIIGSTHVL,False,4540000.0,1.0,N
GAVGPSNEL,0.039,SB,,4974,GAVGPSNEL,12.61,842.4134,9,0.1,843.4207,41.92,,6,F6:10753,F120180713_KP_THP1_w632_P6.raw,1,,Q9UMS6|SYNP2_HUMAN,,,PEAKS DB,1,GAVGPSNEL,False,3720000.0,1.0,N
AAVKQLLSL,0.039,SB,,1623,AAVKQLLSL,14.89,941.5909,9,0.4,471.8029,57.8,,2,F2:8841,F120180713_KP_THP1_w632_P2.raw,1,,,,,PEAKS DB,2,AAVKQLLSL,False,232000.0,1.0,N
AAVSVRPVL,0.039,SB,,5070,AAVSVRPVL,30.38,910.5599,9,0.6,456.2875,43.81,,10,F10:9299,F120180713_KP_THP1_w632_P9.raw,1,,Q9Y3R5|DOP2_HUMAN,,,PEAKS DB,2,AAVSVRPVL,False,784000.0,1.0,N
IAQNDSPTL,0.039,SB,,4603,IAQNDSPTL,22.33,957.4767,9,0.1,479.7457,42.11,,6,F6:10825,F120180713_KP_THP1_w632_P6.raw,1,,Q9H2K8|TAOK3_HUMAN,,,PEAKS DB,2,IAQNDSPTL,False,2610000.0,1.0,N
LAIITKMTL,0.039,SB,,2988,LAIITKMTL,14.9,1018.6096,9,0.1,510.3121,50.67,,4,F4:9219,F120180713_KP_THP1_w632_P4.raw,1,,P78415|IRX3_HUMAN:P78411|IRX5_HUMAN,Oxidation (M),M7:Oxidation (M):1000.00,PEAKS DB,2,LAIITKM(+15.99)TL,False,963000.0,1.0,N
AAQGKTRTL,0.040,SB,,1928,AAQGKTRTL,31.61,944.5403,9,-0.1,473.2774,19.2,,4,F4:2441,F120180713_KP_THP1_w632_P4.raw,2,,O15492|RGS16_HUMAN,,,PEAKS DB,2,AAQGKTRTL,False,6360000.0,2.0,N
VSDFGGRSL,0.040,SB,,2535,VSDFGGRSL,26.48,936.4664,9,0.6,469.2408,37.31,,9,F9:7211,F120180713_KP_THP1_w632_P8.raw,1,,P27694|RFA1_HUMAN,,,PEAKS DB,2,VSDFGGRSL,False,3100000.0,1.0,N
VATLVYHAL,0.040,SB,,3731,VATLVYHAL,21.28,985.5596,9,1.1,493.7876,51.46,,1,F1:10235,F120180713_KP_THP1_w632_P1.raw,1,,Q6ZV70|LANC3_HUMAN,,,PEAKS DB,2,VATLVYHAL,False,181000.0,1.0,N
IVIDPKNPL,0.040,SB,,2579,IVIDPKNPL,29.4,1007.6015,9,3.2,504.8097,55.08,,8,F8:11946,F120180713_KP_THP1_w632_P10.raw,1,,P30260|CDC27_HUMAN,,,PEAKS DB,2,IVIDPKNPL,False,20100000.0,1.0,N
VANTMRTSL,0.040,SB,,2741,VANTMRTSL,28.49,1007.507,9,-0.2,504.7607,24.0,,7,F7:3407,F120180713_KP_THP1_w632_P7.raw,1,,P48643|TCPE_HUMAN,Oxidation (M),M5:Oxidation (M):1000.00,PEAKS DB,2,VANTM(+15.99)RTSL,False,933000.0,1.0,N
TAMPVTQSV,0.040,SB,,1572,TAMPVTQSV,14.0,948.4586,9,0.6,475.2368,33.2,,6,F6:7774,F120180713_KP_THP1_w632_P6.raw,1,,,Oxidation (M),M3:Oxidation (M):1000.00,PEAKS DB,2,TAM(+15.99)PVTQSV,False,194000.0,1.0,N
RAAGVVLEM,0.040,SB,,5024,RAAGVVLEM,18.84,944.5113,9,1.2,473.2635,46.74,,8,F8:8698,F120180713_KP_THP1_w632_P10.raw,1,,Q9Y230|RUVB2_HUMAN,,,PEAKS DB,2,RAAGVVLEM,False,350000.0,1.0,N
FIDQHRAAL,0.040,SB,,4966,FIDQHRAAL,22.85,1069.5669,9,-0.7,535.7903,30.09,,7,F7:5491,F120180713_KP_THP1_w632_P7.raw,2,,Q9ULZ3|ASC_HUMAN,,,PEAKS DB,2,FIDQHRAAL,False,3800000.0,2.0,N
KANPALYVL,0.041,SB,,3666,KANPALYVL,26.83,987.5753,9,1.3,494.7955,53.79,,3,F3:9707,F120180713_KP_THP1_w632_P3.raw,1,,Q6P2Q9|PRP8_HUMAN,,,PEAKS DB,2,KANPALYVL,False,1460000.0,1.0,N
FLVEHNLVL,0.041,SB,,4785,FLVEHNLVL,28.88,1082.6124,9,0.9,542.314,94.19,7900000.0,31,F31:17882,F120180713_KP_THP1_BB72_P4.raw,1,1.0,Q9Y4C1|KDM3A_HUMAN,,,PEAKS DB,2,FLVEHNLVL,False,,,N
FAGVERLAL,0.041,SB,,2981,FAGVERLAL,14.87,974.5549,9,0.9,488.2851,61.07,,3,F3:12186,F120180713_KP_THP1_w632_P3.raw,1,,P78371|TCPB_HUMAN,,,PEAKS DB,2,FAGVERLAL,False,614000.0,1.0,N
FIISNETSL,0.041,SB,,3736,FIISNETSL,17.43,1022.5284,9,0.5,512.2717,72.91,,1,F1:18278,F120180713_KP_THP1_w632_P1.raw,1,,Q70SY1|CR3L2_HUMAN,,,PEAKS DB,2,FIISNETSL,False,1140000.0,1.0,N
FVHDLVLYL,0.041,SB,,2505,FVHDLVLYL,34.65,1117.6172,9,2.1,1118.6268,82.92,255000000.0,28,F28:22887,F120180713_KP_THP1_BB72_P1.raw,6,6.0,Q00610|CLH1_HUMAN:P53675|CLH2_HUMAN,,,PEAKS DB,1,FVHDLVLYL,False,,,N
AAEEGLREL,0.041,SB,,1953,AAEEGLREL,20.53,986.5032,9,1.1,494.2594,38.15,,9,F9:7540,F120180713_KP_THP1_w632_P8.raw,1,,O43293|DAPK3_HUMAN,,,PEAKS DB,2,AAEEGLREL,False,7870000.0,1.0,N
KSYTHPSSL,0.041,SB,,4396,KSYTHPSSL,34.58,1018.5084,9,0.2,510.2616,22.86,,6,F6:3722,F120180713_KP_THP1_w632_P6.raw,1,,Q96T25|ZIC5_HUMAN:Q15915|ZIC1_HUMAN:O60481|ZIC3_HUMAN:O95409|ZIC2_HUMAN,,,PEAKS DB,2,KSYTHPSSL,False,13400000.0,1.0,N
TVMDKTRAL,0.041,SB,,3542,TVMDKTRAL,15.65,1033.559,9,0.4,517.7869999999998,27.85,,6,F6:5697,F120180713_KP_THP1_w632_P6.raw,1,,Q5EG05|CAR16_HUMAN:P29466|CASP1_HUMAN,,,PEAKS DB,2,TVMDKTRAL,False,1600000.0,1.0,N
AANPLSGSL,0.042,SB,,1611,AANPLSGSL,14.38,828.4341,9,2.1,829.4431,58.49,,10,F10:14951,F120180713_KP_THP1_w632_P9.raw,1,,,,,PEAKS DB,1,AANPLSGSL,False,3140000.0,1.0,N
VAALSGRPL,0.042,SB,,1530,VAALSGRPL,17.19,882.5287,9,0.8,442.272,36.92,,9,F9:7068,F120180713_KP_THP1_w632_P8.raw,1,,,,,PEAKS DB,2,VAALSGRPL,False,306000.0,1.0,N
RSIETSSTL,0.042,SB,,4389,RSIETSSTL,24.15,992.5138,9,0.2,497.2643,29.33,,6,F6:6275,F120180713_KP_THP1_w632_P6.raw,1,,Q96SN8|CK5P2_HUMAN,,,PEAKS DB,2,RSIETSSTL,False,301000.0,1.0,N
TAQSPGMNL,0.042,SB,,4632,TAQSPGMNL,25.95,933.4226,9,-0.3,467.7184,31.48,,7,F7:6006,F120180713_KP_THP1_w632_P7.raw,2,,Q9H4A3|WNK1_HUMAN,Oxidation (M),M7:Oxidation (M):1000.00,PEAKS DB,2,TAQSPGM(+15.99)NL,False,1330000.0,2.0,N
YVISQKESL,0.042,SB,,3891,YVISQKESL,22.28,1065.5706,9,1.2,533.7932,38.88,,9,F9:7831,F120180713_KP_THP1_w632_P8.raw,1,,Q8IW35|CEP97_HUMAN,,,PEAKS DB,2,YVISQKESL,False,2800000.0,1.0,N
VADHIQKVM,0.043,SB,,5137,VADHIQKVM,17.14,1055.5433,9,-0.3,528.7788,21.2,,6,F6:3064,F120180713_KP_THP1_w632_P6.raw,1,,Q9Y678|COPG1_HUMAN,Oxidation (M),M9:Oxidation (M):1000.00,PEAKS DB,2,VADHIQKVM(+15.99),False,325000.0,1.0,N
AAAIKALEL,0.043,SB,,3093,AAAIKALEL,23.28,898.5487,9,-0.1,450.2816,52.97,,1,F1:10794,F120180713_KP_THP1_w632_P1.raw,1,,Q05086|UBE3A_HUMAN,,,PEAKS DB,2,AAAIKALEL,False,1050000.0,1.0,N
MAYGSAKDL,0.043,SB,,3777,MAYGSAKDL,25.54,970.4429,9,-0.2,486.2286,28.9,,7,F7:5080,F120180713_KP_THP1_w632_P7.raw,1,,Q7RTN6|STRAA_HUMAN,Oxidation (M),M1:Oxidation (M):1000.00,PEAKS DB,2,M(+15.99)AYGSAKDL,False,971000.0,1.0,N
LAQKPGAPL,0.043,SB,,3888,LAQKPGAPL,15.57,893.5334,9,0.3,447.7741,30.15,,6,F6:6603,F120180713_KP_THP1_w632_P6.raw,1,,Q8IV53|DEN1C_HUMAN,,,PEAKS DB,2,LAQKPGAPL,False,82000.0,1.0,N
FADPHGKRVF,0.043,SB,,5310,FADPHGKRVF,13.95,1172.609,10,1.1,587.3124,27.54,,9,F9:4128,F120180713_KP_THP1_w632_P8.raw,1,,O75122|CLAP2_HUMAN,,,PEAKS DB,2,FADPHGKRVF,False,2250000.0,1.0,N
LADVKVHIL,0.043,SB,,4735,LADVKVHIL,27.28,1006.6175,9,1.3,504.3167,45.99,,1,F1:8235,F120180713_KP_THP1_w632_P1.raw,1,,Q9NRX1|PNO1_HUMAN,,,PEAKS DB,2,LADVKVHIL,False,1510000.0,1.0,N
KAIRQTSEL,0.043,SB,,1337,KAIRQTSEL,13.29,1044.5928,9,0.4,523.3039,22.12,,6,F6:3431,F120180713_KP_THP1_w632_P6.raw,1,,,,,PEAKS DB,2,KAIRQTSEL,False,372000.0,1.0,N
AADAALRVL,0.043,SB,,2874,AADAALRVL,20.52,898.5236,9,1.5,450.2697,49.35,,8,F8:9712,F120180713_KP_THP1_w632_P10.raw,1,,P55265|DSRAD_HUMAN,,,PEAKS DB,2,AADAALRVL,False,149000.0,1.0,N
FADPHSKRVF,0.043,SB,,5550,FADPHSKRVF,22.99,1202.6196,10,0.0,401.8805,27.44,,9,F9:4105,F120180713_KP_THP1_w632_P8.raw,1,,Q7Z460|CLAP1_HUMAN,,,PEAKS DB,3,FADPHSKRVF,False,1410000.0,1.0,N
AAANPTLAF,0.044,SB,,4046,AAANPTLAF,21.23,874.4548,9,1.6,438.2354,65.07,,8,F8:15414,F120180713_KP_THP1_w632_P10.raw,1,,Q8TB72|PUM2_HUMAN,,,PEAKS DB,2,AAANPTLAF,False,550000.0,1.0,N
NADPIAKYL,0.044,SB,,3837,NADPIAKYL,33.71,1003.5338,9,1.1,502.7747,59.51,,3,F3:11592,F120180713_KP_THP1_w632_P3.raw,1,,Q7Z7L1|SLN11_HUMAN,,,PEAKS DB,2,NADPIAKYL,False,5200000.0,1.0,N
FTVNPKGEL,0.044,SB,,3333,FTVNPKGEL,31.38,1003.5338,9,0.6,502.7745,44.02,,10,F10:9382,F120180713_KP_THP1_w632_P9.raw,1,,Q14693|LPIN1_HUMAN,,,PEAKS DB,2,FTVNPKGEL,False,4410000.0,1.0,N
VAVTRAKAL,0.044,SB,,4684,VAVTRAKAL,14.05,927.5865,9,-0.2,464.8004,23.58,,6,F6:4006,F120180713_KP_THP1_w632_P6.raw,1,,Q9HCE1|MOV10_HUMAN,,,PEAKS DB,2,VAVTRAKAL,False,2200000.0,1.0,N
VSDSGAHVL,0.044,SB,,4778,VSDSGAHVL,22.58,883.4399,9,0.0,442.7272,29.29,,6,F6:6262,F120180713_KP_THP1_w632_P6.raw,1,,Q9NVM9|ASUN_HUMAN,,,PEAKS DB,2,VSDSGAHVL,False,1080000.0,1.0,N
VVVQPYNSL,0.044,SB,,2501,VVVQPYNSL,27.09,1017.5495,9,1.1,509.7826,60.23,,10,F10:15634,F120180713_KP_THP1_w632_P9.raw,2,,P23258|TBG1_HUMAN:Q9NRH3|TBG2_HUMAN,,,PEAKS DB,2,VVVQPYNSL,False,25600000.0,2.0,N
AAEKGVRTL,0.044,SB,,1217,AAEKGVRTL,14.47,943.545,9,0.9,472.7802,32.85,144000.0,32,F32:5086,F120180713_KP_THP1_BB72_P5.raw,1,1.0,O60664|PLIN3_HUMAN,,,PEAKS DB,2,AAEKGVRTL,False,,,N
HAIMRSPQM,0.044,SB,,2615,HAIMRSPQM,31.45,1085.511,9,-0.6,543.7625,21.29,,7,F7:2719,F120180713_KP_THP1_w632_P7.raw,1,,P35222|CTNB1_HUMAN,Oxidation (M),M9:Oxidation (M):78.33,PEAKS DB,2,HAIMRSPQM(+15.99),False,4940000.0,1.0,N
FAMPYFIQV,0.044,SB,,2502,FAMPYFIQV,18.51,1130.547,9,0.6,566.2811,89.11,1350000.0,29,F29:23135,F120180713_KP_THP1_BB72_P2.raw,1,1.0,Q00610|CLH1_HUMAN,Oxidation (M),M3:Oxidation (M):1000.00,PEAKS DB,2,FAM(+15.99)PYFIQV,False,,,N
SSFSHKSSL,0.045,SB,,4942,SSFSHKSSL,30.12,978.4771,9,0.7,490.2461,21.89,,6,F6:3341,F120180713_KP_THP1_w632_P6.raw,1,,Q9ULD5|ZN777_HUMAN,,,PEAKS DB,2,SSFSHKSSL,False,583000.0,1.0,N
LAHGERAEL,0.045,SB,,3182,LAHGERAEL,24.97,994.5195,9,0.5,498.2673,22.94,,6,F6:3757,F120180713_KP_THP1_w632_P6.raw,1,,Q13200|PSMD2_HUMAN,,,PEAKS DB,2,LAHGERAEL,False,2540000.0,1.0,N
STSAPGPAL,0.045,SB,,3752,STSAPGPAL,17.85,799.4075,9,0.6,800.4153,40.97,,6,F6:10384,F120180713_KP_THP1_w632_P6.raw,1,,Q7L0R7|RNF44_HUMAN,,,PEAKS DB,1,STSAPGPAL,False,4340000.0,1.0,N
TSAPTGHTF,0.045,SB,,3922,TSAPTGHTF,34.91,917.4243,9,0.7,918.4322,27.0,,6,F6:5367,F120180713_KP_THP1_w632_P6.raw,2,,Q8IYS2|K2013_HUMAN,,,PEAKS DB,1,TSAPTGHTF,False,11300000.0,2.0,N
LAYIAHPKL,0.045,SB,,2730,LAYIAHPKL,28.89,1024.6069,9,1.0,513.3113,37.05,,10,F10:6658,F120180713_KP_THP1_w632_P9.raw,2,,P47914|RL29_HUMAN,,,PEAKS DB,2,LAYIAHPKL,False,6180000.0,2.0,N
FTDEESRVF,0.045,SB,,4819,FTDEESRVF,25.57,1128.5087,9,1.5,565.2625,46.39,,10,F10:10314,F120180713_KP_THP1_w632_P9.raw,1,,Q9NYF8|BCLF1_HUMAN,,,PEAKS DB,2,FTDEESRVF,False,711000.0,1.0,N
AALVPRQAL,0.045,SB,,1615,AALVPRQAL,17.28,937.5709,9,1.6,469.7935,40.85,,9,F9:8594,F120180713_KP_THP1_w632_P8.raw,1,,,,,PEAKS DB,2,AALVPRQAL,False,1960000.0,1.0,N
QAALPGHPL,0.045,SB,,1232,QAALPGHPL,19.54,902.4974,9,6.8,452.259,36.04,,7,F7:7753,F120180713_KP_THP1_w632_P7.raw,2,,,,,PEAKS DB,2,QAALPGHPL,False,514000.0,2.0,N
SAKSPTATF,0.045,SB,,4676,SAKSPTATF,20.28,988.4266,9,0.2,495.2207,36.98,,6,F6:9010,F120180713_KP_THP1_w632_P6.raw,1,,Q9HC44|GPBL1_HUMAN,Phosphorylation (STY),S4:Phosphorylation (STY):9.40,PEAKS DB,2,SAKS(+79.97)PTATF,False,2170000.0,1.0,N
LAKAAGPEL,0.045,SB,,1504,LAKAAGPEL,13.14,868.5018,9,-0.5,435.258,31.43,,7,F7:5987,F120180713_KP_THP1_w632_P7.raw,1,,,,,PEAKS DB,2,LAKAAGPEL,False,206000.0,1.0,N
FQNPFRSEL,0.045,SB,,2472,FQNPFRSEL,30.68,1136.5614,9,1.2,569.2886,61.28,,3,F3:12263,F120180713_KP_THP1_w632_P3.raw,2,,P18887|XRCC1_HUMAN,,,PEAKS DB,2,FQNPFRSEL,False,57700000.0,2.0,N
GAINHVLQL,0.046,SB,,4260,GAINHVLQL,22.21,963.5502,9,-0.2,482.7823,54.18,,3,F3:9833,F120180713_KP_THP1_w632_P3.raw,1,,Q96C10|DHX58_HUMAN,,,PEAKS DB,2,GAINHVLQL,False,1580000.0,1.0,N
ISHSSLTSL,0.046,SB,,3564,ISHSSLTSL,29.16,943.4974,9,0.7,472.7563,37.5,,9,F9:7286,F120180713_KP_THP1_w632_P8.raw,1,,Q5T011|SZT2_HUMAN,,,PEAKS DB,2,ISHSSLTSL,False,996000.0,1.0,N
YAVGDVKCL,0.046,SB,,2404,YAVGDVKCL,23.31,966.4844,9,0.0,484.2495,44.19,,9,F9:9889,F120180713_KP_THP1_w632_P8.raw,1,,P13861|KAP2_HUMAN,,,PEAKS DB,2,YAVGDVKCL,False,131000.0,1.0,N
AVADHIPQL,0.046,SB,,4795,AVADHIPQL,16.1,962.5185,9,2.2,482.2676,60.38,560000.0,121,F121:12413,F120180713_KP_THP1_BB72_P10new.raw,1,1.0,Q9Y4G6|TLN2_HUMAN,,,PEAKS DB,2,AVADHIPQL,False,,,N
AAAGRSPHL,0.046,SB,,2364,AAAGRSPHL,29.21,878.4722,9,0.7,440.2437,20.94,,5,F5:3188,F120180713_KP_THP1_w632_P5.raw,1,,P11717|MPRI_HUMAN,,,PEAKS DB,2,AAAGRSPHL,False,716000.0,1.0,N
YAEVGRVL,0.046,SB,,528,YAEVGRVL,30.19,905.497,8,1.6,453.7565,41.47,,10,F10:8377,F120180713_KP_THP1_w632_P9.raw,2,,O75179|ANR17_HUMAN:Q8IWZ3|ANKH1_HUMAN,,,PEAKS DB,2,YAEVGRVL,False,16900000.0,2.0,N
YVVPYMIHL,0.046,SB,,3479,YVVPYMIHL,12.92,1133.5944,9,0.6,567.8048,79.28,,9,F9:20516,F120180713_KP_THP1_w632_P8.raw,1,,Q29RF7|PDS5A_HUMAN,,,PEAKS DB,2,YVVPYMIHL,False,435000.0,1.0,N
IAEEQQRIL,0.046,SB,,3460,IAEEQQRIL,26.22,1098.6033,9,0.9,550.3094,37.45,,9,F9:7266,F120180713_KP_THP1_w632_P8.raw,1,,Q16555|DPYL2_HUMAN,,,PEAKS DB,2,IAEEQQRIL,False,4880000.0,1.0,N
FIREHIEEL,0.046,SB,,2325,FIREHIEEL,20.08,1184.6189,9,1.6,593.3177,58.92,1750000.0,121,F121:11832,F120180713_KP_THP1_BB72_P10new.raw,1,1.0,P61201|CSN2_HUMAN,,,PEAKS DB,2,FIREHIEEL,False,,,N
SAFDHFASV,0.046,SB,,5108,SAFDHFASV,22.08,979.4399,9,1.7,490.7281,56.61,,8,F8:12496,F120180713_KP_THP1_w632_P10.raw,1,,Q9Y547|IFT25_HUMAN,,,PEAKS DB,2,SAFDHFASV,False,3650000.0,1.0,N
YAISPGLDI,0.046,SB,,2028,YAISPGLDI,17.98,947.4963,9,0.8,948.5044,81.12,,3,F3:19255,F120180713_KP_THP1_w632_P3.raw,1,,O60502|OGA_HUMAN,,,PEAKS DB,1,YAISPGLDI,False,3010000.0,1.0,N
GAVPIFIEL,0.047,SB,,2041,GAVPIFIEL,15.86,957.5535,9,0.2,958.5609,104.23,,1,F1:27383,F120180713_KP_THP1_w632_P1.raw,2,,O60684|IMA7_HUMAN,,,PEAKS DB,1,GAVPIFIEL,False,337000000.0,2.0,N
FVLDKVPFL,0.047,SB,,4316,FVLDKVPFL,31.36,1076.627,9,1.3,539.3215,88.46,6300000.0,28,F28:25053,F120180713_KP_THP1_BB72_P1.raw,1,1.0,Q9NQW6|ANLN_HUMAN,,,PEAKS DB,2,FVLDKVPFL,False,,,N
FAAEAIAL,0.047,SB,,314,FAAEAIAL,18.25,804.4381,8,0.7,805.446,74.32,,3,F3:16669,F120180713_KP_THP1_w632_P3.raw,1,,,,,PEAKS DB,1,FAAEAIAL,False,8700000.0,1.0,N
YAVDRAITHL,0.047,SB,,5355,YAVDRAITHL,28.11,1157.6193,10,1.2,579.8176,41.75,,8,F8:6889,F120180713_KP_THP1_w632_P10.raw,1,,P14866|HNRPL_HUMAN,,,PEAKS DB,2,YAVDRAITHL,False,4710000.0,1.0,N
FQYPAESVL,0.047,SB,,2424,FQYPAESVL,25.67,1052.5178,9,0.8,527.2666,76.05,,3,F3:17317,F120180713_KP_THP1_w632_P3.raw,1,,P15559|NQO1_HUMAN,,,PEAKS DB,2,FQYPAESVL,False,1750000.0,1.0,N
LATEHYSPL,0.047,SB,,1435,LATEHYSPL,14.32,1029.5131,9,0.4,515.764,41.29,,9,F9:8752,F120180713_KP_THP1_w632_P8.raw,1,,,,,PEAKS DB,2,LATEHYSPL,False,1090000.0,1.0,N
AAVPRAAFL,0.047,SB,,2564,AAVPRAAFL,30.69,914.5338,9,0.6,458.2744,50.79,,1,F1:9988,F120180713_KP_THP1_w632_P1.raw,1,,P30040|ERP29_HUMAN,,,PEAKS DB,2,AAVPRAAFL,False,43400000.0,1.0,N
FGVPVVVAL,0.047,SB,,3699,FGVPVVVAL,22.71,899.548,9,1.1,900.5562,96.98,,9,F9:23922,F120180713_KP_THP1_w632_P8.raw,1,,Q6UB35|C1TM_HUMAN,,,PEAKS DB,1,FGVPVVVAL,False,8920000.0,1.0,N
FSQEEFRNL,0.047,SB,,3134,FSQEEFRNL,17.18,1168.5513,9,0.5,585.2832,52.4,,8,F8:10909,F120180713_KP_THP1_w632_P10.raw,1,,Q12769|NU160_HUMAN,,,PEAKS DB,2,FSQEEFRNL,False,435000.0,1.0,N
KTFGHAVSL,0.048,SB,,4436,KTFGHAVSL,25.8,958.5236,9,1.1,480.2696,30.49,,10,F10:4374,F120180713_KP_THP1_w632_P9.raw,2,,Q99684|GFI1_HUMAN,,,PEAKS DB,2,KTFGHAVSL,False,1650000.0,2.0,N
YGSPQSPQL,0.048,SB,,4493,YGSPQSPQL,17.28,975.4661,9,-0.5,488.7401,45.62,,7,F7:11032,F120180713_KP_THP1_w632_P7.raw,2,,Q9BTX1|NDC1_HUMAN,,,PEAKS DB,2,YGSPQSPQL,False,2150000.0,2.0,N
VAQNARSEL,0.048,SB,,3923,VAQNARSEL,22.65,986.5145,9,0.1,494.2646,24.08,,5,F5:4414,F120180713_KP_THP1_w632_P5.raw,1,,Q8IYT3|CC170_HUMAN,,,PEAKS DB,2,VAQNARSEL,False,597000.0,1.0,N
SVIIPGMTL,0.048,SB,,2078,SVIIPGMTL,20.78,945.5205,9,0.2,946.528,71.5,,5,F5:15529,F120180713_KP_THP1_w632_P5.raw,3,,O75386|TULP3_HUMAN,Oxidation (M),M7:Oxidation (M):1000.00,PEAKS DB,1,SVIIPGM(+15.99)TL,False,11700000.0,3.0,N
SAAEPTPAV,0.049,SB,,4098,SAAEPTPAV,24.08,841.4181,9,0.6,421.7166,40.28,16300000.0,32,F32:7588,F120180713_KP_THP1_BB72_P5.raw,2,2.0,Q9BWE0|REPI1_HUMAN,,,PEAKS DB,2,SAAEPTPAV,False,,,N
AAEPEQRVL,0.049,SB,,3513,AAEPEQRVL,27.52,1011.5349,9,1.2,506.7753,30.69,,6,F6:6816,F120180713_KP_THP1_w632_P6.raw,1,,Q4KMQ1|TPRN_HUMAN,,,PEAKS DB,2,AAEPEQRVL,False,549000.0,1.0,N
YTIENPRHF,0.049,SB,,3750,YTIENPRHF,19.52,1175.5723,9,1.1,392.8651,34.15,,9,F9:6126,F120180713_KP_THP1_w632_P8.raw,2,,Q7KZF4|SND1_HUMAN,,,PEAKS DB,3,YTIENPRHF,False,1880000.0,2.0,N
FAVEEGDHL,0.049,SB,,4642,FAVEEGDHL,25.24,1015.4611,9,0.8,508.7382,45.03,,10,F10:9779,F120180713_KP_THP1_w632_P9.raw,2,,Q9H5Z1|DHX35_HUMAN,,,PEAKS DB,2,FAVEEGDHL,False,1560000.0,2.0,N
YAAEGQKL,0.049,SB,,740,YAAEGQKL,22.36,878.4498,8,0.7,440.2325,26.1,,5,F5:5171,F120180713_KP_THP1_w632_P5.raw,1,,Q13620|CUL4B_HUMAN,,,PEAKS DB,2,YAAEGQKL,False,758000.0,1.0,N
LATPVDLKL,0.049,SB,,4772,LATPVDLKL,25.29,968.5906,9,1.0,485.30300000000005,63.75,,3,F3:13175,F120180713_KP_THP1_w632_P3.raw,1,,Q9NVH2|INT7_HUMAN,,,PEAKS DB,2,LATPVDLKL,False,453000.0,1.0,N
FAYTARISV,0.049,SB,,3912,FAYTARISV,19.39,1026.5498,9,1.6,514.283,53.15,,8,F8:11204,F120180713_KP_THP1_w632_P10.raw,2,,Q8IXQ5|KLHL7_HUMAN,,,PEAKS DB,2,FAYTARISV,False,4340000.0,2.0,N
MVIAHTKSL,0.049,SB,,2304,MVIAHTKSL,21.49,1014.5532,9,-0.6,508.2836,23.47,,7,F7:3240,F120180713_KP_THP1_w632_P7.raw,1,,P08236|BGLR_HUMAN,Oxidation (M),M1:Oxidation (M):1000.00,PEAKS DB,2,M(+15.99)VIAHTKSL,False,259000.0,1.0,N
ASSPEHPEL,0.050,SB,,4293,ASSPEHPEL,30.12,965.4454,9,0.1,483.73,29.74,,6,F6:6438,F120180713_KP_THP1_w632_P6.raw,1,,Q96G74|OTUD5_HUMAN,,,PEAKS DB,2,ASSPEHPEL,False,17100000.0,1.0,N
LAQHTMLTL,0.050,SB,,3209,LAQHTMLTL,21.62,1042.5481,9,0.9,522.2818,41.31,,1,F1:6531,F120180713_KP_THP1_w632_P1.raw,1,,Q13488|VPP3_HUMAN,Oxidation (M),M6:Oxidation (M):1000.00,PEAKS DB,2,LAQHTM(+15.99)LTL,False,895000.0,1.0,N
SAILRSPAF,0.050,SB,,3822,SAILRSPAF,25.26,960.5392,9,1.3,481.2775,50.14,,8,F8:10020,F120180713_KP_THP1_w632_P10.raw,1,,Q7Z6Z7|HUWE1_HUMAN,,,PEAKS DB,2,SAILRSPAF,False,1120000.0,1.0,N
FTFSGREL,0.050,SB,,726,FTFSGREL,18.78,955.4763,8,0.4,478.7456,52.46,,1,F1:10601,F120180713_KP_THP1_w632_P1.raw,1,,Q09666|AHNK_HUMAN,,,PEAKS DB,2,FTFSGREL,False,4570000.0,1.0,N
FTNRTVLEL,0.050,SB,,4291,FTNRTVLEL,27.64,1091.5975,9,1.1,546.8066,55.13,,3,F3:10165,F120180713_KP_THP1_w632_P3.raw,1,,Q96G04|EF2KT_HUMAN,,,PEAKS DB,2,FTNRTVLEL,False,2570000.0,1.0,N
SASASSPKL,0.051,SB,,2181,SASASSPKL,22.76,846.4446,9,0.3,424.2297,24.17,,5,F5:4452,F120180713_KP_THP1_w632_P5.raw,2,,O95503|CBX6_HUMAN,,,PEAKS DB,2,SASASSPKL,False,1370000.0,2.0,N
NAFKEITTM,0.051,SB,,3013,NAFKEITTM,23.38,1069.5114,9,0.8,535.7634,37.0,,8,F8:5466,F120180713_KP_THP1_w632_P10.raw,1,,Q00403|TF2B_HUMAN,Oxidation (M),M9:Oxidation (M):1000.00,PEAKS DB,2,NAFKEITTM(+15.99),False,1070000.0,1.0,N
VAVRESPQL,0.051,SB,,4183,VAVRESPQL,22.03,997.5556,9,-0.1,499.785,33.49,,7,F7:6782,F120180713_KP_THP1_w632_P7.raw,1,,Q92621|NU205_HUMAN,,,PEAKS DB,2,VAVRESPQL,False,1600000.0,1.0,N
VASAKPKVL,0.051,SB,,5071,VASAKPKVL,27.38,911.5804,9,0.1,456.7975,23.15,,6,F6:3842,F120180713_KP_THP1_w632_P6.raw,1,,Q9Y3Z3|SAMH1_HUMAN,,,PEAKS DB,2,VASAKPKVL,False,273000.0,1.0,N
KAYGASKTF,0.051,SB,,2534,KAYGASKTF,30.16,971.5076,9,0.4,486.7613,22.38,,6,F6:3533,F120180713_KP_THP1_w632_P6.raw,1,,P27694|RFA1_HUMAN,,,PEAKS DB,2,KAYGASKTF,False,500000.0,1.0,N
FAQAPQLSV,0.051,SB,,4127,FAQAPQLSV,22.21,959.5076,9,1.1,480.7616,63.44,,10,F10:16922,F120180713_KP_THP1_w632_P9.raw,1,,Q8WXI9|P66B_HUMAN,,,PEAKS DB,2,FAQAPQLSV,False,297000.0,1.0,N
FGAFHSPAL,0.051,SB,,4836,FGAFHSPAL,27.37,945.4708,9,1.0,473.7432,54.3,,1,F1:11307,F120180713_KP_THP1_w632_P1.raw,1,,Q9NZN4|EHD2_HUMAN,,,PEAKS DB,2,FGAFHSPAL,False,1510000.0,1.0,N
LVLTPTREL,0.052,SB,,4566,LVLTPTREL,14.29,1040.6229,9,1.3,521.3194,51.4,,8,F8:10519,F120180713_KP_THP1_w632_P10.raw,1,,Q9GZR7|DDX24_HUMAN:Q9Y6V7|DDX49_HUMAN,,,PEAKS DB,2,LVLTPTREL,False,791000.0,1.0,N
SVLERGLTL,0.052,SB,,1576,SVLERGLTL,17.84,986.576,9,-4.5,494.2931,56.0,,1,F1:11958,F120180713_KP_THP1_w632_P1.raw,1,,,,,PEAKS DB,2,SVLERGLTL,False,1720000.0,1.0,N
GAAGRPLEL,0.053,SB,,2677,GAAGRPLEL,13.32,882.4922,9,1.3,442.254,37.81,,10,F10:6952,F120180713_KP_THP1_w632_P9.raw,1,,P42167|LAP2B_HUMAN,,,PEAKS DB,2,GAAGRPLEL,False,669000.0,1.0,N
ATVETTRSL,0.053,SB,,1586,ATVETTRSL,13.4,976.5189,9,0.1,489.2668,27.94,,6,F6:5733,F120180713_KP_THP1_w632_P6.raw,1,,,,,PEAKS DB,2,ATVETTRSL,False,229000.0,1.0,N
QSYGNVVEL,0.053,SB,,3188,QSYGNVVEL,13.84,1007.4924,9,1.7,504.7543,64.41,,8,F8:15158,F120180713_KP_THP1_w632_P10.raw,1,,Q13283|G3BP1_HUMAN,,,PEAKS DB,2,QSYGNVVEL,False,2470000.0,1.0,N
MVVGTGTSL,0.053,SB,,3980,MVVGTGTSL,21.79,863.4423,9,1.4,864.4507,54.83,,9,F9:13991,F120180713_KP_THP1_w632_P8.raw,1,,Q8N6L1|KTAP2_HUMAN,,,PEAKS DB,1,MVVGTGTSL,False,10200000.0,1.0,N
MAISSVAEF,0.053,SB,,4749,MAISSVAEF,21.74,969.4477,9,0.8,485.7315,63.6,,3,F3:13118,F120180713_KP_THP1_w632_P3.raw,1,,Q9NU22|MDN1_HUMAN,Oxidation (M),M1:Oxidation (M):1000.00,PEAKS DB,2,M(+15.99)AISSVAEF,False,614000.0,1.0,N
IIMPHNIYL,0.053,SB,,2119,IIMPHNIYL,26.76,1112.6052,9,1.1,557.3105,93.22,648000.0,31,F31:17523,F120180713_KP_THP1_BB72_P4.raw,1,1.0,P49279|NRAM1_HUMAN,,,PEAKS DB,2,IIMPHNIYL,False,,,N
LVLAPTREL,0.053,SB,,2450,LVLAPTREL,22.65,1010.6124,9,0.4,506.3137,51.92,,1,F1:10403,F120180713_KP_THP1_w632_P1.raw,2,,P17844|DDX5_HUMAN:Q92841|DDX17_HUMAN:Q9NR30|DDX21_HUMAN:Q9BQ39|DDX50_HUMAN:O00571|DDX3X_HUMAN:Q14240|IF4A2_HUMAN:P60842|IF4A1_HUMAN,,,PEAKS DB,2,LVLAPTREL,False,16100000.0,2.0,N
FSHYGQAL,0.054,SB,,361,FSHYGQAL,13.46,921.4344,8,1.3,461.7251,34.96,,9,F9:6386,F120180713_KP_THP1_w632_P8.raw,1,,,,,PEAKS DB,2,FSHYGQAL,False,432000.0,1.0,N
KTIETSPSL,0.054,SB,,4400,KTIETSPSL,21.82,974.5284,9,-0.2,488.2714,43.18,8050000.0,44,F44:6989,F120180713_KP_THP1_BB72_P7.raw,1,1.0,Q9NVI1|FANCI_HUMAN,,,PEAKS DB,2,KTIETSPSL,False,,,N
RAIESSRDL,0.054,SB,,2996,RAIESSRDL,23.61,1045.5516,9,0.6,523.7834,23.24,,6,F6:3876,F120180713_KP_THP1_w632_P6.raw,1,,P83111|LACTB_HUMAN,,,PEAKS DB,2,RAIESSRDL,False,721000.0,1.0,N
FASTHLIL,0.055,SB,,902,FASTHLIL,20.31,900.5069,8,0.1,451.2608,55.58,,3,F3:10309,F120180713_KP_THP1_w632_P3.raw,1,,Q92547|TOPB1_HUMAN,,,PEAKS DB,2,FASTHLIL,False,353000.0,1.0,N
ASSPGILVL,0.055,SB,,1592,ASSPGILVL,18.03,855.5065,9,0.3,856.5141,79.86,,2,F2:13963,F120180713_KP_THP1_w632_P2.raw,1,,,,,PEAKS DB,1,ASSPGILVL,False,9120000.0,1.0,N
FGQEHARVL,0.055,SB,,1122,FGQEHARVL,16.18,1055.5511,9,0.2,528.783,28.28,,9,F9:4323,F120180713_KP_THP1_w632_P8.raw,1,,,,,PEAKS DB,2,FGQEHARVL,False,243000.0,1.0,N
VIAPNPAQL,0.055,SB,,4126,VIAPNPAQL,25.16,921.5283,9,1.3,922.5368,60.55,,10,F10:15763,F120180713_KP_THP1_w632_P9.raw,2,,Q8WXI9|P66B_HUMAN,,,PEAKS DB,1,VIAPNPAQL,False,34500000.0,2.0,N
YLYPDITRL,0.055,SB,,701,YLYPDITRL,18.54,1152.6179,9,0.8,577.3167,90.21,709000.0,31,F31:16493,F120180713_KP_THP1_BB72_P4.raw,1,1.0,,,,PEAKS DB,2,YLYPDITRL,False,,,N
FLVQNIHTL,0.055,SB,,3626,FLVQNIHTL,27.84,1083.6077,9,1.0,542.8116,59.72,28300000.0,29,F29:12345,F120180713_KP_THP1_BB72_P2.raw,1,1.0,Q8TDN6|BRX1_HUMAN,,,PEAKS DB,2,FLVQNIHTL,False,,,N
GSYDKSVAL,0.056,SB,,3229,GSYDKSVAL,31.6,938.4709,9,-0.5,470.2425,36.0,,7,F7:7740,F120180713_KP_THP1_w632_P7.raw,1,,Q13610|PWP1_HUMAN,,,PEAKS DB,2,GSYDKSVAL,False,1200000.0,1.0,N
FQVNHTVAL,0.056,SB,,2217,FQVNHTVAL,25.9,1027.545,9,1.2,514.7804,47.1,,8,F8:8842,F120180713_KP_THP1_w632_P10.raw,1,,O96008|TOM40_HUMAN,,,PEAKS DB,2,FQVNHTVAL,False,6010000.0,1.0,N
TTVQPSATL,0.056,SB,,1802,TTVQPSATL,14.24,916.4866,9,-0.4,459.2504,44.31,,6,F6:11662,F120180713_KP_THP1_w632_P6.raw,1,,O00268|TAF4_HUMAN,,,PEAKS DB,2,TTVQPSATL,False,654000.0,1.0,N
TAVHKSKSL,0.057,SB,,2647,TAVHKSKSL,37.7,969.5607,9,0.2,485.7877,18.99,,4,F4:2359,F120180713_KP_THP1_w632_P4.raw,1,,P36956|SRBP1_HUMAN,,,PEAKS DB,2,TAVHKSKSL,False,463000.0,1.0,N
FGHSSTSAL,0.058,SB,,3824,FGHSSTSAL,35.93,905.4243,9,0.3,906.4318,28.47,,6,F6:5939,F120180713_KP_THP1_w632_P6.raw,2,,Q7Z6Z7|HUWE1_HUMAN,,,PEAKS DB,1,FGHSSTSAL,False,15600000.0,2.0,N
AALGRALAM,0.058,SB,,3825,AALGRALAM,22.14,872.4902,9,1.5,437.253,43.31,,8,F8:7393,F120180713_KP_THP1_w632_P10.raw,1,,Q7Z6Z7|HUWE1_HUMAN,,,PEAKS DB,2,AALGRALAM,False,413000.0,1.0,N
KAINPINTF,0.058,SB,,3112,KAINPINTF,23.32,1016.5654,9,0.0,509.29,47.66,,8,F8:9059,F120180713_KP_THP1_w632_P10.raw,1,,Q07960|RHG01_HUMAN,,,PEAKS DB,2,KAINPINTF,False,322000.0,1.0,N
YLADVTNAL,0.059,SB,,3089,YLADVTNAL,26.29,978.5022,9,0.9,490.2588,76.65,38100000.0,121,F121:18908,F120180713_KP_THP1_BB72_P10new.raw,2,2.0,Q5T4S7|UBR4_HUMAN,,,PEAKS DB,2,YLADVTNAL,False,,,N
SAAPSGKAI,0.059,SB,,1724,SAAPSGKAI,14.99,800.4392,9,0.6,401.2271,22.06,,4,F4:3445,F120180713_KP_THP1_w632_P4.raw,1,,,,,PEAKS DB,2,SAAPSGKAI,False,730000.0,1.0,N
FQAPTAKEM,0.059,SB,,4012,FQAPTAKEM,25.33,1037.4851,9,-0.1,519.7498,27.64,,7,F7:4655,F120180713_KP_THP1_w632_P7.raw,2,,Q8NDX1|PSD4_HUMAN,Oxidation (M),M9:Oxidation (M):1000.00,PEAKS DB,2,FQAPTAKEM(+15.99),False,12300000.0,2.0,N
FSHQGVQL,0.060,SB,,363,FSHQGVQL,13.95,914.461,8,2.1,458.2387,35.83,,9,F9:6673,F120180713_KP_THP1_w632_P8.raw,1,,,,,PEAKS DB,2,FSHQGVQL,False,2520000.0,1.0,N
RATPHFSGL,0.060,SB,,2759,RATPHFSGL,30.93,984.5141,9,1.3,493.265,31.75,,10,F10:4774,F120180713_KP_THP1_w632_P9.raw,1,,P49411|EFTU_HUMAN,,,PEAKS DB,2,RATPHFSGL,False,1020000.0,1.0,N
VTYHGFPSL,0.060,SB,,1688,VTYHGFPSL,15.37,1019.5076,9,0.9,510.7616,57.94,,3,F3:11052,F120180713_KP_THP1_w632_P3.raw,1,,,,,PEAKS DB,2,VTYHGFPSL,False,1030000.0,1.0,N
FVDEFLTYL,0.060,SB,,1742,FVDEFLTYL,18.73,1145.5645,9,0.8,573.79,110.72,2120000.0,30,F30:21821,F120180713_KP_THP1_BB72_P3.raw,1,1.0,P16885|PLCG2_HUMAN,,,PEAKS DB,2,FVDEFLTYL,False,,,N
FVAEERVSF,0.061,SB,,3727,FVAEERVSF,31.72,1082.5396,9,1.0,542.2776,51.68,,1,F1:10316,F120180713_KP_THP1_w632_P1.raw,3,,Q6ZS81|WDFY4_HUMAN,,,PEAKS DB,2,FVAEERVSF,False,22300000.0,3.0,N
YGVVHTSAL,0.061,SB,,4851,YGVVHTSAL,24.13,945.4919,9,0.5,473.7535,37.65,,9,F9:7341,F120180713_KP_THP1_w632_P8.raw,1,,Q9P260|K1468_HUMAN,,,PEAKS DB,2,YGVVHTSAL,False,483000.0,1.0,N
YLDPSLNSL,0.061,SB,,3178,YLDPSLNSL,21.01,1020.5128,9,1.1,511.2642,76.67,399000.0,28,F28:20474,F120180713_KP_THP1_BB72_P1.raw,1,1.0,Q6NSI4|CX057_HUMAN,,,PEAKS DB,2,YLDPSLNSL,False,,,N
VADGERAAL,0.061,SB,,1532,VADGERAAL,17.63,900.4664,9,0.6,451.2408,27.5,,6,F6:5561,F120180713_KP_THP1_w632_P6.raw,1,,,,,PEAKS DB,2,VADGERAAL,False,397000.0,1.0,N
FTNEETVSF,0.061,SB,,4761,FTNEETVSF,23.48,1072.4713,9,1.0,537.2435,63.22,,10,F10:16833,F120180713_KP_THP1_w632_P9.raw,2,,Q9NUQ9|FA49B_HUMAN,,,PEAKS DB,2,FTNEETVSF,False,18600000.0,2.0,N
SAAKPGLHF,0.061,SB,,4965,SAAKPGLHF,25.9,926.4974,9,0.8,464.2563,30.31,,10,F10:4318,F120180713_KP_THP1_w632_P9.raw,1,,Q9ULZ3|ASC_HUMAN,,,PEAKS DB,2,SAAKPGLHF,False,3320000.0,1.0,N
FSTSASPLL,0.062,SB,,1863,FSTSASPLL,13.22,921.4807,9,0.8,922.4887,69.07,,1,F1:16767,F120180713_KP_THP1_w632_P1.raw,1,,O14980|XPO1_HUMAN,,,PEAKS DB,1,FSTSASPLL,False,4420000.0,1.0,N
STKEPGRTL,0.062,SB,,4121,STKEPGRTL,13.93,987.5349,9,1.0,494.7752,20.09,,5,F5:2850,F120180713_KP_THP1_w632_P5.raw,1,,Q8WWM7|ATX2L_HUMAN,,,PEAKS DB,2,STKEPGRTL,False,275000.0,1.0,N
FLDGRPLTL,0.063,SB,,1188,FLDGRPLTL,15.1,1030.5811,9,1.2,516.2984,67.44,,2,F2:11130,F120180713_KP_THP1_w632_P2.raw,1,,,,,PEAKS DB,2,FLDGRPLTL,False,678000.0,1.0,N
LTTEVHPEL,0.063,SB,,5036,LTTEVHPEL,25.81,1037.5393,9,-0.5,519.7767,43.55,,10,F10:9194,F120180713_KP_THP1_w632_P9.raw,1,,Q9Y282|ERGI3_HUMAN,,,PEAKS DB,2,LTTEVHPEL,False,13600000.0,1.0,N
YIIDPQNGL,0.063,SB,,4731,YIIDPQNGL,19.88,1031.5287,9,1.2,516.7722,73.42,,1,F1:18483,F120180713_KP_THP1_w632_P1.raw,1,,Q9NRH2|SNRK_HUMAN,,,PEAKS DB,2,YIIDPQNGL,False,1530000.0,1.0,N
FSHGNAVDL,0.063,SB,,3674,FSHGNAVDL,22.24,958.4508,9,0.7,480.233,36.14,,9,F9:6786,F120180713_KP_THP1_w632_P8.raw,1,,Q6PCB6|AB17C_HUMAN:Q5VST6|AB17B_HUMAN:Q96GS6|AB17A_HUMAN,,,PEAKS DB,2,FSHGNAVDL,False,225000.0,1.0,N
FANVEEHSF,0.063,SB,,2977,FANVEEHSF,12.79,1078.4719,9,0.8,540.2437,42.8,,9,F9:9349,F120180713_KP_THP1_w632_P8.raw,1,,P78332|RBM6_HUMAN,,,PEAKS DB,2,FANVEEHSF,False,1490000.0,1.0,N
YAIEAIKL,0.063,SB,,613,YAIEAIKL,23.92,919.5378,8,0.4,460.7764,62.19,,3,F3:12601,F120180713_KP_THP1_w632_P3.raw,2,,P28066|PSA5_HUMAN,,,PEAKS DB,2,YAIEAIKL,False,4250000.0,2.0,N
AADKRSKAL,0.063,SB,,2882,AADKRSKAL,28.16,958.5559,9,-0.4,480.285,18.77,,4,F4:2287,F120180713_KP_THP1_w632_P4.raw,1,,P56378|68MP_HUMAN,,,PEAKS DB,2,AADKRSKAL,False,3630000.0,1.0,N
FQDTNARSL,0.063,SB,,3491,FQDTNARSL,23.69,1050.5094,9,0.0,526.262,30.59,,6,F6:6777,F120180713_KP_THP1_w632_P6.raw,1,,Q2YD98|UVSSA_HUMAN,,,PEAKS DB,2,FQDTNARSL,False,1330000.0,1.0,N
YGNPNTLRL,0.064,SB,,3434,YGNPNTLRL,39.14,1046.5509,9,1.3,524.2834,43.17,,10,F10:9050,F120180713_KP_THP1_w632_P9.raw,2,,Q15814|TBCC_HUMAN,,,PEAKS DB,2,YGNPNTLRL,False,17300000.0,2.0,N
VVNGRVLEL,0.064,SB,,4271,VVNGRVLEL,27.12,997.592,9,0.6,499.8036,48.99,,1,F1:9348,F120180713_KP_THP1_w632_P1.raw,1,,Q96D71|REPS1_HUMAN,,,PEAKS DB,2,VVNGRVLEL,False,11600000.0,1.0,N
YFNPHTVTL,0.064,SB,,1995,YFNPHTVTL,27.39,1090.5447,9,1.0,546.2802,52.34,,1,F1:10556,F120180713_KP_THP1_w632_P1.raw,1,,O60294|TYW4_HUMAN,,,PEAKS DB,2,YFNPHTVTL,False,619000.0,1.0,N
SAIFRSDSL,0.064,SB,,1737,SAIFRSDSL,14.27,994.5083,9,1.2,498.262,46.92,,10,F10:10527,F120180713_KP_THP1_w632_P9.raw,1,,,,,PEAKS DB,2,SAIFRSDSL,False,171000.0,1.0,N
LTDPDIHVL,0.064,SB,,5098,LTDPDIHVL,29.67,1021.5444,9,0.2,511.7795,58.05,,1,F1:12755,F120180713_KP_THP1_w632_P1.raw,2,,Q9Y4E6|WDR7_HUMAN,,,PEAKS DB,2,LTDPDIHVL,False,7130000.0,2.0,N
AAVQQKNSL,0.064,SB,,1655,AAVQQKNSL,18.04,957.5243,9,-0.5,479.7692,22.11,,4,F4:3461,F120180713_KP_THP1_w632_P4.raw,1,,,,,PEAKS DB,2,AAVQQKNSL,False,506000.0,1.0,N
NAEPEPRSL,0.064,SB,,4172,NAEPEPRSL,17.84,1011.4985,9,-0.6,506.7562,28.45,,6,F6:5932,F120180713_KP_THP1_w632_P6.raw,1,,Q92599|SEPT8_HUMAN,,,PEAKS DB,2,NAEPEPRSL,False,198000.0,1.0,N
TATTSQPVL,0.064,SB,,3162,TATTSQPVL,22.86,916.4866,9,0.5,917.4943,41.95,,6,F6:10764,F120180713_KP_THP1_w632_P6.raw,1,,Q12979|ABR_HUMAN,,,PEAKS DB,1,TATTSQPVL,False,30200000.0,1.0,N
TAEERARAL,0.065,SB,,2201,TAEERARAL,26.86,1015.541,9,0.3,508.7779,21.44,,5,F5:3386,F120180713_KP_THP1_w632_P5.raw,1,,O95714|HERC2_HUMAN,,,PEAKS DB,2,TAEERARAL,False,4570000.0,1.0,N
FAEDSLRVI,0.065,SB,,2004,FAEDSLRVI,28.01,1048.5553,9,1.3,525.2856,60.34,,1,F1:13645,F120180713_KP_THP1_w632_P1.raw,2,,O60313|OPA1_HUMAN,,,PEAKS DB,2,FAEDSLRVI,False,17800000.0,2.0,N
RSAPVSKTL,0.065,SB,,1713,RSAPVSKTL,19.32,957.5607,9,-0.1,479.7876,21.54,,5,F5:3428,F120180713_KP_THP1_w632_P5.raw,1,,,,,PEAKS DB,2,RSAPVSKTL,False,802000.0,1.0,N
SANNVYLVM,0.066,SB,,4299,SANNVYLVM,18.01,1025.4852,9,0.5,513.7501,53.86,,1,F1:11142,F120180713_KP_THP1_w632_P1.raw,1,,Q96GX5|GWL_HUMAN,Oxidation (M),M9:Oxidation (M):1000.00,PEAKS DB,2,SANNVYLVM(+15.99),False,343000.0,1.0,N
FAFEHSEEY,0.066,SB,,4459,FAFEHSEEY,35.75,1157.4666,9,1.0,579.7411,48.32,,10,F10:11076,F120180713_KP_THP1_w632_P9.raw,1,,Q9BQ70|TCF25_HUMAN,,,PEAKS DB,2,FAFEHSEEY,False,109000000.0,1.0,N
VIAPVGESL,0.066,SB,,1546,VIAPVGESL,18.22,883.5015,9,0.8,884.5095,62.71,,10,F10:16627,F120180713_KP_THP1_w632_P9.raw,1,,,,,PEAKS DB,1,VIAPVGESL,False,21200000.0,1.0,N
VILEGVHSL,0.067,SB,,154,VILEGVHSL,14.37,965.5546,9,0.7,483.7849,64.99,316000.0,121,F121:14259,F120180713_KP_THP1_BB72_P10new.raw,1,1.0,,,,PEAKS DB,2,VILEGVHSL,False,,,N
YADRVKEL,0.067,SB,,944,YADRVKEL,27.83,992.5291,8,0.0,497.2718,26.62,,7,F7:4291,F120180713_KP_THP1_w632_P7.raw,1,,Q99661|KIF2C_HUMAN:Q5T7B8|KIF24_HUMAN,,,PEAKS DB,2,YADRVKEL,False,1730000.0,1.0,N
AASPAGLDL,0.067,SB,,1892,AASPAGLDL,24.22,813.4232,9,1.9,814.432,61.05,,10,F10:15962,F120180713_KP_THP1_w632_P9.raw,1,,O15156|ZBT7B_HUMAN,,,PEAKS DB,1,AASPAGLDL,False,54800000.0,1.0,N
FAIDKTIAY,0.067,SB,,4941,FAIDKTIAY,27.26,1040.5542,9,0.6,521.2847,57.92,,1,F1:12703,F120180713_KP_THP1_w632_P1.raw,2,,Q9UL12|SARDH_HUMAN,,,PEAKS DB,2,FAIDKTIAY,False,39300000.0,2.0,N
AVTSPGQAL,0.067,SB,,3688,AVTSPGQAL,21.5,842.4498,9,-0.3,843.4568,41.84,,6,F6:10722,F120180713_KP_THP1_w632_P6.raw,1,,Q6PL18|ATAD2_HUMAN,,,PEAKS DB,1,AVTSPGQAL,False,10500000.0,1.0,N
NVLDHFSEL,0.067,SB,,2065,NVLDHFSEL,28.33,1072.5189,9,0.4,537.2669999999998,68.88,,2,F2:11479,F120180713_KP_THP1_w632_P2.raw,1,,O75153|CLU_HUMAN,,,PEAKS DB,2,NVLDHFSEL,False,3770000.0,1.0,N
MSDTTFKAL,0.068,SB,,2724,MSDTTFKAL,38.17,1028.4849,9,1.0,515.2502,39.87,,10,F10:7756,F120180713_KP_THP1_w632_P9.raw,3,,P47755|CAZA2_HUMAN:P52907|CAZA1_HUMAN,Oxidation (M),M1:Oxidation (M):1000.00,PEAKS DB,2,M(+15.99)SDTTFKAL,False,40700000.0,3.0,N
AAIVAKQVL,0.068,SB,,2662,AAIVAKQVL,31.94,911.5804,9,1.1,456.798,39.29,,9,F9:7991,F120180713_KP_THP1_w632_P8.raw,1,,P40429|RL13A_HUMAN,,,PEAKS DB,2,AAIVAKQVL,False,1930000.0,1.0,N
AIIESTPEL,0.068,SB,,1168,AIIESTPEL,21.36,971.5175,9,1.1,972.5258,71.86,47200000.0,121,F121:17002,F120180713_KP_THP1_BB72_P10new.raw,2,2.0,O60271|JIP4_HUMAN,,,PEAKS DB,1,AIIESTPEL,False,,,N
LSVRPQTAL,0.068,SB,,5063,LSVRPQTAL,22.97,983.5764,9,0.5,492.7957,40.24,,9,F9:8366,F120180713_KP_THP1_w632_P8.raw,1,,Q9Y3D9|RT23_HUMAN,,,PEAKS DB,2,LSVRPQTAL,False,310000.0,1.0,N
ATNPISRVL,0.068,SB,,3800,ATNPISRVL,18.07,969.5607,9,-0.2,485.7876,48.24,,1,F1:9079,F120180713_KP_THP1_w632_P1.raw,1,,Q7Z417|NUFP2_HUMAN,,,PEAKS DB,2,ATNPISRVL,False,115000.0,1.0,N
FIIISSQHL,0.068,SB,,4875,FIIISSQHL,21.74,1056.5968,9,0.3,529.3058,61.4,,3,F3:12304,F120180713_KP_THP1_w632_P3.raw,1,,Q9UBD5|ORC3_HUMAN,,,PEAKS DB,2,FIIISSQHL,False,5120000.0,1.0,N
IADARRKEL,0.069,SB,,4609,IADARRKEL,20.35,1070.6196,9,0.2,536.3172,19.98,,5,F5:2808,F120180713_KP_THP1_w632_P5.raw,1,,Q9H2U1|DHX36_HUMAN,,,PEAKS DB,2,IADARRKEL,False,3990000.0,1.0,N
VADPETRTV,0.069,SB,,4405,VADPETRTV,23.4,986.5032,9,-0.8,494.2585,25.62,,5,F5:4986,F120180713_KP_THP1_w632_P5.raw,1,,Q96T60|PNKP_HUMAN,,,PEAKS DB,2,VADPETRTV,False,14000000.0,1.0,N
ILAPTVQEL,0.069,SB,,3687,ILAPTVQEL,16.79,982.5699,9,1.3,492.2929,71.67,1510000.0,28,F28:18510,F120180713_KP_THP1_BB72_P1.raw,1,1.0,Q92499|DDX1_HUMAN,,,PEAKS DB,2,ILAPTVQEL,False,,,N
LAHVVITQL,0.069,SB,,4417,LAHVVITQL,24.02,992.6019,9,2.1,497.3092,54.12,,1,F1:11237,F120180713_KP_THP1_w632_P1.raw,1,,Q99490|AGAP2_HUMAN,,,PEAKS DB,2,LAHVVITQL,False,1020000.0,1.0,N
NALFHASTL,0.069,SB,,3267,NALFHASTL,13.56,972.5029,9,1.5,487.2595,48.17,,8,F8:9258,F120180713_KP_THP1_w632_P10.raw,1,,Q14152|EIF3A_HUMAN,,,PEAKS DB,2,NALFHASTL,False,610000.0,1.0,N
FAYDGKDYI,0.070,SB,,100,FAYDGKDYI,31.07,1090.4971,9,0.9,546.2563,64.22,5620000.0,121,F121:13954,F120180713_KP_THP1_BB72_P10new.raw,2,2.0,,,,PEAKS DB,2,FAYDGKDYI,True,,,N
LAAHIPLFL,0.070,SB,,4174,LAAHIPLFL,18.88,993.6011,9,0.7,497.8082,80.23,,1,F1:20983,F120180713_KP_THP1_w632_P1.raw,1,,Q92600|RCD1_HUMAN,,,PEAKS DB,2,LAAHIPLFL,False,93900.0,1.0,N
AAASPQKYL,0.070,SB,,3529,AAASPQKYL,22.43,1027.4739,9,-0.4,514.744,49.07,,7,F7:12334,F120180713_KP_THP1_w632_P7.raw,1,,Q53H80|AKIR2_HUMAN,Phosphorylation (STY),S4:Phosphorylation (STY):19.86,PEAKS DB,2,AAAS(+79.97)PQKYL,False,284000.0,1.0,N
FQDENHLYL,0.070,SB,,322,FQDENHLYL,15.17,1177.5404,9,1.1,589.7781,54.71,1750000.0,28,F28:12113,F120180713_KP_THP1_BB72_P1.raw,1,1.0,,,,PEAKS DB,2,FQDENHLYL,False,,,N
RSNEHIREL,0.070,SB,,2794,RSNEHIREL,18.34,1152.6,9,-0.2,385.2072,21.55,,6,F6:3204,F120180713_KP_THP1_w632_P6.raw,1,,P50995|ANX11_HUMAN,,,PEAKS DB,3,RSNEHIREL,False,286000.0,1.0,N
FLADIVQKL,0.071,SB,,4444,FLADIVQKL,27.13,1045.6172,9,0.0,523.8159,90.49,2160000.0,32,F32:18497,F120180713_KP_THP1_BB72_P5.raw,1,1.0,Q9NZJ4|SACS_HUMAN,,,PEAKS DB,2,FLADIVQKL,False,,,N
GTAPPTLAL,0.071,SB,,2390,GTAPPTLAL,25.36,839.4752,9,1.6,840.4838,65.77,,8,F8:15688,F120180713_KP_THP1_w632_P10.raw,3,,P12980|LYL1_HUMAN,,,PEAKS DB,1,GTAPPTLAL,False,31700000.0,3.0,N
SAVTRLLIL,0.071,SB,,2611,SAVTRLLIL,13.06,984.6331,9,0.2,493.3239,70.64,,9,F9:18810,F120180713_KP_THP1_w632_P8.raw,1,,P35221|CTNA1_HUMAN,,,PEAKS DB,2,SAVTRLLIL,False,254000.0,1.0,N
MAKENMVTF,0.071,SB,,3691,MAKENMVTF,20.59,1101.4835,9,0.8,551.7495,31.77,,9,F9:5398,F120180713_KP_THP1_w632_P8.raw,3,,Q6T4P5|PLPR3_HUMAN,Oxidation (M),M1:Oxidation (M):1000.00;M6:Oxidation (M):1000.00,PEAKS DB,2,M(+15.99)AKENM(+15.99)VTF,False,44900000.0,3.0,N
SSIDPGLSI,0.071,SB,,3552,SSIDPGLSI,27.15,887.46,9,1.6,888.4686,70.68,,8,F8:17640,F120180713_KP_THP1_w632_P10.raw,1,,Q5QJE6|TDIF2_HUMAN,,,PEAKS DB,1,SSIDPGLSI,False,24500000.0,1.0,N
TSFPHESTF,0.071,SB,,3858,TSFPHESTF,33.3,1051.4611,9,1.4,526.7385,42.45,,10,F10:8763,F120180713_KP_THP1_w632_P9.raw,2,,Q86WP2|GPBP1_HUMAN,,,PEAKS DB,2,TSFPHESTF,False,29500000.0,2.0,N
RTVSPAHVL,0.071,SB,,4029,RTVSPAHVL,16.49,1058.5273,9,0.1,530.271,34.67,,7,F7:7215,F120180713_KP_THP1_w632_P7.raw,1,,Q8NF64|ZMIZ2_HUMAN,Phosphorylation (STY),S4:Phosphorylation (STY):0.00,PEAKS DB,2,RTVS(+79.97)PAHVL,False,2610000.0,1.0,N
FSYTGRVAV,0.072,SB,,4921,FSYTGRVAV,25.34,998.5185,9,0.3,500.2667,44.98,,10,F10:9759,F120180713_KP_THP1_w632_P9.raw,1,,Q9UJP4|KLH21_HUMAN,,,PEAKS DB,2,FSYTGRVAV,False,5630000.0,1.0,N
FTEGEPLAL,0.072,SB,,2384,FTEGEPLAL,21.23,975.4913,9,0.9,976.4995,74.74,,1,F1:19006,F120180713_KP_THP1_w632_P1.raw,1,,P12314|FCGR1_HUMAN,,,PEAKS DB,1,FTEGEPLAL,False,5960000.0,1.0,N
FSVTGRVL,0.072,SB,,694,FSVTGRVL,18.32,877.5021,8,0.7,439.7587,49.22,,8,F8:9659,F120180713_KP_THP1_w632_P10.raw,1,,P69849|NOMO3_HUMAN:Q15155|NOMO1_HUMAN:Q5JPE7|NOMO2_HUMAN,,,PEAKS DB,2,FSVTGRVL,False,4120000.0,1.0,N
FASGAFLHI,0.072,SB,,4104,FASGAFLHI,25.11,961.5021,9,0.4,481.7585,66.54,,5,F5:14702,F120180713_KP_THP1_w632_P5.raw,1,,Q8WUM4|PDC6I_HUMAN,,,PEAKS DB,2,FASGAFLHI,False,383000.0,1.0,N
SVDDTIVAL,0.072,SB,,2235,SVDDTIVAL,23.51,931.4862,9,0.7,932.4941,78.04,7980000.0,28,F28:20995,F120180713_KP_THP1_BB72_P1.raw,1,1.0,P52948|NUP98_HUMAN,,,PEAKS DB,1,SVDDTIVAL,False,,,N
FTNGQTVNL,0.072,SB,,2189,FTNGQTVNL,17.45,992.4927,9,0.8,497.254,50.8,,9,F9:12405,F120180713_KP_THP1_w632_P8.raw,1,,O95602|RPA1_HUMAN,,,PEAKS DB,2,FTNGQTVNL,False,2160000.0,1.0,N
VALGNMYEL,0.073,SB,,2332,VALGNMYEL,20.85,1008.495,9,1.3,505.2554,79.84,,2,F2:13958,F120180713_KP_THP1_w632_P2.raw,1,,P09874|PARP1_HUMAN,,,PEAKS DB,2,VALGNMYEL,False,1280000.0,1.0,N
AATGTSPTF,0.073,SB,,3836,AATGTSPTF,24.28,851.4025,9,0.4,852.4101,41.08,,6,F6:10426,F120180713_KP_THP1_w632_P6.raw,1,,Q7Z7F0|K0907_HUMAN,,,PEAKS DB,1,AATGTSPTF,False,8570000.0,1.0,N
HATSVGSFL,0.073,SB,,3882,HATSVGSFL,26.85,917.4607,9,0.6,459.7379,47.98,,1,F1:8980,F120180713_KP_THP1_w632_P1.raw,1,,Q8IUZ5|AT2L2_HUMAN,,,PEAKS DB,2,HATSVGSFL,False,322000.0,1.0,N
LATHPGISF,0.073,SB,,3138,LATHPGISF,20.95,941.4971,9,1.4,471.7565,47.81,,8,F8:9120,F120180713_KP_THP1_w632_P10.raw,1,,Q12789|TF3C1_HUMAN,,,PEAKS DB,2,LATHPGISF,False,341000.0,1.0,N
VAVQPGKSV,0.073,SB,,3345,VAVQPGKSV,23.8,883.5127,9,-0.2,442.7635,25.17,,5,F5:4815,F120180713_KP_THP1_w632_P5.raw,1,,Q14773|ICAM4_HUMAN,,,PEAKS DB,2,VAVQPGKSV,False,535000.0,1.0,N
YISAKPLEM,0.073,SB,,4714,YISAKPLEM,28.56,1066.5369,9,0.8,534.2761,35.76,,10,F10:6163,F120180713_KP_THP1_w632_P9.raw,3,,Q9NQZ5|STAR7_HUMAN,Oxidation (M),M9:Oxidation (M):1000.00,PEAKS DB,2,YISAKPLEM(+15.99),False,6990000.0,3.0,N
IAAGIFNDL,0.073,SB,,1414,IAAGIFNDL,19.76,932.4967,9,0.2,933.5042,87.0,,5,F5:18404,F120180713_KP_THP1_w632_P5.raw,3,,,,,PEAKS DB,1,IAAGIFNDL,False,68000000.0,3.0,N
AAPPPKNSF,0.074,SB,,1908,AAPPPKNSF,12.86,927.4814,9,-0.1,928.4886,30.16,,6,F6:6609,F120180713_KP_THP1_w632_P6.raw,1,,O15357|SHIP2_HUMAN,,,PEAKS DB,1,AAPPPKNSF,False,245000.0,1.0,N
FAIGGSGSTF,0.074,SB,,5379,FAIGGSGSTF,23.88,942.4446,10,1.8,943.4536,69.56,,8,F8:17194,F120180713_KP_THP1_w632_P10.raw,1,,P28065|PSB9_HUMAN,,,PEAKS DB,1,FAIGGSGSTF,False,21000000.0,1.0,N
KSTPVTVVL,0.074,SB,,1515,KSTPVTVVL,15.4,942.575,9,1.5,472.2955,45.38,,8,F8:8165,F120180713_KP_THP1_w632_P10.raw,1,,,,,PEAKS DB,2,KSTPVTVVL,False,3250000.0,1.0,N
YMVDKALYL,0.074,SB,,2943,YMVDKALYL,30.09,1130.5681,9,0.6,566.2917,58.15,9360000.0,29,F29:11731,F120180713_KP_THP1_BB72_P2.raw,3,3.0,Q16206|ENOX2_HUMAN,Oxidation (M),M2:Oxidation (M):1000.00,PEAKS DB,2,YM(+15.99)VDKALYL,False,,,N
SIAEVVHQL,0.074,SB,,1025,SIAEVVHQL,24.91,994.5447,9,1.0,498.2802,55.66,7620000.0,29,F29:10820,F120180713_KP_THP1_BB72_P2.raw,3,3.0,O14976|GAK_HUMAN,,,PEAKS DB,2,SIAEVVHQL,False,,,N
IGAPVGISL,0.074,SB,,3717,IGAPVGISL,27.0,825.4960000000002,9,1.0,826.5041,77.01,,3,F3:17690,F120180713_KP_THP1_w632_P3.raw,1,,Q6ZMZ0|RN19B_HUMAN,,,PEAKS DB,1,IGAPVGISL,False,13200000.0,1.0,N
LAVDPNRAV,0.074,SB,,5062,LAVDPNRAV,27.65,953.5294,9,-0.2,477.7719,36.87,,7,F7:8079,F120180713_KP_THP1_w632_P7.raw,1,,Q9Y3C1|NOP16_HUMAN,,,PEAKS DB,2,LAVDPNRAV,False,7930000.0,1.0,N
AAVGVMHNL,0.075,SB,,2011,AAVGVMHNL,21.29,926.4644,9,1.6,464.2402,29.42,,10,F10:4077,F120180713_KP_THP1_w632_P9.raw,1,,O60346|PHLP1_HUMAN,Oxidation (M),M6:Oxidation (M):1000.00,PEAKS DB,2,AAVGVM(+15.99)HNL,False,251000.0,1.0,N
FQNEVARQL,0.075,SB,,4478,FQNEVARQL,21.37,1103.5723,9,0.2,552.7935,38.1,,9,F9:7520,F120180713_KP_THP1_w632_P8.raw,1,,Q9BS26|ERP44_HUMAN,,,PEAKS DB,2,FQNEVARQL,False,2140000.0,1.0,N
AAAPVPTTTL,0.075,SB,,5363,AAAPVPTTTL,23.71,940.5229,10,1.1,471.2693,55.03,,9,F9:14072,F120180713_KP_THP1_w632_P8.raw,2,,P18583|SON_HUMAN,,,PEAKS DB,2,AAAPVPTTTL,False,7440000.0,2.0,N
RAEERTRQL,0.075,SB,,3440,RAEERTRQL,25.23,1157.6265,9,0.8,386.8831,19.17,,5,F5:2481,F120180713_KP_THP1_w632_P5.raw,4,,Q15833|STXB2_HUMAN,,,PEAKS DB,3,RAEERTRQL,False,9320000.0,4.0,N
SSVPGVRLL,0.075,SB,,2320,SSVPGVRLL,28.24,926.5549,9,1.6,464.2854,53.81,,1,F1:11125,F120180713_KP_THP1_w632_P1.raw,1,,P08670|VIME_HUMAN,,,PEAKS DB,2,SSVPGVRLL,False,583000.0,1.0,N
FIQAVRQTL,0.075,SB,,4482,FIQAVRQTL,25.85,1074.6185,9,0.8,538.317,45.09,,10,F10:9801,F120180713_KP_THP1_w632_P9.raw,1,,Q9BSD7|NTPCR_HUMAN,,,PEAKS DB,2,FIQAVRQTL,False,7860000.0,1.0,N
YPYPGELTM,0.076,SB,,2091,YPYPGELTM,18.83,1085.4739,9,1.0,543.7448,62.81,,1,F1:14560,F120180713_KP_THP1_w632_P1.raw,1,,O75626|PRDM1_HUMAN,Oxidation (M),M9:Oxidation (M):1000.00,PEAKS DB,2,YPYPGELTM(+15.99),False,1240000.0,1.0,N
FMSEYLIEL,0.076,SB,,317,FMSEYLIEL,16.22,1143.5521,9,1.1,1144.5607,108.36,21200000.0,121,F121:31240,F120180713_KP_THP1_BB72_P10new.raw,2,2.0,,,,PEAKS DB,1,FMSEYLIEL,False,,,N
YLADIFTKL,0.076,SB,,3507,YLADIFTKL,24.3,1082.6012,9,0.9,542.3083,83.13,,10,F10:21934,F120180713_KP_THP1_w632_P9.raw,1,,Q49AG3|ZBED5_HUMAN,,,PEAKS DB,2,YLADIFTKL,False,4010000.0,1.0,N
RVIDPKKAM,0.076,SB,,4446,RVIDPKKAM,15.54,1072.6063,9,-0.4,537.3102,19.26,,6,F6:2427,F120180713_KP_THP1_w632_P6.raw,1,,Q99729|ROAA_HUMAN,Oxidation (M),M9:Oxidation (M):1000.00,PEAKS DB,2,RVIDPKKAM(+15.99),False,247000.0,1.0,N
FTSHPQEL,0.076,SB,,527,FTSHPQEL,21.25,957.4556,8,0.3,479.7352,30.9,,7,F7:5793,F120180713_KP_THP1_w632_P7.raw,1,,O75161|NPHP4_HUMAN,,,PEAKS DB,2,FTSHPQEL,False,529000.0,1.0,N
AASGGAKEL,0.076,SB,,3286,AASGGAKEL,21.73,802.4185,9,-0.5,402.2163,20.89,,4,F4:3080,F120180713_KP_THP1_w632_P4.raw,1,,Q14204|DYHC1_HUMAN,,,PEAKS DB,2,AASGGAKEL,False,117000.0,1.0,N
YSHSSSSL,0.077,SB,,956,YSHSSSSL,25.6,866.377,8,1.0,867.3851,21.92,,4,F4:3402,F120180713_KP_THP1_w632_P4.raw,3,,Q9BSJ8|ESYT1_HUMAN,,,PEAKS DB,1,YSHSSSSL,False,9840000.0,3.0,N
GALPYFSEM,0.077,SB,,1310,GALPYFSEM,17.42,1029.4478,9,0.0,515.7311,73.91,,4,F4:13218,F120180713_KP_THP1_w632_P4.raw,1,,,Oxidation (M),M9:Oxidation (M):1000.00,PEAKS DB,2,GALPYFSEM(+15.99),False,483000.0,1.0,N
FGIDNSSML,0.077,SB,,3662,FGIDNSSML,22.48,998.4379,9,0.3,500.2264,65.66,,3,F3:13888,F120180713_KP_THP1_w632_P3.raw,1,,Q6P280|ZN529_HUMAN,Oxidation (M),M8:Oxidation (M):1000.00,PEAKS DB,2,FGIDNSSM(+15.99)L,False,941000.0,1.0,N
LSKDSILSL,0.077,SB,,4090,LSKDSILSL,16.09,974.5648,9,0.9,488.2901,60.46,,3,F3:11955,F120180713_KP_THP1_w632_P3.raw,1,,Q8WU79|SMAP2_HUMAN,,,PEAKS DB,2,LSKDSILSL,False,647000.0,1.0,N
NAFSGVMML,0.077,SB,,4745,NAFSGVMML,29.05,1000.4358,9,0.3,501.2253,63.35,,7,F7:16473,F120180713_KP_THP1_w632_P7.raw,3,,Q9NTX5|ECHD1_HUMAN,Oxidation (M),M7:Oxidation (M):1000.00;M8:Oxidation (M):1000.00,PEAKS DB,2,NAFSGVM(+15.99)M(+15.99)L,False,13300000.0,3.0,N
TAISLFYEL,0.077,SB,,2396,TAISLFYEL,22.13,1055.5538,9,0.8,528.7846,102.4,,3,F3:24548,F120180713_KP_THP1_w632_P3.raw,2,,P13639|EF2_HUMAN,,,PEAKS DB,2,TAISLFYEL,False,423000000.0,2.0,N
FTYEAVEL,0.077,SB,,323,FTYEAVEL,14.14,970.4647,8,-1.5,971.4705,77.06,,3,F3:17709,F120180713_KP_THP1_w632_P3.raw,1,,,,,PEAKS DB,1,FTYEAVEL,False,4330000.0,1.0,N
IVMEHVVFL,0.077,SB,,3313,IVMEHVVFL,23.27,1101.5892,9,0.8,551.8023,76.97,3030000.0,44,F44:16769,F120180713_KP_THP1_BB72_P7.raw,1,1.0,Q75V66|ANO5_HUMAN,Oxidation (M),M3:Oxidation (M):1000.00,PEAKS DB,2,IVM(+15.99)EHVVFL,False,,,N
VSHSTLVAL,0.077,SB,,1661,VSHSTLVAL,12.82,925.5233,9,1.4,463.7695,43.24,,8,F8:7370,F120180713_KP_THP1_w632_P10.raw,1,,,,,PEAKS DB,2,VSHSTLVAL,False,300000.0,1.0,N
YAIFKSQDF,0.078,SB,,1685,YAIFKSQDF,14.94,1117.5443,9,0.2,559.7795,58.29,,1,F1:12844,F120180713_KP_THP1_w632_P1.raw,1,,,,,PEAKS DB,2,YAIFKSQDF,False,1530000.0,1.0,N
FTNEGRAL,0.078,SB,,959,FTNEGRAL,23.62,906.4559,8,-0.4,454.235,28.64,,6,F6:6003,F120180713_KP_THP1_w632_P6.raw,1,,Q9BTV4|TMM43_HUMAN,,,PEAKS DB,2,FTNEGRAL,False,4550000.0,1.0,N
YTAEPVTL,0.078,SB,,519,YTAEPVTL,26.33,892.4542,8,1.9,893.4631,58.77,,10,F10:15061,F120180713_KP_THP1_w632_P9.raw,1,,O60502|OGA_HUMAN,,,PEAKS DB,1,YTAEPVTL,False,29900000.0,1.0,N
FASHVSPEV,0.078,SB,,4300,FASHVSPEV,28.43,971.4712,9,0.4,486.7431,46.2,16400000.0,44,F44:8115,F120180713_KP_THP1_BB72_P7.raw,1,1.0,Q9NP61|ARFG3_HUMAN,,,PEAKS DB,2,FASHVSPEV,False,,,N
SINDKIIEL,0.078,SB,,2649,SINDKIIEL,23.21,1043.5862,9,0.6,522.8007,60.23,,3,F3:11868,F120180713_KP_THP1_w632_P3.raw,1,,P36956|SRBP1_HUMAN:Q12772|SRBP2_HUMAN,,,PEAKS DB,2,SINDKIIEL,False,1130000.0,1.0,N
FAYGQNKTAF,0.078,SB,,5426,FAYGQNKTAF,40.32,1145.5505,10,1.3,573.7833,42.17,,10,F10:8651,F120180713_KP_THP1_w632_P9.raw,2,,P52948|NUP98_HUMAN,,,PEAKS DB,2,FAYGQNKTAF,False,21000000.0,2.0,N
AAHSRGLAF,0.078,SB,,4383,AAHSRGLAF,15.1,928.4879,9,0.9,465.2516,27.55,,10,F10:3679,F120180713_KP_THP1_w632_P9.raw,1,,Q96SC8|DMTA2_HUMAN,,,PEAKS DB,2,AAHSRGLAF,False,333000.0,1.0,N
FAISILQQI,0.078,SB,,2897,FAISILQQI,29.29,1031.6016,9,0.2,516.8082,102.02,,3,F3:24422,F120180713_KP_THP1_w632_P3.raw,4,,P60842|IF4A1_HUMAN,,,PEAKS DB,2,FAISILQQI,True,32500000.0,4.0,N
LAAVAHSPL,0.079,SB,,4683,LAAVAHSPL,24.32,877.5021,9,0.7,439.7587,38.75,,9,F9:7777,F120180713_KP_THP1_w632_P8.raw,1,,Q9HCE1|MOV10_HUMAN,,,PEAKS DB,2,LAAVAHSPL,False,1190000.0,1.0,N
AATTSQPVL,0.079,SB,,1628,AATTSQPVL,16.96,886.4760000000001,9,0.2,887.4834,41.53,,6,F6:10605,F120180713_KP_THP1_w632_P6.raw,1,,,,,PEAKS DB,1,AATTSQPVL,False,15000000.0,1.0,N
MAAAASPAF,0.079,SB,,4550,MAAAASPAF,23.53,851.3847,9,0.4,852.3923,43.6,,9,F9:9658,F120180713_KP_THP1_w632_P8.raw,1,,Q9BZM6|N2DL1_HUMAN,Oxidation (M),M1:Oxidation (M):1000.00,PEAKS DB,1,M(+15.99)AAAASPAF,False,6140000.0,1.0,N
YAVPNVEKTL,0.079,SB,,5256,YAVPNVEKTL,16.42,1132.6128,10,1.7,567.3146,51.9,,8,F8:10713,F120180713_KP_THP1_w632_P10.raw,1,,,,,PEAKS DB,2,YAVPNVEKTL,False,1260000.0,1.0,N
FSDPVYKEI,0.079,SB,,3885,FSDPVYKEI,22.51,1096.5441,9,1.3,549.28,51.62,,8,F8:10606,F120180713_KP_THP1_w632_P10.raw,1,,Q8IV48|ERI1_HUMAN,,,PEAKS DB,2,FSDPVYKEI,False,6100000.0,1.0,N
SLFEHFIEL,0.079,SB,,3496,SLFEHFIEL,14.58,1133.5757,9,1.2,567.7958,88.61,349000.0,29,F29:23003,F120180713_KP_THP1_BB72_P2.raw,1,1.0,Q8IZQ1|WDFY3_HUMAN,,,PEAKS DB,2,SLFEHFIEL,False,,,N
FSSANSPFL,0.079,SB,,4798,FSSANSPFL,23.73,968.4603,9,1.2,969.4688,70.95,,1,F1:17506,F120180713_KP_THP1_w632_P1.raw,2,,Q9NX09|DDIT4_HUMAN,,,PEAKS DB,1,FSSANSPFL,False,20600000.0,2.0,N
GAASKSLSL,0.080,SB,,1318,GAASKSLSL,18.5,832.4654,9,-0.5,417.2397,31.65,,7,F7:6073,F120180713_KP_THP1_w632_P7.raw,1,,,,,PEAKS DB,2,GAASKSLSL,False,125000.0,1.0,N
TGIQPGTSL,0.080,SB,,5029,TGIQPGTSL,23.6,872.4603,9,0.3,873.4678,48.9,,7,F7:12267,F120180713_KP_THP1_w632_P7.raw,2,,Q9Y256|FACE2_HUMAN,,,PEAKS DB,1,TGIQPGTSL,False,152000000.0,2.0,N
RSIFPQQSL,0.080,SB,,2132,RSIFPQQSL,26.51,1074.5822,9,1.7,538.2993,50.3,,8,F8:10082,F120180713_KP_THP1_w632_P10.raw,1,,O94915|FRYL_HUMAN,,,PEAKS DB,2,RSIFPQQSL,False,2220000.0,1.0,N
YITTSKQSL,0.080,SB,,3327,YITTSKQSL,26.85,1039.5549,9,0.4,520.785,30.37,,6,F6:6689,F120180713_KP_THP1_w632_P6.raw,1,,Q14683|SMC1A_HUMAN,,,PEAKS DB,2,YITTSKQSL,False,2130000.0,1.0,N
FAVQRSKDM,0.080,SB,,1157,FAVQRSKDM,14.83,1096.5334,9,0.8,549.2744,20.76,,6,F6:2908,F120180713_KP_THP1_w632_P6.raw,1,,,Oxidation (M),M9:Oxidation (M):1000.00,PEAKS DB,2,FAVQRSKDM(+15.99),False,648000.0,1.0,N
FTDNSFLYL,0.081,SB,,2492,FTDNSFLYL,13.55,1118.5284,9,0.7,560.2719,96.68,,9,F9:23838,F120180713_KP_THP1_w632_P8.raw,1,,P21817|RYR1_HUMAN,,,PEAKS DB,2,FTDNSFLYL,False,1680000.0,1.0,N
NTIDPSHPM,0.081,SB,,2148,NTIDPSHPM,20.38,1026.4441,9,0.1,514.2294,28.27,2260000.0,43,F43:3786,F120180713_KP_THP1_BB72_P6.raw,2,2.0,P49588|SYAC_HUMAN,Oxidation (M),M9:Oxidation (M):1000.00,PEAKS DB,2,NTIDPSHPM(+15.99),False,,,N
AIIPYIPTL,0.081,SB,,2267,AIIPYIPTL,26.36,999.6005,9,1.3,1000.609,108.79,3830000.0,121,F121:31408,F120180713_KP_THP1_BB72_P10new.raw,1,1.0,P55060|XPO2_HUMAN,,,PEAKS DB,1,AIIPYIPTL,False,,,N
YALDVRVNSL,0.082,SB,,5325,YALDVRVNSL,18.16,1148.6189,10,1.5,575.3176,61.57,,1,F1:14092,F120180713_KP_THP1_w632_P1.raw,1,,O94913|PCF11_HUMAN,,,PEAKS DB,2,YALDVRVNSL,False,1410000.0,1.0,N
YIVDLLTHL,0.083,SB,,2996,YIVDLLTHL,28.23,1085.6121,9,0.3,543.8135,90.96,897000.0,29,F29:23608,F120180713_KP_THP1_BB72_P2.raw,1,1.0,Q3B7J2|GFOD2_HUMAN,,,PEAKS DB,2,YIVDLLTHL,False,,,N
KSAPVMLTL,0.083,SB,,3391,KSAPVMLTL,16.79,974.5471,9,0.7,488.2812,48.04,,3,F3:7832,F120180713_KP_THP1_w632_P3.raw,1,,Q15291|RBBP5_HUMAN,Oxidation (M),M6:Oxidation (M):1000.00,PEAKS DB,2,KSAPVM(+15.99)LTL,False,205000.0,1.0,N
LLLDPTHEL,0.083,SB,,3907,LLLDPTHEL,23.88,1049.5757,9,0.6,525.7954,69.84,19400000.0,29,F29:16243,F120180713_KP_THP1_BB72_P2.raw,1,1.0,Q96PN7|TREF1_HUMAN,,,PEAKS DB,2,LLLDPTHEL,False,,,N
NSVEPAQPL,0.083,SB,,3548,NSVEPAQPL,18.26,953.4818,9,-0.7,477.7479,44.57,,6,F6:11769,F120180713_KP_THP1_w632_P6.raw,1,,Q5JWR5|DOP1_HUMAN,,,PEAKS DB,2,NSVEPAQPL,False,232000.0,1.0,N
ILAEHLQTL,0.083,SB,,4318,ILAEHLQTL,26.48,1036.5917,9,0.7,519.3035,62.58,1880000.0,121,F121:13296,F120180713_KP_THP1_BB72_P10new.raw,1,1.0,Q9NQX1|PRDM5_HUMAN,,,PEAKS DB,2,ILAEHLQTL,False,,,N
YAIDNPLHY,0.084,SB,,1082,YAIDNPLHY,32.21,1104.5239,9,0.2,553.2693,59.46,,1,F1:13298,F120180713_KP_THP1_w632_P1.raw,2,,A5YKK6|CNOT1_HUMAN,,,PEAKS DB,2,YAIDNPLHY,False,6940000.0,2.0,N
YQDERERSL,0.084,SB,,3046,YQDERERSL,24.51,1194.5629,9,-0.7,399.1946,22.6,,5,F5:3839,F120180713_KP_THP1_w632_P5.raw,2,,Q01826|SATB1_HUMAN,,,PEAKS DB,3,YQDERERSL,False,5280000.0,2.0,N
AAVANPPRL,0.084,SB,,3695,AAVANPPRL,21.96,907.5239,9,-0.6,454.769,34.76,,7,F7:7249,F120180713_KP_THP1_w632_P7.raw,1,,Q6T4P5|PLPR3_HUMAN,,,PEAKS DB,2,AAVANPPRL,False,457000.0,1.0,N
KAIIRTPVM,0.084,SB,,3141,KAIIRTPVM,13.74,1027.6212,9,1.0,514.8184,33.23,,1,F1:4326,F120180713_KP_THP1_w632_P1.raw,1,,Q12830|BPTF_HUMAN,,,PEAKS DB,2,KAIIRTPVM,False,159000.0,1.0,N
IASSRSVDL,0.084,SB,,3995,IASSRSVDL,19.97,946.5083,9,-1.3,474.2608,31.72,,7,F7:6102,F120180713_KP_THP1_w632_P7.raw,1,,Q8NBJ4|GOLM1_HUMAN,,,PEAKS DB,2,IASSRSVDL,False,434000.0,1.0,N
SVMNSVVSL,0.084,SB,,3322,SVMNSVVSL,14.54,934.4794,9,1.5,935.488,72.61,2510000.0,28,F28:18883,F120180713_KP_THP1_BB72_P1.raw,1,1.0,Q7L2H7|EIF3M_HUMAN,,,PEAKS DB,1,SVMNSVVSL,False,,,N
SSVSSSAAL,0.085,SB,,3465,SSVSSSAAL,20.38,807.3974,9,0.7,808.4052,34.6,,5,F5:7962,F120180713_KP_THP1_w632_P5.raw,1,,Q16676|FOXD1_HUMAN,,,PEAKS DB,1,SSVSSSAAL,False,1400000.0,1.0,N
VVVAVGRAL,0.085,SB,,3455,VVVAVGRAL,24.38,882.5651,9,0.8,442.2902,43.49,,10,F10:9171,F120180713_KP_THP1_w632_P9.raw,1,,Q16531|DDB1_HUMAN,,,PEAKS DB,2,VVVAVGRAL,False,5970000.0,1.0,N
ATVHPGLEL,0.086,SB,,3312,ATVHPGLEL,29.32,935.5076,9,-1.3,468.7605,45.7,,8,F8:8288,F120180713_KP_THP1_w632_P10.raw,1,,Q14558|KPRA_HUMAN,,,PEAKS DB,2,ATVHPGLEL,False,6770000.0,1.0,N
FIAEHYMFL,0.086,SB,,1886,FIAEHYMFL,29.78,1185.5529,9,1.0,593.7843,67.57,,9,F9:18249,F120180713_KP_THP1_w632_P8.raw,1,,O15121|DEGS1_HUMAN,Oxidation (M),M7:Oxidation (M):1000.00,PEAKS DB,2,FIAEHYM(+15.99)FL,False,7520000.0,1.0,N
LILSPTREL,0.086,SB,,4063,LILSPTREL,21.91,1040.6229,9,0.6,521.319,53.45,,1,F1:10983,F120180713_KP_THP1_w632_P1.raw,1,,Q8TDD1|DDX54_HUMAN:Q9NVP1|DDX18_HUMAN,,,PEAKS DB,2,LILSPTREL,True,27700000.0,1.0,N
FATEVRAVI,0.086,SB,,2111,FATEVRAVI,30.44,1004.5654,9,0.9,503.2905,52.51,,1,F1:10620,F120180713_KP_THP1_w632_P1.raw,2,,O75886|STAM2_HUMAN,,,PEAKS DB,2,FATEVRAVI,False,5040000.0,2.0,N
YLHSGQVAL,0.087,SB,,3344,YLHSGQVAL,23.39,986.5185,9,1.2,494.2671,52.32,2610000.0,122,F122:7683,F120180713_KP_THP1_BB72_P8.raw,1,1.0,Q7Z3J2|CP062_HUMAN,,,PEAKS DB,2,YLHSGQVAL,False,,,N
YLGPVSPSL,0.087,SB,,4325,YLGPVSPSL,27.06,931.5015,9,1.4,932.51,75.33,6440000.0,121,F121:18389,F120180713_KP_THP1_BB72_P10new.raw,2,2.0,Q9NR56|MBNL1_HUMAN,,,PEAKS DB,1,YLGPVSPSL,False,,,N
RATNEGLSL,0.087,SB,,4564,RATNEGLSL,16.8,959.5036,9,1.2,480.7596,35.9,,9,F9:6698,F120180713_KP_THP1_w632_P8.raw,1,,Q9GZR7|DDX24_HUMAN,,,PEAKS DB,2,RATNEGLSL,False,276000.0,1.0,N
FLAQRAVEL,0.088,SB,,386,FLAQRAVEL,17.07,1045.592,9,0.9,523.8038,51.62,1570000.0,28,F28:10906,F120180713_KP_THP1_BB72_P1.raw,1,1.0,,,,PEAKS DB,2,FLAQRAVEL,False,,,N
VIIEKTYSL,0.088,SB,,3387,VIIEKTYSL,23.54,1064.6117,9,1.8,533.3141,59.34,11800000.0,121,F121:11997,F120180713_KP_THP1_BB72_P10new.raw,1,1.0,Q86TB9|PATL1_HUMAN,,,PEAKS DB,2,VIIEKTYSL,False,,,N
FLNKTTHQL,0.088,SB,,3340,FLNKTTHQL,29.37,1100.5978,9,0.3,551.3063,48.31,1350000.0,44,F44:8941,F120180713_KP_THP1_BB72_P7.raw,1,1.0,Q7Z392|TPC11_HUMAN,,,PEAKS DB,2,FLNKTTHQL,False,,,N
AAQNSRLSL,0.088,SB,,4857,AAQNSRLSL,14.9,959.5036,9,1.4,480.7598,36.26,,9,F9:6835,F120180713_KP_THP1_w632_P8.raw,1,,Q9P2D3|HTR5B_HUMAN,Deamidation (NQ),N4:Deamidation (NQ):17.01,PEAKS DB,2,AAQN(+.98)SRLSL,False,248000.0,1.0,N
SANIRLTAM,0.088,SB,,4925,SANIRLTAM,33.86,975.5172,9,1.2,488.7664,43.0,,10,F10:8981,F120180713_KP_THP1_w632_P9.raw,1,,Q9UK39|NOCT_HUMAN,,,PEAKS DB,2,SANIRLTAM,False,320000.0,1.0,N
AAAPPAKEI,0.089,SB,,2847,AAAPPAKEI,29.38,866.4861,9,-0.4,434.2502,25.45,,5,F5:4918,F120180713_KP_THP1_w632_P5.raw,1,,P53350|PLK1_HUMAN,,,PEAKS DB,2,AAAPPAKEI,False,882000.0,1.0,N
YLIGVHASL,0.089,SB,,3887,YLIGVHASL,21.11,971.544,9,1.7,486.7801,57.32,,3,F3:10840,F120180713_KP_THP1_w632_P3.raw,1,,Q8IV53|DEN1C_HUMAN,,,PEAKS DB,2,YLIGVHASL,False,496000.0,1.0,N
FTVPRVVAV,0.089,SB,,4776,FTVPRVVAV,25.21,986.5912,9,1.5,494.3036,62.44,382000.0,29,F29:13406,F120180713_KP_THP1_BB72_P2.raw,1,1.0,Q9Y4A5|TRRAP_HUMAN,,,PEAKS DB,2,FTVPRVVAV,False,,,N
GALGGSRAL,0.089,SB,,1964,GALGGSRAL,16.55,800.4504,9,-0.4,401.2323,29.26,,7,F7:5194,F120180713_KP_THP1_w632_P7.raw,1,,O43524|FOXO3_HUMAN,,,PEAKS DB,2,GALGGSRAL,False,8900000.0,1.0,N
VTVRPGLAM,0.089,SB,,2566,VTVRPGLAM,27.57,942.532,9,0.8,472.2737,43.28,,10,F10:9092,F120180713_KP_THP1_w632_P9.raw,1,,P30046|DOPD_HUMAN:A6NHG4|DDTL_HUMAN,,,PEAKS DB,2,VTVRPGLAM,False,1440000.0,1.0,N
LSSSVIREL,0.089,SB,,4017,LSSSVIREL,22.02,1002.5709,9,1.9,502.2937,49.49,,8,F8:9765,F120180713_KP_THP1_w632_P10.raw,1,,Q8NEJ9|NGDN_HUMAN,,,PEAKS DB,2,LSSSVIREL,False,1780000.0,1.0,N
NADSATRLL,0.089,SB,,2531,NADSATRLL,21.7,959.5036,9,0.9,480.7595,38.62,,9,F9:7730,F120180713_KP_THP1_w632_P8.raw,1,,P27105|STOM_HUMAN,,,PEAKS DB,2,NADSATRLL,False,759000.0,1.0,N
YLAIGIHEL,0.090,SB,,2037,YLAIGIHEL,24.08,1027.5702,9,0.9,514.7928,89.51,747000.0,31,F31:16297,F120180713_KP_THP1_BB72_P4.raw,1,1.0,P42357|HUTH_HUMAN,,,PEAKS DB,2,YLAIGIHEL,False,,,N
NAVSVHSNL,0.090,SB,,3553,NAVSVHSNL,29.22,939.4774,9,0.0,470.746,29.2,,6,F6:6225,F120180713_KP_THP1_w632_P6.raw,1,,Q5QJE6|TDIF2_HUMAN,,,PEAKS DB,2,NAVSVHSNL,False,904000.0,1.0,N
AAIHPSLEI,0.090,SB,,1988,AAIHPSLEI,24.28,949.5233,9,0.5,475.7691,51.37,,1,F1:10205,F120180713_KP_THP1_w632_P1.raw,1,,O60256|KPRB_HUMAN,,,PEAKS DB,2,AAIHPSLEI,False,2850000.0,1.0,N
VSEESYRVL,0.090,SB,,2029,VSEESYRVL,17.76,1080.5452,9,1.2,541.2805,42.17,,9,F9:9101,F120180713_KP_THP1_w632_P8.raw,1,,O60503|ADCY9_HUMAN,,,PEAKS DB,2,VSEESYRVL,False,944000.0,1.0,N
NVIETISSL,0.090,SB,,4180,NVIETISSL,16.07,974.5284,9,0.0,488.2715,83.69,,5,F5:17669,F120180713_KP_THP1_w632_P5.raw,1,,Q92616|GCN1_HUMAN,,,PEAKS DB,2,NVIETISSL,False,298000.0,1.0,N
ASMNHTKAL,0.090,SB,,4886,ASMNHTKAL,25.51,988.4648,9,1.1,495.2402,19.23,,5,F5:2506,F120180713_KP_THP1_w632_P5.raw,1,,Q9UBV2|SE1L1_HUMAN,Oxidation (M); Deamidation (NQ),M3:Oxidation (M):1000.00;N4:Deamidation (NQ):1000.00,PEAKS DB,2,ASM(+15.99)N(+.98)HTKAL,False,2540000.0,1.0,N
ISEENFRVM,0.091,SB,,2833,ISEENFRVM,32.53,1139.5281,9,-0.1,570.7712,42.29,,7,F7:10044,F120180713_KP_THP1_w632_P7.raw,2,,P52732|KIF11_HUMAN,Oxidation (M),M9:Oxidation (M):1000.00,PEAKS DB,2,ISEENFRVM(+15.99),False,23200000.0,2.0,N
FVDPNGKISL,0.091,SB,,5601,FVDPNGKISL,33.25,1088.5865,10,1.3,545.3013,55.54,,8,F8:12126,F120180713_KP_THP1_w632_P10.raw,1,,Q92538|GBF1_HUMAN,,,PEAKS DB,2,FVDPNGKISL,False,19000000.0,1.0,N
IGDPHTHEF,0.091,SB,,3009,IGDPHTHEF,27.77,1051.4723,9,-0.7,526.743,27.08,,7,F7:4449,F120180713_KP_THP1_w632_P7.raw,1,,P98198|AT8B2_HUMAN,,,PEAKS DB,2,IGDPHTHEF,False,522000.0,1.0,N
NSDPNLHLL,0.092,SB,,4409,NSDPNLHLL,31.56,1021.5192,9,0.5,511.7672,52.86,,1,F1:10752,F120180713_KP_THP1_w632_P1.raw,1,,Q96TA1|NIBL1_HUMAN,,,PEAKS DB,2,NSDPNLHLL,False,7050000.0,1.0,N
FTEAGLKEL,0.092,SB,,3754,FTEAGLKEL,30.8,1006.5334,9,1.5,504.2747,48.45,,8,F8:9365,F120180713_KP_THP1_w632_P10.raw,1,,Q7L1Q6|BZW1_HUMAN,,,PEAKS DB,2,FTEAGLKEL,False,47800000.0,1.0,N
SAIYPSDSF,0.092,SB,,1735,SAIYPSDSF,18.75,985.4392,9,0.7,986.4471,64.64,,10,F10:17397,F120180713_KP_THP1_w632_P9.raw,1,,,,,PEAKS DB,1,SAIYPSDSF,False,7330000.0,1.0,N
YSDLRKESM,0.092,SB,,2767,YSDLRKESM,29.8,1143.5229,9,0.0,572.7687,20.19,,6,F6:2731,F120180713_KP_THP1_w632_P6.raw,2,,P49736|MCM2_HUMAN,Oxidation (M),M9:Oxidation (M):1000.00,PEAKS DB,2,YSDLRKESM(+15.99),False,4830000.0,2.0,N
SVNGFISTL,0.092,SB,,3313,SVNGFISTL,21.82,936.4916,9,0.8,937.4997,78.66,,2,F2:13591,F120180713_KP_THP1_w632_P2.raw,1,,Q14571|ITPR2_HUMAN,,,PEAKS DB,1,SVNGFISTL,False,1830000.0,1.0,N
YLEDSGHTL,0.092,SB,,2659,YLEDSGHTL,28.53,1033.4717,9,0.6,517.7434,45.45,1490000.0,44,F44:7820,F120180713_KP_THP1_BB72_P7.raw,1,1.0,Q13162|PRDX4_HUMAN,,,PEAKS DB,2,YLEDSGHTL,False,,,N
RSIEYSPQL,0.093,SB,,3002,RSIEYSPQL,20.18,1091.561,9,0.5,546.7881,43.57,,10,F10:9202,F120180713_KP_THP1_w632_P9.raw,2,,P98160|PGBM_HUMAN,,,PEAKS DB,2,RSIEYSPQL,False,2890000.0,2.0,N
YLVPLLRSL,0.093,SB,,2679,YLVPLLRSL,18.98,1072.6644,9,1.0,537.34,81.03,459000.0,29,F29:20437,F120180713_KP_THP1_BB72_P2.raw,1,1.0,Q13395|TARB1_HUMAN,,,PEAKS DB,2,YLVPLLRSL,False,,,N
FLLPVINEM,0.093,SB,,3859,FLLPVINEM,28.68,1090.5732,9,0.6,546.2943,98.71,49900000.0,32,F32:21094,F120180713_KP_THP1_BB72_P5.raw,3,3.0,Q96HT8|MR1L1_HUMAN:Q9Y605|MOFA1_HUMAN,Oxidation (M),M9:Oxidation (M):1000.00,PEAKS DB,2,FLLPVINEM(+15.99),False,,,N
ITVTSSKAL,0.093,SB,,4995,ITVTSSKAL,19.03,918.5386,9,-0.5,460.2763,32.38,,7,F7:6356,F120180713_KP_THP1_w632_P7.raw,1,,Q9UPN3|MACF1_HUMAN,,,PEAKS DB,2,ITVTSSKAL,False,897000.0,1.0,N
AIIESGKTL,0.093,SB,,4738,AIIESGKTL,21.51,930.5386,9,-0.6,466.2763,36.11,,7,F7:7782,F120180713_KP_THP1_w632_P7.raw,1,,Q9NS86|LANC2_HUMAN,,,PEAKS DB,2,AIIESGKTL,False,994000.0,1.0,N
LATRSFPQL,0.093,SB,,2485,LATRSFPQL,17.26,1031.5763,9,0.9,516.7959,50.86,,1,F1:10014,F120180713_KP_THP1_w632_P1.raw,1,,P20073|ANXA7_HUMAN,,,PEAKS DB,2,LATRSFPQL,False,442000.0,1.0,N
RALEHFTDL,0.093,SB,,3019,RALEHFTDL,25.67,1100.5614,9,1.2,551.2886,40.97,,8,F8:6635,F120180713_KP_THP1_w632_P10.raw,1,,Q00610|CLH1_HUMAN,,,PEAKS DB,2,RALEHFTDL,False,9490000.0,1.0,N
FGHGRFQTM,0.094,SB,,2655,FGHGRFQTM,14.66,1079.4971,9,0.8,540.7562,30.62,,9,F9:5020,F120180713_KP_THP1_w632_P8.raw,1,,P39023|RL3_HUMAN,,,PEAKS DB,2,FGHGRFQTM,False,615000.0,1.0,N
GAIHTVLSL,0.094,SB,,3303,GAIHTVLSL,18.32,909.5283,9,0.4,455.7716,56.98,,2,F2:8596,F120180713_KP_THP1_w632_P2.raw,1,,Q14517|FAT1_HUMAN,,,PEAKS DB,2,GAIHTVLSL,False,300000.0,1.0,N
VMAPRTLVL,0.094,SB,,1438,VMAPRTLVL,30.21,1014.5896,9,0.5,508.3023,50.56,2060000.0,29,F29:9100,F120180713_KP_THP1_BB72_P2.raw,2,2.0,P01892|1A02_HUMAN,Oxidation (M),M2:Oxidation (M):1000.00,PEAKS DB,2,VM(+15.99)APRTLVL,False,,,N
FVHPGAATV,0.094,SB,,3367,FVHPGAATV,23.17,897.4708,9,-0.2,449.7426,33.71,,7,F7:6865,F120180713_KP_THP1_w632_P7.raw,1,,Q15038|DAZP2_HUMAN,,,PEAKS DB,2,FVHPGAATV,False,314000.0,1.0,N
HAIKSGMDM,0.094,SB,,4442,HAIKSGMDM,32.48,988.447,9,0.7,495.2311,24.12,,6,F6:4222,F120180713_KP_THP1_w632_P6.raw,1,,Q99707|METH_HUMAN,,,PEAKS DB,2,HAIKSGMDM,False,1690000.0,1.0,N
FLIIPLHSL,0.094,SB,,4608,FLIIPLHSL,26.51,1051.6429,9,1.1,526.8293,83.65,,1,F1:21981,F120180713_KP_THP1_w632_P1.raw,2,,Q9H2U1|DHX36_HUMAN,,,PEAKS DB,2,FLIIPLHSL,False,5890000.0,2.0,N
KAHAKAIEM,0.095,SB,,3280,KAHAKAIEM,21.79,1013.5328,9,0.5,507.7739,18.76,,6,F6:2297,F120180713_KP_THP1_w632_P6.raw,1,,Q14203|DCTN1_HUMAN,Oxidation (M),M9:Oxidation (M):1000.00,PEAKS DB,2,KAHAKAIEM(+15.99),False,1310000.0,1.0,N
FLADPVSNM,0.095,SB,,3538,FLADPVSNM,30.17,1008.4586,9,0.6,505.2369,59.6,,1,F1:13351,F120180713_KP_THP1_w632_P1.raw,1,,Q5BJH7|YIF1B_HUMAN,Oxidation (M),M9:Oxidation (M):1000.00,PEAKS DB,2,FLADPVSNM(+15.99),False,783000.0,1.0,N
YVNPNHQTSL,0.095,SB,,5730,YVNPNHQTSL,25.41,1171.5621,10,0.2,586.7885,29.2,,6,F6:6224,F120180713_KP_THP1_w632_P6.raw,1,,Q9Y6D5|BIG2_HUMAN,,,PEAKS DB,2,YVNPNHQTSL,False,833000.0,1.0,N
YLLDRLPEM,0.096,SB,,4772,YLLDRLPEM,27.48,1164.5848,9,0.9,583.3002,76.8,1220000.0,31,F31:13069,F120180713_KP_THP1_BB72_P4.raw,2,2.0,Q9Y4A5|TRRAP_HUMAN,Oxidation (M),M9:Oxidation (M):1000.00,PEAKS DB,2,YLLDRLPEM(+15.99),False,,,N
VTIARAIEL,0.096,SB,,3616,VTIARAIEL,30.78,984.5967,9,0.8,493.3061,57.19,,3,F3:10793,F120180713_KP_THP1_w632_P3.raw,1,,Q5VW32|BROX_HUMAN,,,PEAKS DB,2,VTIARAIEL,False,8940000.0,1.0,N
FLDEPTNHL,0.096,SB,,4525,FLDEPTNHL,27.06,1084.5189,9,1.2,543.2674,85.57,1470000.0,123,F123:15261,F120180713_KP_THP1_BB72_P9new.raw,1,1.0,Q9UG63|ABCF2_HUMAN,,,PEAKS DB,2,FLDEPTNHL,False,,,N
SVHDPAGAL,0.096,SB,,1933,SVHDPAGAL,16.77,865.4293,9,0.1,433.722,31.98,,7,F7:6202,F120180713_KP_THP1_w632_P7.raw,1,,O15533|TPSN_HUMAN,,,PEAKS DB,2,SVHDPAGAL,False,359000.0,1.0,N
AVISGVMSL,0.096,SB,,4521,AVISGVMSL,21.6,891.4736,9,0.2,892.4810000000001,61.66,,2,F2:9682,F120180713_KP_THP1_w632_P2.raw,1,,Q9BWW8|APOL6_HUMAN,Oxidation (M),M7:Oxidation (M):1000.00,PEAKS DB,1,AVISGVM(+15.99)SL,False,19400000.0,1.0,N
YAFSARPL,0.097,SB,,560,YAFSARPL,17.07,923.4865,8,1.8,462.7513,47.54,,8,F8:9011,F120180713_KP_THP1_w632_P10.raw,1,,P07203|GPX1_HUMAN,,,PEAKS DB,2,YAFSARPL,False,962000.0,1.0,N
ISEEGFHYL,0.097,SB,,1356,ISEEGFHYL,14.58,1093.5079,9,1.9,547.7623,56.31,,1,F1:12077,F120180713_KP_THP1_w632_P1.raw,1,,,,,PEAKS DB,2,ISEEGFHYL,False,385000.0,1.0,N
FTADPLSL,0.097,SB,,931,FTADPLSL,25.96,862.4436,8,1.0,863.4517,82.22,,2,F2:14712,F120180713_KP_THP1_w632_P2.raw,1,,Q96P48|ARAP1_HUMAN,,,PEAKS DB,1,FTADPLSL,False,9500000.0,1.0,N
RIIEPVAAM,0.098,SB,,1844,RIIEPVAAM,16.51,1014.5532,9,0.5,508.2841,35.24,,8,F8:4945,F120180713_KP_THP1_w632_P10.raw,1,,O14686|KMT2D_HUMAN,Oxidation (M),M9:Oxidation (M):1000.00,PEAKS DB,2,RIIEPVAAM(+15.99),False,100000.0,1.0,N
AAVGQAAHL,0.098,SB,,3468,AAVGQAAHL,28.13,836.4504,9,0.2,419.2326,28.59,,6,F6:5987,F120180713_KP_THP1_w632_P6.raw,1,,Q16678|CP1B1_HUMAN,,,PEAKS DB,2,AAVGQAAHL,False,589000.0,1.0,N
YPYPRAPVF,0.099,SB,,3025,YPYPRAPVF,33.59,1108.5706,9,0.6,555.2929,59.05,,3,F3:11425,F120180713_KP_THP1_w632_P3.raw,1,,Q00839|HNRPU_HUMAN,,,PEAKS DB,2,YPYPRAPVF,False,3560000.0,1.0,N
FPNPAAHAL,0.099,SB,,4949,FPNPAAHAL,23.05,936.4817,9,0.2,469.2482,45.26,,10,F10:9869,F120180713_KP_THP1_w632_P9.raw,1,,Q9ULK4|MED23_HUMAN,,,PEAKS DB,2,FPNPAAHAL,False,398000.0,1.0,N
AVLPFSPAL,0.099,SB,,196,AVLPFSPAL,18.67,913.5273,9,0.8,914.5353,98.79,2410000.0,43,F43:20001,F120180713_KP_THP1_BB72_P6.raw,2,2.0,,,,PEAKS DB,1,AVLPFSPAL,False,,,N
SAVYVLSSM,0.099,SB,,2015,SAVYVLSSM,18.01,971.4634,9,0.9,972.4716,58.08,,3,F3:11088,F120180713_KP_THP1_w632_P3.raw,1,,O60381|HBP1_HUMAN,Oxidation (M),M9:Oxidation (M):1000.00,PEAKS DB,1,SAVYVLSSM(+15.99),False,819000.0,1.0,N
IASPVIAAV,0.099,SB,,3716,IASPVIAAV,19.94,839.5116,9,1.7,840.5203,66.65,,8,F8:16037,F120180713_KP_THP1_w632_P10.raw,1,,Q6ZMZ0|RN19B_HUMAN,,,PEAKS DB,1,IASPVIAAV,False,9550000.0,1.0,N
TTMVPTAAL,0.100,SB,,1949,TTMVPTAAL,13.91,903.4736,9,1.8,904.4825,65.02,,8,F8:15393,F120180713_KP_THP1_w632_P10.raw,1,,O43292|GPAA1_HUMAN,,,PEAKS DB,1,TTMVPTAAL,False,15200000.0,1.0,N
FSDDSDLQL,0.101,SB,,2044,FSDDSDLQL,15.48,1038.4506,9,0.9,520.2330000000002,70.17,,8,F8:17439,F120180713_KP_THP1_w632_P10.raw,1,,O60684|IMA7_HUMAN,,,PEAKS DB,2,FSDDSDLQL,False,844000.0,1.0,N
TASSVALIL,0.101,SB,,1583,TASSVALIL,12.85,873.5171,9,0.3,874.5246,79.04,,2,F2:13735,F120180713_KP_THP1_w632_P2.raw,1,,,,,PEAKS DB,1,TASSVALIL,False,3550000.0,1.0,N
YTYTSKAL,0.102,SB,,897,YTYTSKAL,31.74,945.4807,8,-0.2,946.4878,33.06,,7,F7:6612,F120180713_KP_THP1_w632_P7.raw,2,,Q8WZ60|KLHL6_HUMAN,,,PEAKS DB,1,YTYTSKAL,False,6440000.0,2.0,N
LAVHPSGVAL,0.102,SB,,5339,LAVHPSGVAL,32.28,962.5549,10,1.1,482.2852,46.84,,10,F10:10495,F120180713_KP_THP1_w632_P9.raw,2,,P05161|ISG15_HUMAN,,,PEAKS DB,2,LAVHPSGVAL,False,49800000.0,2.0,N
YVIGPKGNSL,0.102,SB,,5454,YVIGPKGNSL,16.19,1046.576,10,0.0,524.2953,41.8,,9,F9:8956,F120180713_KP_THP1_w632_P8.raw,1,,Q00341|VIGLN_HUMAN,,,PEAKS DB,2,YVIGPKGNSL,False,830000.0,1.0,N
LATRALPEL,0.103,SB,,2415,LATRALPEL,28.98,982.5811,9,1.0,492.2983,50.61,,1,F1:9919,F120180713_KP_THP1_w632_P1.raw,3,,P14923|PLAK_HUMAN,,,PEAKS DB,2,LATRALPEL,True,83300000.0,3.0,N
AAFGKSPEI,0.103,SB,,4186,AAFGKSPEI,22.6,918.481,9,0.0,460.2478,37.96,,9,F9:7463,F120180713_KP_THP1_w632_P8.raw,1,,Q92621|NU205_HUMAN,,,PEAKS DB,2,AAFGKSPEI,False,210000.0,1.0,N
TLYEHNNEL,0.104,SB,,4334,TLYEHNNEL,32.41,1131.5197,9,1.3,566.7678,45.79,195000000.0,44,F44:7954,F120180713_KP_THP1_BB72_P7.raw,2,2.0,Q9NRG9|AAAS_HUMAN,,,PEAKS DB,2,TLYEHNNEL,False,,,N
RLFEVPHEL,0.104,SB,,151,RLFEVPHEL,19.59,1138.6134,9,0.5,570.3143,52.85,1440000.0,29,F29:9854,F120180713_KP_THP1_BB72_P2.raw,1,1.0,,,,PEAKS DB,2,RLFEVPHEL,False,,,N
FLHEATVRL,0.104,SB,,2629,FLHEATVRL,30.2,1084.6029,9,0.7,543.3091,56.25,30400000.0,121,F121:10768,F120180713_KP_THP1_BB72_P10new.raw,2,2.0,Q12772|SRBP2_HUMAN,,,PEAKS DB,2,FLHEATVRL,False,,,N
LAAPGHPPVL,0.104,SB,,5377,LAAPGHPPVL,23.77,970.5599,10,0.2,486.2874,45.61,,10,F10:10007,F120180713_KP_THP1_w632_P9.raw,1,,P26651|TTP_HUMAN,,,PEAKS DB,2,LAAPGHPPVL,False,421000.0,1.0,N
FPYEEHLEM,0.105,SB,,4292,FPYEEHLEM,32.02,1209.5012,9,0.4,605.7581,49.46,,1,F1:9511,F120180713_KP_THP1_w632_P1.raw,1,,Q96G04|EF2KT_HUMAN,Oxidation (M),M9:Oxidation (M):1000.00,PEAKS DB,2,FPYEEHLEM(+15.99),False,10100000.0,1.0,N
HSIPSEMEF,0.105,SB,,2935,HSIPSEMEF,23.16,1091.4594,9,0.9,546.7374,37.45,,8,F8:5591,F120180713_KP_THP1_w632_P10.raw,1,,P62487|RPB7_HUMAN,Oxidation (M),M7:Oxidation (M):1000.00,PEAKS DB,2,HSIPSEM(+15.99)EF,False,1510000.0,1.0,N
KADMNVHLL,0.105,SB,,1334,KADMNVHLL,17.67,1039.5485,9,1.4,520.7822,40.15,,8,F8:6385,F120180713_KP_THP1_w632_P10.raw,1,,,,,PEAKS DB,2,KADMNVHLL,False,3560000.0,1.0,N
VVMNVVHQL,0.106,SB,,2978,VVMNVVHQL,33.07,1053.5641,9,1.1,527.7899,46.1,6880000.0,121,F121:7108,F120180713_KP_THP1_BB72_P10new.raw,1,1.0,Q2M389|WASC4_HUMAN,Oxidation (M),M3:Oxidation (M):1000.00,PEAKS DB,2,VVM(+15.99)NVVHQL,False,,,N
VTDHNLHEL,0.106,SB,,4764,VTDHNLHEL,34.98,1076.525,9,-0.6,539.2695,26.86,,7,F7:4370,F120180713_KP_THP1_w632_P7.raw,2,,Q9NV31|IMP3_HUMAN,,,PEAKS DB,2,VTDHNLHEL,False,10300000.0,2.0,N
SIYEYYHAL,0.106,SB,,2962,SIYEYYHAL,20.5,1157.5393,9,0.4,579.7772,61.51,2670000.0,29,F29:13046,F120180713_KP_THP1_BB72_P2.raw,1,1.0,Q16665|HIF1A_HUMAN,,,PEAKS DB,2,SIYEYYHAL,False,,,N
FIEDVSREF,0.106,SB,,2223,FIEDVSREF,12.78,1140.545,9,0.4,571.28,60.88,,1,F1:13841,F120180713_KP_THP1_w632_P1.raw,1,,P00966|ASSY_HUMAN,,,PEAKS DB,2,FIEDVSREF,False,812000.0,1.0,N
YAIGKDVQAM,0.106,SB,,5367,YAIGKDVQAM,12.7,1110.538,10,0.5,556.2766,32.46,,9,F9:5618,F120180713_KP_THP1_w632_P8.raw,1,,P21281|VATB2_HUMAN,Oxidation (M),M10:Oxidation (M):1000.00,PEAKS DB,2,YAIGKDVQAM(+15.99),False,502000.0,1.0,N
AAAPVVPAV,0.106,SB,,255,AAAPVVPAV,17.12,793.4697,9,0.7,397.7424,60.96,170000.0,122,F122:9706,F120180713_KP_THP1_BB72_P8.raw,1,1.0,,,,PEAKS DB,2,AAAPVVPAV,False,,,N
YLVDNKLHL,0.107,SB,,3618,YLVDNKLHL,25.63,1113.6182,9,1.3,557.8171,48.31,1760000.0,28,F28:9654,F120180713_KP_THP1_BB72_P1.raw,1,1.0,Q8TCG2|P4K2B_HUMAN,,,PEAKS DB,2,YLVDNKLHL,False,,,N
VIVTPLTEL,0.107,SB,,3602,VIVTPLTEL,27.33,983.5903,9,0.2,984.5977,87.82,,5,F5:18651,F120180713_KP_THP1_w632_P5.raw,2,,Q5UIP0|RIF1_HUMAN,,,PEAKS DB,1,VIVTPLTEL,False,12900000.0,2.0,N
SIIEYLPTL,0.107,SB,,3919,SIIEYLPTL,26.44,1047.5852,9,-1.0,1048.5914,107.95,11200000.0,121,F121:31073,F120180713_KP_THP1_BB72_P10new.raw,1,1.0,Q96QE3|ATAD5_HUMAN,,,PEAKS DB,1,SIIEYLPTL,False,,,N
IIMETVPQL,0.107,SB,,3900,IIMETVPQL,25.74,1058.5681,9,0.9,530.2918,73.3,8480000.0,121,F121:17576,F120180713_KP_THP1_BB72_P10new.raw,2,2.0,Q96N67|DOCK7_HUMAN,Oxidation (M),M3:Oxidation (M):1000.00,PEAKS DB,2,IIM(+15.99)ETVPQL,False,,,N
IIVGNPKAL,0.107,SB,,4209,IIVGNPKAL,21.81,923.5804,9,1.0,462.7979,41.23,,10,F10:8279,F120180713_KP_THP1_w632_P9.raw,2,,Q92900|RENT1_HUMAN,,,PEAKS DB,2,IIVGNPKAL,False,8020000.0,2.0,N
KAVDPSSVAL,0.107,SB,,5588,KAVDPSSVAL,18.36,985.5444,10,0.3,493.7796,42.01,,9,F9:9037,F120180713_KP_THP1_w632_P8.raw,2,,Q8TEM1|PO210_HUMAN,,,PEAKS DB,2,KAVDPSSVAL,False,3270000.0,2.0,N
YMIDAGTEF,0.107,SB,,1610,YMIDAGTEF,12.86,1061.4375,9,1.1,531.7266,67.08,,1,F1:16056,F120180713_KP_THP1_w632_P1.raw,1,,,Oxidation (M),M2:Oxidation (M):1000.00,PEAKS DB,2,YM(+15.99)IDAGTEF,False,10700000.0,1.0,N
SIIGSARSL,0.108,SB,,5059,SIIGSARSL,23.22,902.5185,9,1.3,452.2671,41.38,,10,F10:8341,F120180713_KP_THP1_w632_P9.raw,1,,Q9Y3B7|RM11_HUMAN,,,PEAKS DB,2,SIIGSARSL,False,1550000.0,1.0,N
LTVDPQGAL,0.108,SB,,4339,LTVDPQGAL,16.97,912.4916,9,1.3,913.5001,62.34,,10,F10:16479,F120180713_KP_THP1_w632_P9.raw,1,,Q96P70|IPO9_HUMAN,,,PEAKS DB,1,LTVDPQGAL,False,2630000.0,1.0,N
LAKDHSPDL,0.108,SB,,2103,LAKDHSPDL,32.74,994.5083,9,-0.1,498.2614,23.45,,6,F6:3959,F120180713_KP_THP1_w632_P6.raw,1,,O75787|RENR_HUMAN,,,PEAKS DB,2,LAKDHSPDL,False,3120000.0,1.0,N
FQNESAAAL,0.108,SB,,4337,FQNESAAAL,20.63,949.4505,9,-0.3,475.7324,45.76,,7,F7:11083,F120180713_KP_THP1_w632_P7.raw,2,,Q96P70|IPO9_HUMAN,,,PEAKS DB,2,FQNESAAAL,False,9020000.0,2.0,N
AADTERLAL,0.108,SB,,3103,AADTERLAL,24.54,958.5083,9,1.6,480.2622,41.39,,10,F10:8345,F120180713_KP_THP1_w632_P9.raw,1,,Q07065|CKAP4_HUMAN,,,PEAKS DB,2,AADTERLAL,False,262000.0,1.0,N
AAASHFFNL,0.108,SB,,3911,AAASHFFNL,27.71,976.4766,9,0.1,489.2456,59.16,,2,F2:9135,F120180713_KP_THP1_w632_P2.raw,1,,Q8IXQ5|KLHL7_HUMAN,,,PEAKS DB,2,AAASHFFNL,False,2120000.0,1.0,N
YAQIRTIAI,0.108,SB,,1630,YAQIRTIAI,17.52,1047.6077,9,0.4,524.8113,52.91,,1,F1:10773,F120180713_KP_THP1_w632_P1.raw,1,,,,,PEAKS DB,2,YAQIRTIAI,False,146000.0,1.0,N
YPFDSPQVM,0.109,SB,,4247,YPFDSPQVM,23.5,1098.4691,9,1.0,550.2424,62.52,,1,F1:14450,F120180713_KP_THP1_w632_P1.raw,2,,Q96B02|UBE2W_HUMAN,Oxidation (M),M9:Oxidation (M):1000.00,PEAKS DB,2,YPFDSPQVM(+15.99),False,2020000.0,2.0,N
YADGPHQF,0.109,SB,,477,YADGPHQF,13.94,933.3981,8,0.7,467.7066,31.02,,6,F6:6945,F120180713_KP_THP1_w632_P6.raw,1,,O00754|MA2B1_HUMAN,,,PEAKS DB,2,YADGPHQF,False,279000.0,1.0,N
AAFDGRHSQTL,0.109,SB,,5841,AAFDGRHSQTL,39.41,1201.5839999999996,11,0.2,601.7994,27.52,,6,F6:5570,F120180713_KP_THP1_w632_P6.raw,1,,P78395|PRAME_HUMAN,,,PEAKS DB,2,AAFDGRHSQTL,False,4000000.0,1.0,N
FSSVGLSSF,0.109,SB,,1495,FSSVGLSSF,13.42,929.4494,9,0.8,465.7324,53.47,,8,F8:11329,F120180713_KP_THP1_w632_P10.raw,1,,,,,PEAKS DB,2,FSSVGLSSF,False,1450000.0,1.0,N
NSVSPSESL,0.110,SB,,3085,NSVSPSESL,23.69,998.3958,9,0.4,999.4034,57.22,,5,F5:13069,F120180713_KP_THP1_w632_P5.raw,2,,Q04726|TLE3_HUMAN,Phosphorylation (STY),S4:Phosphorylation (STY):13.67,PEAKS DB,1,NSVS(+79.97)PSESL,False,20800000.0,2.0,N
IVIGVLHQL,0.110,SB,,4537,IVIGVLHQL,24.68,990.6226,9,1.0,496.3191,91.9,2220000.0,31,F31:17047,F120180713_KP_THP1_BB72_P4.raw,1,1.0,Q9UH92|MLX_HUMAN,,,PEAKS DB,2,IVIGVLHQL,False,,,N
LAEAGVRLL,0.110,SB,,1941,LAEAGVRLL,23.85,940.5706,9,0.9,471.293,54.36,,1,F1:11329,F120180713_KP_THP1_w632_P1.raw,1,,O43175|SERA_HUMAN,,,PEAKS DB,2,LAEAGVRLL,False,9120000.0,1.0,N
CAHGGRMAL,0.110,SB,,1600,CAHGGRMAL,13.34,930.4164,9,0.3,466.2156,19.16,,6,F6:2391,F120180713_KP_THP1_w632_P6.raw,1,,,Oxidation (M),M7:Oxidation (M):1000.00,PEAKS DB,2,CAHGGRM(+15.99)AL,False,353000.0,1.0,N
SMLEPVPEL,0.111,SB,,315,SMLEPVPEL,15.38,1029.5052,9,0.2,1030.5127,94.59,878000.0,30,F30:15639,F120180713_KP_THP1_BB72_P3.raw,2,2.0,,Oxidation (M),M2:Oxidation (M):1000.00,PEAKS DB,1,SM(+15.99)LEPVPEL,False,,,N
HVIENSNAF,0.111,SB,,4579,HVIENSNAF,25.09,1029.4879,9,-0.6,515.7509,33.8,,7,F7:6899,F120180713_KP_THP1_w632_P7.raw,1,,Q9H0H5|RGAP1_HUMAN,,,PEAKS DB,2,HVIENSNAF,False,1270000.0,1.0,N
YVNPNSQTTL,0.111,SB,,5261,YVNPNSQTTL,13.43,1135.5509,10,0.2,568.7828,43.37,,6,F6:11303,F120180713_KP_THP1_w632_P6.raw,1,,,,,PEAKS DB,2,YVNPNSQTTL,False,696000.0,1.0,N
RVVDNPIYL,0.111,SB,,1970,RVVDNPIYL,19.17,1087.6025,9,1.1,544.8091,55.01,911000.0,28,F28:12233,F120180713_KP_THP1_BB72_P1.raw,1,1.0,P36776|LONM_HUMAN,,,PEAKS DB,2,RVVDNPIYL,False,,,N
LVTDIQPVL,0.111,SB,,1098,LVTDIQPVL,24.39,996.5855,9,1.6,997.5944,79.94,,3,F3:18812,F120180713_KP_THP1_w632_P3.raw,2,,A6NHR9|SMHD1_HUMAN,,,PEAKS DB,1,LVTDIQPVL,False,14900000.0,2.0,N
VTDSGRHIL,0.111,SB,,3645,VTDSGRHIL,15.17,996.5352,9,-1.4,499.2742,25.27,,7,F7:3847,F120180713_KP_THP1_w632_P7.raw,1,,Q6IQ49|SDE2_HUMAN,,,PEAKS DB,2,VTDSGRHIL,False,553000.0,1.0,N
YAYPATAAAPM,0.111,SB,,5796,YAYPATAAAPM,13.13,1141.5114,11,1.2,571.7636,47.93,,9,F9:11313,F120180713_KP_THP1_w632_P8.raw,1,,P17844|DDX5_HUMAN,Oxidation (M),M11:Oxidation (M):1000.00,PEAKS DB,2,YAYPATAAAPM(+15.99),False,2160000.0,1.0,N
FAHRGDVTSL,0.111,SB,,5187,FAHRGDVTSL,13.03,1101.5566,10,-0.1,551.7855,29.85,,7,F7:5400,F120180713_KP_THP1_w632_P7.raw,1,,,,,PEAKS DB,2,FAHRGDVTSL,False,936000.0,1.0,N
RAAKALLAM,0.112,SB,,4032,RAAKALLAM,23.21,959.5586,9,1.1,480.7871,24.59,,8,F8:3063,F120180713_KP_THP1_w632_P10.raw,1,,Q8NFD5|ARI1B_HUMAN,Oxidation (M),M9:Oxidation (M):1000.00,PEAKS DB,2,RAAKALLAM(+15.99),False,384000.0,1.0,N
FAGMPITL,0.112,SB,,615,FAGMPITL,17.1,864.4415,8,-0.9,865.4481,70.17,,6,F6:17111,F120180713_KP_THP1_w632_P6.raw,1,,P29353|SHC1_HUMAN,Oxidation (M),M4:Oxidation (M):1000.00,PEAKS DB,1,FAGM(+15.99)PITL,False,6270000.0,1.0,N
KAMDDTFYL,0.112,SB,,2782,KAMDDTFYL,24.9,1118.4954,9,1.9,560.256,55.05,24500000.0,29,F29:10595,F120180713_KP_THP1_BB72_P2.raw,2,2.0,Q14249|NUCG_HUMAN,Oxidation (M),M3:Oxidation (M):1000.00,PEAKS DB,2,KAM(+15.99)DDTFYL,False,,,N
VLIEKSHEM,0.112,SB,,4127,VLIEKSHEM,20.01,1100.5536,9,0.6,551.2844,29.65,4480000.0,44,F44:3915,F120180713_KP_THP1_BB72_P7.raw,3,3.0,Q9BZF9|UACA_HUMAN,Oxidation (M),M9:Oxidation (M):1000.00,PEAKS DB,2,VLIEKSHEM(+15.99),False,,,N
FLFELPSRL,0.113,SB,,4562,FLFELPSRL,16.73,1120.6281,9,-0.3,561.3211,85.85,1760000.0,29,F29:22190,F120180713_KP_THP1_BB72_P2.raw,1,1.0,Q9UID3|VPS51_HUMAN,,,PEAKS DB,2,FLFELPSRL,False,,,N
FIIDSSRSV,0.114,SB,,1116,FIIDSSRSV,18.07,1022.5396,9,1.0,512.2776,48.93,,10,F10:11317,F120180713_KP_THP1_w632_P9.raw,1,,,,,PEAKS DB,2,FIIDSSRSV,False,8780000.0,1.0,N
FLNEEVKSL,0.114,SB,,4033,FLNEEVKSL,28.35,1077.5706,9,0.9,539.793,60.5,5060000.0,121,F121:12460,F120180713_KP_THP1_BB72_P10new.raw,1,1.0,Q99996|AKAP9_HUMAN,,,PEAKS DB,2,FLNEEVKSL,False,,,N
VGDPGQRTL,0.114,SB,,1834,VGDPGQRTL,23.57,941.493,9,0.6,471.7541,26.74,,5,F5:5417,F120180713_KP_THP1_w632_P5.raw,1,,O14497|ARI1A_HUMAN,,,PEAKS DB,2,VGDPGQRTL,False,12600000.0,1.0,N
QAVAVILSL,0.115,SB,,4413,QAVAVILSL,14.27,912.5644,9,2.7,457.2907,90.14,,8,F8:21709,F120180713_KP_THP1_w632_P10.raw,1,,Q99081|HTF4_HUMAN,,,PEAKS DB,2,QAVAVILSL,False,109000.0,1.0,N
MARLPSVAF,0.115,SB,,3083,MARLPSVAF,17.94,1006.527,9,0.7,504.2711,55.11,,3,F3:10158,F120180713_KP_THP1_w632_P3.raw,1,,Q04721|NOTC2_HUMAN,Oxidation (M),M1:Oxidation (M):1000.00,PEAKS DB,2,M(+15.99)ARLPSVAF,False,2670000.0,1.0,N
YSLVSREL,0.115,SB,,811,YSLVSREL,18.35,965.5182,8,-0.5,483.7661,46.6,,8,F8:8641,F120180713_KP_THP1_w632_P10.raw,1,,Q6NUQ4|TM214_HUMAN,,,PEAKS DB,2,YSLVSREL,False,5700000.0,1.0,N
YGVGAVASL,0.115,SB,,1945,YGVGAVASL,20.28,835.444,9,1.7,836.4527,65.28,,8,F8:15497,F120180713_KP_THP1_w632_P10.raw,1,,O43251|RFOX2_HUMAN,,,PEAKS DB,1,YGVGAVASL,False,31700000.0,1.0,N
YANYYTREV,0.116,SB,,2087,YANYYTREV,21.25,1177.5404,9,-0.9,589.7769999999998,37.93,,7,F7:8465,F120180713_KP_THP1_w632_P7.raw,1,,O75533|SF3B1_HUMAN,,,PEAKS DB,2,YANYYTREV,False,227000.0,1.0,N
LILTPTREL,0.116,SB,,3569,LILTPTREL,18.41,1054.6387,9,0.4,528.3268,51.21,,8,F8:10444,F120180713_KP_THP1_w632_P10.raw,1,,Q5T1V6|DDX59_HUMAN,,,PEAKS DB,2,LILTPTREL,True,34700000.0,1.0,N
YVFDGKPPQL,0.116,SB,,1989,YVFDGKPPQL,18.16,1162.6022,10,0.8,582.3088,61.86,577000.0,28,F28:14910,F120180713_KP_THP1_BB72_P1.raw,1,1.0,P39748|FEN1_HUMAN,,,PEAKS DB,2,YVFDGKPPQL,False,,,N
FTEQGVRLL,0.116,SB,,3756,FTEQGVRLL,24.19,1061.5869,9,0.4,531.8009999999998,54.96,,1,F1:11556,F120180713_KP_THP1_w632_P1.raw,1,,Q7L1T6|NB5R4_HUMAN,,,PEAKS DB,2,FTEQGVRLL,False,2400000.0,1.0,N
ILDPHVVLL,0.116,SB,,3968,ILDPHVVLL,26.13,1017.6223,9,0.3,509.8186,89.35,26300000.0,32,F32:18189,F120180713_KP_THP1_BB72_P5.raw,1,1.0,Q99567|NUP88_HUMAN,,,PEAKS DB,2,ILDPHVVLL,False,,,N
YSKPGLSM,0.117,SB,,951,YSKPGLSM,18.66,897.4266,8,0.2,449.7207,25.51,,7,F7:3923,F120180713_KP_THP1_w632_P7.raw,1,,Q9BQ70|TCF25_HUMAN,Oxidation (M),M8:Oxidation (M):1000.00,PEAKS DB,2,YSKPGLSM(+15.99),False,227000.0,1.0,N
YGYSNPKIL,0.117,SB,,2263,YGYSNPKIL,30.64,1053.5494,9,0.9,527.7825,46.36,,10,F10:10304,F120180713_KP_THP1_w632_P9.raw,1,,P05412|JUN_HUMAN,,,PEAKS DB,2,YGYSNPKIL,False,955000.0,1.0,N
LSYLRESSL,0.117,SB,,3039,LSYLRESSL,18.73,1066.5658,9,0.3,534.2903,47.41,,8,F8:8962,F120180713_KP_THP1_w632_P10.raw,1,,Q01543|FLI1_HUMAN,,,PEAKS DB,2,LSYLRESSL,False,2000000.0,1.0,N
YLMEVTHDL,0.118,SB,,4483,YLMEVTHDL,32.51,1135.522,9,0.7,568.7687,47.95,6370000.0,29,F29:8217,F120180713_KP_THP1_BB72_P2.raw,1,1.0,Q9P2J5|SYLC_HUMAN,Oxidation (M),M3:Oxidation (M):1000.00,PEAKS DB,2,YLM(+15.99)EVTHDL,False,,,N
VATAADLEL,0.118,SB,,3620,VATAADLEL,21.95,901.4756,9,1.5,902.4843,66.83,,8,F8:16111,F120180713_KP_THP1_w632_P10.raw,1,,Q5VYK3|ECM29_HUMAN,,,PEAKS DB,1,VATAADLEL,False,11200000.0,1.0,N
RIMEFTTTL,0.118,SB,,2457,RIMEFTTTL,21.2,1110.5743,9,0.4,556.2947,61.6,838000.0,29,F29:13080,F120180713_KP_THP1_BB72_P2.raw,1,1.0,P78527|PRKDC_HUMAN,,,PEAKS DB,2,RIMEFTTTL,False,,,N
FQSSAVMAL,0.119,SB,,3738,FQSSAVMAL,29.72,968.4637,9,0.2,485.2392,54.84,,3,F3:10063,F120180713_KP_THP1_w632_P3.raw,4,,Q71DI3|H32_HUMAN,Oxidation (M),M7:Oxidation (M):1000.00,PEAKS DB,2,FQSSAVM(+15.99)AL,False,23500000.0,4.0,N
FLDPDRHFL,0.119,SB,,476,FLDPDRHFL,17.79,1158.5822,9,0.6,387.2016,53.96,2770000.0,29,F29:10182,F120180713_KP_THP1_BB72_P2.raw,2,2.0,,,,PEAKS DB,3,FLDPDRHFL,False,,,N
RIYDAQNEL,0.119,SB,,4592,RIYDAQNEL,25.59,1120.5513,9,-1.3,561.2822,53.49,883000.0,44,F44:10885,F120180713_KP_THP1_BB72_P7.raw,1,1.0,Q9UKG1|DP13A_HUMAN,,,PEAKS DB,2,RIYDAQNEL,False,,,N
LASAERAAL,0.119,SB,,1470,LASAERAAL,18.82,900.5028,9,0.4,451.2589,30.17,,6,F6:6613,F120180713_KP_THP1_w632_P6.raw,1,,,,,PEAKS DB,2,LASAERAAL,False,300000.0,1.0,N
FVHESPAL,0.119,SB,,989,FVHESPAL,19.99,898.4548,8,0.6,450.235,36.44,,9,F9:6899,F120180713_KP_THP1_w632_P8.raw,1,,Q9HC24|LFG4_HUMAN,,,PEAKS DB,2,FVHESPAL,False,637000.0,1.0,N
KIAPNTPQL,0.120,SB,,3053,KIAPNTPQL,38.46,980.5654,9,1.0,491.2905,51.15,26500000.0,44,F44:10008,F120180713_KP_THP1_BB72_P7.raw,1,1.0,Q5JPE7|NOMO2_HUMAN:P69849|NOMO3_HUMAN:Q15155|NOMO1_HUMAN,,,PEAKS DB,2,KIAPNTPQL,False,,,N
YMIDNVILL,0.121,SB,,2337,YMIDNVILL,18.45,1108.5839,9,1.0,1109.5923,96.43,18000000.0,28,F28:27798,F120180713_KP_THP1_BB72_P1.raw,2,2.0,P61421|VA0D1_HUMAN,Oxidation (M),M2:Oxidation (M):1000.00,PEAKS DB,1,YM(+15.99)IDNVILL,False,,,N
LVLAPLHSL,0.121,SB,,1207,LVLAPLHSL,16.37,961.596,9,0.4,481.8055,64.97,,4,F4:11720,F120180713_KP_THP1_w632_P4.raw,1,,,,,PEAKS DB,2,LVLAPLHSL,False,177000.0,1.0,N
VAHAGLEL,0.122,SB,,386,VAHAGLEL,17.15,808.4443,8,1.5,405.23,39.03,,10,F10:7428,F120180713_KP_THP1_w632_P9.raw,1,,,,,PEAKS DB,2,VAHAGLEL,False,313000.0,1.0,N
AIVDTGTSL,0.122,SB,,1660,AIVDTGTSL,15.53,875.46,9,1.4,876.4686,56.69,,9,F9:14735,F120180713_KP_THP1_w632_P8.raw,1,,,,,PEAKS DB,1,AIVDTGTSL,False,60100000.0,1.0,N
IAAHGNSL,0.122,SB,,590,IAAHGNSL,24.71,781.4082,8,0.2,391.7115,23.49,,5,F5:4188,F120180713_KP_THP1_w632_P5.raw,1,,P15259|PGAM2_HUMAN:P18669|PGAM1_HUMAN:Q8N0Y7|PGAM4_HUMAN,,,PEAKS DB,2,IAAHGNSL,False,699000.0,1.0,N
YMDAPKAAL,0.123,SB,,699,YMDAPKAAL,19.57,994.4793,9,1.9,498.2479,39.58,456000.0,122,F122:5180,F120180713_KP_THP1_BB72_P8.raw,1,1.0,,Oxidation (M),M2:Oxidation (M):1000.00,PEAKS DB,2,YM(+15.99)DAPKAAL,False,,,N
GAVETFMKL,0.123,SB,,1308,GAVETFMKL,17.44,1010.5106,9,0.2,506.2627,46.62,,2,F2:6596,F120180713_KP_THP1_w632_P2.raw,2,,,Oxidation (M),M7:Oxidation (M):1000.00,PEAKS DB,2,GAVETFM(+15.99)KL,False,1050000.0,2.0,N
VTTGSTPVL,0.123,SB,,3866,VTTGSTPVL,28.78,873.4807,9,1.6,874.4894,48.69,,7,F7:12185,F120180713_KP_THP1_w632_P7.raw,1,,Q86XK2|FBX11_HUMAN,,,PEAKS DB,1,VTTGSTPVL,False,19600000.0,1.0,N
FLLEHIRIL,0.123,SB,,4707,FLLEHIRIL,27.26,1152.7019,9,1.0,577.3588,91.08,2190000.0,121,F121:24379,F120180713_KP_THP1_BB72_P10new.raw,3,3.0,Q9Y2I1|NISCH_HUMAN,,,PEAKS DB,2,FLLEHIRIL,False,,,N
YGYDELQML,0.124,SB,,3581,YGYDELQML,12.67,1130.4954,9,-0.4,1131.5022,65.39,,1,F1:15464,F120180713_KP_THP1_w632_P1.raw,1,,Q5T6F2|UBAP2_HUMAN,,,PEAKS DB,1,YGYDELQML,False,1930000.0,1.0,N
KAISGVHTV,0.124,SB,,2010,KAISGVHTV,30.88,910.5236,9,0.8,456.2695,36.66,3790000.0,32,F32:6325,F120180713_KP_THP1_BB72_P5.raw,1,1.0,P41091|IF2G_HUMAN:Q2VIR3|IF2GL_HUMAN,,,PEAKS DB,2,KAISGVHTV,False,,,N
KVADYIPQL,0.125,SB,,1340,KVADYIPQL,26.1,1045.5808,9,0.7,523.798,64.83,1470000.0,29,F29:14352,F120180713_KP_THP1_BB72_P2.raw,1,1.0,O94925|GLSK_HUMAN,,,PEAKS DB,2,KVADYIPQL,False,,,N
IGYSSPLTL,0.125,SB,,2024,IGYSSPLTL,20.38,949.512,9,0.6,950.5199,78.59,,3,F3:18277,F120180713_KP_THP1_w632_P3.raw,1,,O60488|ACSL4_HUMAN,,,PEAKS DB,1,IGYSSPLTL,False,16700000.0,1.0,N
GAMKSLSAL,0.127,SB,,3426,GAMKSLSAL,14.69,876.4739,9,0.7,439.2445,41.19,,10,F10:8266,F120180713_KP_THP1_w632_P9.raw,1,,Q15751|HERC1_HUMAN,,,PEAKS DB,2,GAMKSLSAL,False,89400.0,1.0,N
VAPPKAHEV,0.127,SB,,1418,VAPPKAHEV,23.48,946.5236,9,-0.8,474.2687,29.67,2350000.0,32,F32:4219,F120180713_KP_THP1_BB72_P5.raw,1,1.0,P00326|ADH1G_HUMAN:P07327|ADH1A_HUMAN:P08319|ADH4_HUMAN:P11766|ADHX_HUMAN,,,PEAKS DB,2,VAPPKAHEV,False,,,N
TVVQPGDSL,0.127,SB,,4542,TVVQPGDSL,24.1,914.4709,9,0.3,915.4784,48.21,,7,F7:11993,F120180713_KP_THP1_w632_P7.raw,2,,Q9BZ67|FRMD8_HUMAN,,,PEAKS DB,1,TVVQPGDSL,False,12200000.0,2.0,N
FMSDLMKAL,0.127,SB,,3819,FMSDLMKAL,13.86,1070.514,9,-0.7,536.2639,63.35,,6,F6:15959,F120180713_KP_THP1_w632_P6.raw,1,,Q7Z5R6|AB1IP_HUMAN,Oxidation (M),M2:Oxidation (M):18.33,PEAKS DB,2,FM(+15.99)SDLMKAL,False,839000.0,1.0,N
VAAPPTAVGSL,0.128,SB,,5829,VAAPPTAVGSL,22.58,981.5494,11,1.8,491.7829,58.77,,9,F9:15564,F120180713_KP_THP1_w632_P8.raw,2,,P56270|MAZ_HUMAN,,,PEAKS DB,2,VAAPPTAVGSL,False,2110000.0,2.0,N
TAAAVGAVF,0.128,SB,,3869,TAAAVGAVF,21.16,805.4333,9,0.7,806.4412,62.04,,8,F8:14273,F120180713_KP_THP1_w632_P10.raw,2,,Q86Y39|NDUAB_HUMAN,,,PEAKS DB,1,TAAAVGAVF,False,104000000.0,2.0,N
HLLEHSVEL,0.128,SB,,3127,HLLEHSVEL,30.94,1075.5662,9,1.0,538.7909,60.08,6250000.0,121,F121:12293,F120180713_KP_THP1_BB72_P10new.raw,1,1.0,Q5VW36|FOCAD_HUMAN,,,PEAKS DB,2,HLLEHSVEL,False,,,N
YIIDVSQSV,0.128,SB,,4057,YIIDVSQSV,23.18,1022.5284,9,1.1,512.2719999999998,76.66,760000.0,121,F121:18911,F120180713_KP_THP1_BB72_P10new.raw,1,1.0,Q9BRS2|RIOK1_HUMAN,,,PEAKS DB,2,YIIDVSQSV,False,,,N
STPDHSFSL,0.129,SB,,2469,STPDHSFSL,24.34,989.4454,9,0.7,495.7303,44.7,,10,F10:9650,F120180713_KP_THP1_w632_P9.raw,1,,P18848|ATF4_HUMAN,,,PEAKS DB,2,STPDHSFSL,False,6230000.0,1.0,N
YTARPGGIL,0.129,SB,,1904,YTARPGGIL,20.09,946.5236,9,1.5,474.2697,39.72,,10,F10:7696,F120180713_KP_THP1_w632_P9.raw,1,,O15327|INP4B_HUMAN,,,PEAKS DB,2,YTARPGGIL,False,255000.0,1.0,N
IAAIAQEL,0.130,SB,,511,IAAIAQEL,20.1,827.4752,8,0.9,828.4833,62.96,,8,F8:14600,F120180713_KP_THP1_w632_P10.raw,1,,O43707|ACTN4_HUMAN:P12814|ACTN1_HUMAN,,,PEAKS DB,1,IAAIAQEL,False,5430000.0,1.0,N
FQYDHEAFL,0.130,SB,,4268,FQYDHEAFL,22.07,1168.5189,9,0.4,585.2669999999998,62.88,,3,F3:12869,F120180713_KP_THP1_w632_P3.raw,1,,Q96D15|RCN3_HUMAN,,,PEAKS DB,2,FQYDHEAFL,False,5050000.0,1.0,N
LSDVAVKTL,0.130,SB,,3681,LSDVAVKTL,15.83,944.5542,9,0.7,945.5621,65.31,50100000.0,29,F29:14542,F120180713_KP_THP1_BB72_P2.raw,1,1.0,Q8WXH0|SYNE2_HUMAN,,,PEAKS DB,1,LSDVAVKTL,False,,,N
HILDFSPSL,0.131,SB,,4042,HILDFSPSL,25.81,1027.5338,9,0.7,514.7745,102.72,864000.0,31,F31:20927,F120180713_KP_THP1_BB72_P4.raw,1,1.0,Q9BQ90|KLDC3_HUMAN,,,PEAKS DB,2,HILDFSPSL,False,,,N
FVVDQSQAV,0.131,SB,,3198,FVVDQSQAV,23.29,991.4974,9,0.8,496.7564,54.0,,7,F7:14241,F120180713_KP_THP1_w632_P7.raw,1,,Q13418|ILK_HUMAN,,,PEAKS DB,2,FVVDQSQAV,False,657000.0,1.0,N
LAVLGHEL,0.131,SB,,534,LAVLGHEL,17.05,850.4912,8,0.3,426.253,61.59,,2,F2:9667,F120180713_KP_THP1_w632_P2.raw,1,,O75844|FACE1_HUMAN,,,PEAKS DB,2,LAVLGHEL,False,444000.0,1.0,N
GAINQNVAL,0.131,SB,,4025,GAINQNVAL,16.29,898.4872,9,1.2,450.2514,51.75,,9,F9:12777,F120180713_KP_THP1_w632_P8.raw,1,,Q8NF50|DOCK8_HUMAN,,,PEAKS DB,2,GAINQNVAL,False,10300000.0,1.0,N
ILMEHIHKL,0.131,SB,,2473,ILMEHIHKL,34.24,1148.6376,9,1.4,575.3268,43.27,230000000.0,121,F121:6290,F120180713_KP_THP1_BB72_P10new.raw,17,17.0,P84098|RL19_HUMAN,Oxidation (M),M3:Oxidation (M):1000.00,PEAKS DB,2,ILM(+15.99)EHIHKL,False,,,N
YLQEIQTQL,0.132,SB,,4043,YLQEIQTQL,20.77,1134.592,9,0.9,568.3038,72.52,13100000.0,121,F121:17265,F120180713_KP_THP1_BB72_P10new.raw,1,1.0,Q9BQF6|SENP7_HUMAN,,,PEAKS DB,2,YLQEIQTQL,False,,,N
AAEDAIRNL,0.132,SB,,4512,AAEDAIRNL,27.36,971.5035,9,1.2,486.7596,43.14,,9,F9:9480,F120180713_KP_THP1_w632_P8.raw,1,,Q9BWF3|RBM4_HUMAN,,,PEAKS DB,2,AAEDAIRNL,False,2560000.0,1.0,N
KVIDGLETL,0.133,SB,,4178,KVIDGLETL,26.5,986.5648,9,1.1,494.2902,55.54,22000000.0,28,F28:12444,F120180713_KP_THP1_BB72_P1.raw,2,2.0,Q9H2H8|PPIL3_HUMAN,,,PEAKS DB,2,KVIDGLETL,False,,,N
FLEEANRVL,0.133,SB,,1104,FLEEANRVL,22.72,1089.5818,9,1.9,545.7992,64.45,1910000.0,121,F121:14042,F120180713_KP_THP1_BB72_P10new.raw,1,1.0,O43159|RRP8_HUMAN,,,PEAKS DB,2,FLEEANRVL,False,,,N
YSVYVYKVL,0.133,SB,,1636,YSVYVYKVL,15.86,1132.6168,9,0.9,567.3162,64.64,,2,F2:10443,F120180713_KP_THP1_w632_P2.raw,1,,,,,PEAKS DB,2,YSVYVYKVL,False,914000.0,1.0,N
LSQVPMSAL,0.134,SB,,3799,LSQVPMSAL,14.37,960.495,9,3.2,481.2563,51.84,,8,F8:10691,F120180713_KP_THP1_w632_P10.raw,1,,Q7Z417|NUFP2_HUMAN,Oxidation (M),M6:Oxidation (M):1000.00,PEAKS DB,2,LSQVPM(+15.99)SAL,False,352000.0,1.0,N
FLSEVFAQL,0.135,SB,,3070,FLSEVFAQL,22.12,1052.5542,9,1.7,527.2853,106.55,9630000.0,121,F121:30512,F120180713_KP_THP1_BB72_P10new.raw,2,2.0,Q5MIZ7|P4R3B_HUMAN,,,PEAKS DB,2,FLSEVFAQL,False,,,N
FAHFPGLASEL,0.135,SB,,5878,FAHFPGLASEL,30.37,1187.5974,11,-0.4,594.8057,72.33,,6,F6:17626,F120180713_KP_THP1_w632_P6.raw,1,,Q8TCY9|URGCP_HUMAN,,,PEAKS DB,2,FAHFPGLASEL,False,1980000.0,1.0,N
FNDPVAMVL,0.135,SB,,4190,FNDPVAMVL,22.35,1020.495,9,-1.3,511.2541,79.25,,6,F6:18942,F120180713_KP_THP1_w632_P6.raw,1,,Q92685|ALG3_HUMAN,Oxidation (M),M7:Oxidation (M):1000.00,PEAKS DB,2,FNDPVAM(+15.99)VL,False,770000.0,1.0,N
HPYPHNHYM,0.137,SB,,4456,HPYPHNHYM,37.93,1210.4978,9,-0.1,404.5065,19.37,,6,F6:2468,F120180713_KP_THP1_w632_P6.raw,2,,Q99967|CITE2_HUMAN,Oxidation (M),M9:Oxidation (M):1000.00,PEAKS DB,3,HPYPHNHYM(+15.99),False,7830000.0,2.0,N
YGLPVVVKL,0.137,SB,,1949,YGLPVVVKL,21.17,986.6164,9,-7.1,494.312,86.83,3460000.0,32,F32:17553,F120180713_KP_THP1_BB72_P5.raw,1,1.0,P35222|CTNB1_HUMAN,,,PEAKS DB,2,YGLPVVVKL,False,,,N
AAFDGGFTV,0.137,SB,,3413,AAFDGGFTV,14.55,883.4075,9,1.2,884.4159,75.83,19200000.0,28,F28:20163,F120180713_KP_THP1_BB72_P1.raw,1,1.0,Q86WA8|LONP2_HUMAN,,,PEAKS DB,1,AAFDGGFTV,False,,,N
LAVVGAEQL,0.137,SB,,1425,LAVVGAEQL,14.27,898.5123,9,0.7,450.2637,59.95,,10,F10:15523,F120180713_KP_THP1_w632_P9.raw,1,,,,,PEAKS DB,2,LAVVGAEQL,False,7130000.0,1.0,N
YQFSKNFSL,0.138,SB,,1255,YQFSKNFSL,21.23,1132.5553,9,0.7,567.2853,60.52,13000000.0,29,F29:12652,F120180713_KP_THP1_BB72_P2.raw,1,1.0,O75306|NDUS2_HUMAN,,,PEAKS DB,2,YQFSKNFSL,False,,,N
SADFPRVGM,0.138,SB,,4553,SADFPRVGM,15.74,994.4542,9,1.3,498.235,39.75,,10,F10:7707,F120180713_KP_THP1_w632_P9.raw,1,,Q9C0B1|FTO_HUMAN,Oxidation (M),M9:Oxidation (M):1000.00,PEAKS DB,2,SADFPRVGM(+15.99),False,139000.0,1.0,N
ASIGDRIAL,0.138,SB,,1544,ASIGDRIAL,18.41,914.5185,9,1.7,458.2673,50.54,,8,F8:10179,F120180713_KP_THP1_w632_P10.raw,1,,,,,PEAKS DB,2,ASIGDRIAL,False,2050000.0,1.0,N
ISTEVNPKL,0.139,SB,,3940,ISTEVNPKL,28.1,999.5601,9,0.6,500.7876,47.28,2900000.0,44,F44:8534,F120180713_KP_THP1_BB72_P7.raw,1,1.0,Q96RY5|CRML_HUMAN,,,PEAKS DB,2,ISTEVNPKL,False,,,N
HLDEAIHVL,0.139,SB,,1735,HLDEAIHVL,36.69,1045.5557,9,0.9,523.7856,44.85,2580000.0,28,F28:8343,F120180713_KP_THP1_BB72_P1.raw,1,1.0,P15923|TFE2_HUMAN,,,PEAKS DB,2,HLDEAIHVL,False,,,N
YVTESQPDL,0.141,SB,,3291,YVTESQPDL,21.91,1050.4869,9,0.4,1051.4946,48.58,,7,F7:12139,F120180713_KP_THP1_w632_P7.raw,2,,Q14232|EI2BA_HUMAN,,,PEAKS DB,1,YVTESQPDL,False,41100000.0,2.0,N
FSGPAITL,0.142,SB,,542,FSGPAITL,22.63,804.4381,8,0.1,805.4454,74.87,,3,F3:16865,F120180713_KP_THP1_w632_P3.raw,1,,O95155|UBE4B_HUMAN,,,PEAKS DB,1,FSGPAITL,False,105000000.0,1.0,N
FGVIPSTPL,0.142,SB,,2960,FGVIPSTPL,26.47,929.5222,9,0.5,930.53,84.29,,2,F2:15346,F120180713_KP_THP1_w632_P2.raw,2,,P63010|AP2B1_HUMAN,,,PEAKS DB,1,FGVIPSTPL,False,5600000.0,2.0,N
SVTEQGAEL,0.143,SB,,1565,SVTEQGAEL,13.81,932.4451,9,-0.4,467.2296,40.75,,6,F6:10302,F120180713_KP_THP1_w632_P6.raw,1,,,,,PEAKS DB,2,SVTEQGAEL,False,5540000.0,1.0,N
VAMPGVPAFL,0.143,SB,,5408,VAMPGVPAFL,27.59,1016.5364,10,1.2,1017.545,82.05,,9,F9:21090,F120180713_KP_THP1_w632_P8.raw,2,,P46379|BAG6_HUMAN,Oxidation (M),M3:Oxidation (M):1000.00,PEAKS DB,1,VAM(+15.99)PGVPAFL,False,11400000.0,2.0,N
VTAVSGKAL,0.143,SB,,2081,VTAVSGKAL,23.69,844.5018,9,0.0,423.2582,28.29,,6,F6:5868,F120180713_KP_THP1_w632_P6.raw,1,,O75410|TACC1_HUMAN,,,PEAKS DB,2,VTAVSGKAL,False,191000.0,1.0,N
SLDPKTNTL,0.144,SB,,2709,SLDPKTNTL,25.42,987.5237,9,-0.2,494.769,43.06,4120000.0,43,F43:7455,F120180713_KP_THP1_BB72_P6.raw,2,2.0,Q13685|AAMP_HUMAN,,,PEAKS DB,2,SLDPKTNTL,False,,,N
TAYPGQTQY,0.144,SB,,4418,TAYPGQTQY,30.79,1027.4611,9,1.0,514.7383,40.2,,5,F5:9773,F120180713_KP_THP1_w632_P5.raw,3,,Q99504|EYA3_HUMAN,,,PEAKS DB,2,TAYPGQTQY,False,158000000.0,3.0,N
KAFSPVRSV,0.144,SB,,2536,KAFSPVRSV,22.26,1069.5321,9,0.4,535.7736,46.52,8650000.0,44,F44:8240,F120180713_KP_THP1_BB72_P7.raw,1,1.0,Q02363|ID2_HUMAN,Phosphorylation (STY),S4:Phosphorylation (STY):28.74,PEAKS DB,2,KAFS(+79.97)PVRSV,False,,,N
MLLEHGITL,0.144,SB,,4708,MLLEHGITL,25.69,1041.5529,9,1.1,521.7843,83.24,1950000.0,31,F31:14735,F120180713_KP_THP1_BB72_P4.raw,1,1.0,Q9Y2I7|FYV1_HUMAN,Oxidation (M),M1:Oxidation (M):1000.00,PEAKS DB,2,M(+15.99)LLEHGITL,False,,,N
LGDPGMRVL,0.145,SB,,4330,LGDPGMRVL,14.19,972.5062,9,0.9,487.2608,38.19,,8,F8:5802,F120180713_KP_THP1_w632_P10.raw,2,,Q96P20|NLRP3_HUMAN,Oxidation (M),M6:Oxidation (M):1000.00,PEAKS DB,2,LGDPGM(+15.99)RVL,False,5290000.0,2.0,N
RTISQSSSL,0.145,SB,,1718,RTISQSSSL,18.12,977.5142,9,0.0,489.7643,25.9,,5,F5:5090,F120180713_KP_THP1_w632_P5.raw,0,,,,,PEAKS DB,2,RTISQSSSL,False,0.0,0.0,N
FNYETKSAL,0.146,SB,,4329,FNYETKSAL,17.32,1071.5237,9,1.2,536.7698,40.28,,9,F9:8381,F120180713_KP_THP1_w632_P8.raw,1,,Q96P20|NLRP3_HUMAN,,,PEAKS DB,2,FNYETKSAL,False,1010000.0,1.0,N
SLIEQTTAL,0.146,SB,,4404,SLIEQTTAL,26.82,974.5284,9,0.6,488.2718,72.29,122000000.0,121,F121:17175,F120180713_KP_THP1_BB72_P10new.raw,2,2.0,Q9NVK5|FGOP2_HUMAN,,,PEAKS DB,2,SLIEQTTAL,False,,,N
NAAPPPVTY,0.146,SB,,4577,NAAPPPVTY,29.47,928.4654,9,-0.2,465.2399,45.71,,6,F6:12195,F120180713_KP_THP1_w632_P6.raw,2,,Q9H0D6|XRN2_HUMAN,,,PEAKS DB,2,NAAPPPVTY,False,2870000.0,2.0,N
HAHSSVLNF,0.146,SB,,4076,HAHSSVLNF,14.57,1010.4933,9,0.5,506.2542,34.36,,8,F8:4707,F120180713_KP_THP1_w632_P10.raw,1,,Q8TEM1|PO210_HUMAN,,,PEAKS DB,2,HAHSSVLNF,False,1270000.0,1.0,N
RVADILTQL,0.146,SB,,4136,RVADILTQL,16.14,1027.6025,9,0.6,514.8088,96.58,613000.0,31,F31:18828,F120180713_KP_THP1_BB72_P4.raw,1,1.0,Q9BZZ5|API5_HUMAN,,,PEAKS DB,2,RVADILTQL,False,,,N
MANTGIAL,0.146,SB,,933,MANTGIAL,18.38,805.4004,8,1.7,806.4091,51.22,,10,F10:12211,F120180713_KP_THP1_w632_P9.raw,1,,Q96QD8|S38A2_HUMAN,Oxidation (M),M1:Oxidation (M):1000.00,PEAKS DB,1,M(+15.99)ANTGIAL,False,3940000.0,1.0,N
AAYGRSPVV,0.146,SB,,3087,AAYGRSPVV,24.03,918.4923,9,0.3,460.2536,30.77,,6,F6:6845,F120180713_KP_THP1_w632_P6.raw,1,,Q04727|TLE4_HUMAN,,,PEAKS DB,2,AAYGRSPVV,False,443000.0,1.0,N
VAIDAGHESFL,0.148,SB,,5791,VAIDAGHESFL,33.31,1157.5717,11,0.7,579.7935,59.22,,1,F1:13202,F120180713_KP_THP1_w632_P1.raw,1,,P07711|CATL1_HUMAN,,,PEAKS DB,2,VAIDAGHESFL,False,9710000.0,1.0,N
FQTEVGKQL,0.148,SB,,1493,FQTEVGKQL,26.43,1048.5553,9,1.4,525.2856,47.43,12200000.0,122,F122:6540,F120180713_KP_THP1_BB72_P8.raw,3,3.0,P05107|ITB2_HUMAN,,,PEAKS DB,2,FQTEVGKQL,False,,,N
HVIQALESL,0.148,SB,,3043,HVIQALESL,21.9,1008.5604,9,-0.3,505.2873,59.89,,3,F3:11738,F120180713_KP_THP1_w632_P3.raw,1,,Q01658|NC2B_HUMAN,,,PEAKS DB,2,HVIQALESL,False,619000.0,1.0,N
FQVEQVAQL,0.148,SB,,3807,FQVEQVAQL,15.53,1060.5553,9,1.0,531.2855,72.74,223000.0,28,F28:18935,F120180713_KP_THP1_BB72_P1.raw,1,1.0,Q96C86|DCPS_HUMAN,,,PEAKS DB,2,FQVEQVAQL,False,,,N
HVTSQIVEL,0.149,SB,,2871,HVTSQIVEL,20.87,1024.5553,9,1.2,513.2855,46.74,,8,F8:8696,F120180713_KP_THP1_w632_P10.raw,1,,P55160|NCKPL_HUMAN,,,PEAKS DB,2,HVTSQIVEL,False,560000.0,1.0,N
YTSPVNPAV,0.149,SB,,2324,YTSPVNPAV,28.13,946.476,9,0.9,947.4841,54.24,53000000.0,44,F44:11175,F120180713_KP_THP1_BB72_P7.raw,2,2.0,P61165|TM258_HUMAN,,,PEAKS DB,1,YTSPVNPAV,False,,,N
HANLTEVTF,0.149,SB,,4930,HANLTEVTF,23.02,1030.5083,9,1.6,516.2623,50.43,,8,F8:10132,F120180713_KP_THP1_w632_P10.raw,1,,Q9UKA4|AKA11_HUMAN,,,PEAKS DB,2,HANLTEVTF,False,512000.0,1.0,N
FADPEVLRRL,0.149,SB,,5314,FADPEVLRRL,14.65,1214.6771,10,0.5,405.8998,52.44,,3,F3:9274,F120180713_KP_THP1_w632_P3.raw,1,,O75179|ANR17_HUMAN:Q8IWZ3|ANKH1_HUMAN,,,PEAKS DB,3,FADPEVLRRL,False,3050000.0,1.0,N
KLFDASHSL,0.149,SB,,4908,KLFDASHSL,19.34,1016.5291,9,1.0,509.2723,38.79,,10,F10:7333,F120180713_KP_THP1_w632_P9.raw,1,,Q9UIF8|BAZ2B_HUMAN,,,PEAKS DB,2,KLFDASHSL,False,530000.0,1.0,N
RIIEETLAL,0.149,SB,,1246,RIIEETLAL,19.93,1056.6179,9,0.8,529.3167,60.2,,3,F3:11857,F120180713_KP_THP1_w632_P3.raw,1,,,,,PEAKS DB,2,RIIEETLAL,False,8700000.0,1.0,N
ISAHSPRPL,0.150,SB,,3821,ISAHSPRPL,21.27,976.5454,9,0.7,489.2803,25.18,,6,F6:4643,F120180713_KP_THP1_w632_P6.raw,1,,Q7Z6I6|RHG30_HUMAN,,,PEAKS DB,2,ISAHSPRPL,False,424000.0,1.0,N
FSEGGERLL,0.150,SB,,3104,FSEGGERLL,22.99,1006.5083,9,0.5,504.2617,45.55,,10,F10:9984,F120180713_KP_THP1_w632_P9.raw,1,,Q07352|TISB_HUMAN,,,PEAKS DB,2,FSEGGERLL,False,1800000.0,1.0,N
GAHSFALSL,0.150,SB,,1316,GAHSFALSL,18.94,901.4658,9,-0.4,451.74,56.78,,3,F3:10654,F120180713_KP_THP1_w632_P3.raw,1,,,,,PEAKS DB,2,GAHSFALSL,False,495000.0,1.0,N
FAATADPAAL,0.150,SB,,5549,FAATADPAAL,12.96,946.476,10,0.6,947.4838,61.37,,10,F10:16090,F120180713_KP_THP1_w632_P9.raw,1,,Q7Z3J2|CP062_HUMAN,,,PEAKS DB,1,FAATADPAAL,False,17500000.0,1.0,N
FTSDRGFQF,0.150,SB,,2936,FTSDRGFQF,24.0,1103.5035,9,0.5,552.7593,54.9,,1,F1:11533,F120180713_KP_THP1_w632_P1.raw,1,,P62633|CNBP_HUMAN,,,PEAKS DB,2,FTSDRGFQF,False,1210000.0,1.0,N
FNISSHSEL,0.150,SB,,2547,FNISSHSEL,24.38,1032.4875,9,0.8,517.2515,44.13,,10,F10:9426,F120180713_KP_THP1_w632_P9.raw,1,,P28290|SSFA2_HUMAN,,,PEAKS DB,2,FNISSHSEL,False,858000.0,1.0,N
FQDPVPLTV,0.150,SB,,1061,FQDPVPLTV,27.53,1014.5386,9,0.1,1015.546,80.95,157000000.0,29,F29:20408,F120180713_KP_THP1_BB72_P2.raw,2,2.0,O15164|TIF1A_HUMAN,,,PEAKS DB,1,FQDPVPLTV,False,,,N
AIINPRTAL,0.151,SB,,4133,AIINPRTAL,15.05,967.5814,9,-0.2,484.7979,46.33,,8,F8:8535,F120180713_KP_THP1_w632_P10.raw,1,,Q8WYQ9|ZCH14_HUMAN,,,PEAKS DB,2,AIINPRTAL,False,926000.0,1.0,N
TIYEPVIRL,0.151,SB,,3989,TIYEPVIRL,16.98,1102.6387,9,0.2,552.3267,89.49,2170000.0,31,F31:16291,F120180713_KP_THP1_BB72_P4.raw,1,1.0,Q99698|LYST_HUMAN,,,PEAKS DB,2,TIYEPVIRL,False,,,N
IQAEHSYSL,0.151,SB,,3303,IQAEHSYSL,27.0,1046.5033,9,0.8,524.2593,45.75,596000.0,44,F44:7938,F120180713_KP_THP1_BB72_P7.raw,1,1.0,Q70SY1|CR3L2_HUMAN,,,PEAKS DB,2,IQAEHSYSL,False,,,N
FAVSSKVTSM,0.153,SB,,5173,FAVSSKVTSM,15.77,1071.527,10,0.8,536.7712,33.2,,9,F9:5845,F120180713_KP_THP1_w632_P8.raw,1,,,Oxidation (M),M10:Oxidation (M):1000.00,PEAKS DB,2,FAVSSKVTSM(+15.99),False,364000.0,1.0,N
QAAPPIEL,0.154,SB,,530,QAAPPIEL,24.86,837.4596,8,2.0,838.4685,64.96,,8,F8:15368,F120180713_KP_THP1_w632_P10.raw,2,,O75400|PR40A_HUMAN,,,PEAKS DB,1,QAAPPIEL,False,41600000.0,2.0,N
FLDKNDHSL,0.154,SB,,992,FLDKNDHSL,32.05,1087.5298,9,0.3,544.7723,46.35,7850000.0,44,F44:8173,F120180713_KP_THP1_BB72_P7.raw,1,1.0,O14578|CTRO_HUMAN,,,PEAKS DB,2,FLDKNDHSL,False,,,N
FLDASRHIL,0.154,SB,,4402,FLDASRHIL,27.64,1070.5873,9,0.3,536.3011,45.32,776000.0,28,F28:8527,F120180713_KP_THP1_BB72_P1.raw,1,1.0,Q9NVK5|FGOP2_HUMAN,,,PEAKS DB,2,FLDASRHIL,False,,,N
YQVGVHYEL,0.154,SB,,2777,YQVGVHYEL,14.28,1106.5397,9,0.5,554.2774,61.4,1240000.0,121,F121:12821,F120180713_KP_THP1_BB72_P10new.raw,1,1.0,Q14204|DYHC1_HUMAN,,,PEAKS DB,2,YQVGVHYEL,False,,,N
TAAHGLEL,0.154,SB,,564,TAAHGLEL,29.94,810.4235,8,1.1,406.2195,36.31,,10,F10:6374,F120180713_KP_THP1_w632_P9.raw,2,,P08243|ASNS_HUMAN,,,PEAKS DB,2,TAAHGLEL,False,5580000.0,2.0,N
AAVFPSNHF,0.154,SB,,2080,AAVFPSNHF,20.71,988.4766,9,1.0,495.2461,48.18,,8,F8:9263,F120180713_KP_THP1_w632_P10.raw,1,,O75387|LAT3_HUMAN,,,PEAKS DB,2,AAVFPSNHF,False,255000.0,1.0,N
KIYEKTFTL,0.155,SB,,3509,KIYEKTFTL,24.15,1141.6383,9,0.6,571.8268,40.76,10600000.0,28,F28:6828,F120180713_KP_THP1_BB72_P1.raw,1,1.0,Q8N184|ZN567_HUMAN,,,PEAKS DB,2,KIYEKTFTL,False,,,N
FLQEYTVKL,0.155,SB,,1070,FLQEYTVKL,23.86,1139.6227,9,0.5,570.8189,63.78,2690000.0,29,F29:13934,F120180713_KP_THP1_BB72_P2.raw,1,1.0,O15217|GSTA4_HUMAN,,,PEAKS DB,2,FLQEYTVKL,False,,,N
YLDPNQRDL,0.155,SB,,3430,YLDPNQRDL,23.37,1132.5513,9,0.4,567.2831,48.08,3960000.0,44,F44:8847,F120180713_KP_THP1_BB72_P7.raw,1,1.0,Q86YE8|ZN573_HUMAN,,,PEAKS DB,2,YLDPNQRDL,False,,,N
LADPSAKAV,0.155,SB,,4599,LADPSAKAV,25.77,870.4810000000001,9,0.0,436.2478,27.33,,5,F5:5619,F120180713_KP_THP1_w632_P5.raw,2,,Q9H2K2|TNKS2_HUMAN:O95271|TNKS1_HUMAN,,,PEAKS DB,2,LADPSAKAV,False,16300000.0,2.0,N
SVSSVVHYL,0.156,SB,,4339,SVSSVVHYL,16.94,989.5182,9,1.3,495.767,52.29,545000.0,28,F28:11159,F120180713_KP_THP1_BB72_P1.raw,1,1.0,Q9NRL2|BAZ1A_HUMAN,,,PEAKS DB,2,SVSSVVHYL,False,,,N
YLMDEGAHL,0.156,SB,,1218,YLMDEGAHL,21.99,1063.4645,9,1.6,532.7404,46.92,888000.0,121,F121:7338,F120180713_KP_THP1_BB72_P10new.raw,1,1.0,O60701|UGDH_HUMAN,Oxidation (M),M3:Oxidation (M):1000.00,PEAKS DB,2,YLM(+15.99)DEGAHL,False,,,N
FLYQYSTRL,0.156,SB,,4503,FLYQYSTRL,15.24,1189.6132,9,0.9,595.8144,57.84,,3,F3:11026,F120180713_KP_THP1_w632_P3.raw,1,,Q9BUN8|DERL1_HUMAN,,,PEAKS DB,2,FLYQYSTRL,False,292000.0,1.0,N
SVVEVAIVL,0.157,SB,,99,SVVEVAIVL,14.85,1007.5304,9,3.3,1008.541,70.49,352000.0,28,F28:18042,F120180713_KP_THP1_BB72_P1.raw,1,1.0,,Phosphorylation (STY),S1:Phosphorylation (STY):1000.00,PEAKS DB,1,S(+79.97)VVEVAIVL,False,,,N
AAIDPRVQYL,0.158,SB,,5516,AAIDPRVQYL,15.54,1144.624,10,-1.2,573.3186,57.4,,8,F8:12771,F120180713_KP_THP1_w632_P10.raw,1,,Q5TAX3|TUT4_HUMAN,,,PEAKS DB,2,AAIDPRVQYL,False,1810000.0,1.0,N
LATIHLPYL,0.159,SB,,1934,LATIHLPYL,28.62,1039.6066,9,0.4,520.8108,76.54,,9,F9:20036,F120180713_KP_THP1_w632_P8.raw,1,,O15533|TPSN_HUMAN,,,PEAKS DB,2,LATIHLPYL,False,1730000.0,1.0,N
FIMPIEVHF,0.159,SB,,2543,FIMPIEVHF,24.32,1131.5786,9,0.9,566.7971,88.84,326000.0,28,F28:25198,F120180713_KP_THP1_BB72_P1.raw,1,1.0,Q03111|ENL_HUMAN,,,PEAKS DB,2,FIMPIEVHF,False,,,N
FLAFPGHVF,0.159,SB,,3003,FLAFPGHVF,13.56,1033.5385,9,0.9,517.7769999999998,78.52,,9,F9:20382,F120180713_KP_THP1_w632_P8.raw,1,,P98160|PGBM_HUMAN,,,PEAKS DB,2,FLAFPGHVF,False,1580000.0,1.0,N
VIEELHRAL,0.159,SB,,1547,VIEELHRAL,17.18,1078.6134,9,1.2,540.3146,36.32,,10,F10:6376,F120180713_KP_THP1_w632_P9.raw,1,,,,,PEAKS DB,2,VIEELHRAL,False,338000.0,1.0,N
AGIPPGSIL,0.159,SB,,1693,AGIPPGSIL,14.74,823.4803,9,2.0,824.4893,66.21,,8,F8:15865,F120180713_KP_THP1_w632_P10.raw,1,,,,,PEAKS DB,1,AGIPPGSIL,False,7690000.0,1.0,N
ISTNSHPIL,0.159,SB,,3867,ISTNSHPIL,25.71,980.5291,9,0.8,491.2722,36.28,,9,F9:6840,F120180713_KP_THP1_w632_P8.raw,1,,Q86XK2|FBX11_HUMAN,,,PEAKS DB,2,ISTNSHPIL,False,3740000.0,1.0,N
HAVTPGSHI,0.160,SB,,3926,HAVTPGSHI,30.17,917.4719,9,-0.6,459.74300000000005,21.58,,5,F5:3443,F120180713_KP_THP1_w632_P5.raw,1,,Q8IZD2|KMT2E_HUMAN,,,PEAKS DB,2,HAVTPGSHI,False,235000.0,1.0,N
FVVTGPAL,0.160,SB,,321,FVVTGPAL,16.7,802.4589,8,1.1,803.467,71.87,,1,F1:17867,F120180713_KP_THP1_w632_P1.raw,1,,,,,PEAKS DB,1,FVVTGPAL,False,4800000.0,1.0,N
SIADLLPAL,0.161,SB,,495,SIADLLPAL,14.15,911.5327,9,0.9,912.5408,110.51,1280000.0,121,F121:32104,F120180713_KP_THP1_BB72_P10new.raw,1,1.0,,,,PEAKS DB,1,SIADLLPAL,False,,,N
AAVGEPAFL,0.162,SB,,3126,AAVGEPAFL,17.32,873.4596,9,0.6,874.4674,72.62,,1,F1:18163,F120180713_KP_THP1_w632_P1.raw,1,,Q10570|CPSF1_HUMAN,,,PEAKS DB,1,AAVGEPAFL,False,7140000.0,1.0,N
AAVDPDSGL,0.162,SB,,2330,AAVDPDSGL,15.55,843.3974,9,0.2,844.4048,46.3,,6,F6:12392,F120180713_KP_THP1_w632_P6.raw,1,,P09874|PARP1_HUMAN,,,PEAKS DB,1,AAVDPDSGL,False,4630000.0,1.0,N
HLAPNHTTF,0.162,SB,,4394,HLAPNHTTF,28.31,1036.509,9,-0.6,519.2615,26.53,,7,F7:4260,F120180713_KP_THP1_w632_P7.raw,1,,Q96T21|SEBP2_HUMAN,,,PEAKS DB,2,HLAPNHTTF,False,2520000.0,1.0,N
LADIGYKTF,0.162,SB,,4300,LADIGYKTF,21.04,1026.5386,9,1.9,514.2775,54.33,,8,F8:11648,F120180713_KP_THP1_w632_P10.raw,1,,Q96I36|COX14_HUMAN,,,PEAKS DB,2,LADIGYKTF,False,496000.0,1.0,N
YQIAVTKVL,0.164,SB,,3328,YQIAVTKVL,29.46,1033.6172,9,0.1,517.8159,57.22,,1,F1:12434,F120180713_KP_THP1_w632_P1.raw,1,,Q14683|SMC1A_HUMAN,,,PEAKS DB,2,YQIAVTKVL,False,3290000.0,1.0,N
HSIIPRGSL,0.164,SB,,5088,HSIIPRGSL,18.9,978.561,9,1.2,490.2884,33.66,,10,F10:5415,F120180713_KP_THP1_w632_P9.raw,1,,Q9Y4A5|TRRAP_HUMAN,,,PEAKS DB,2,HSIIPRGSL,False,596000.0,1.0,N
GVIEPNKEL,0.165,SB,,4594,GVIEPNKEL,20.57,997.5444,9,0.5,499.7797,37.57,,9,F9:7311,F120180713_KP_THP1_w632_P8.raw,1,,Q9H2G9|GO45_HUMAN,,,PEAKS DB,2,GVIEPNKEL,False,3620000.0,1.0,N
LAAKGPVL,0.165,SB,,703,LAAKGPVL,22.54,767.4905,8,0.6,384.7527,34.58,,9,F9:6267,F120180713_KP_THP1_w632_P8.raw,1,,P78527|PRKDC_HUMAN,,,PEAKS DB,2,LAAKGPVL,False,163000.0,1.0,N
LAHSERTSF,0.165,SB,,2426,LAHSERTSF,28.17,1046.5145,9,0.4,524.2648,23.04,,6,F6:3798,F120180713_KP_THP1_w632_P6.raw,1,,P15559|NQO1_HUMAN,,,PEAKS DB,2,LAHSERTSF,False,2250000.0,1.0,N
LSQQPGDSL,0.165,SB,,3739,LSQQPGDSL,18.16,943.4611,9,-0.9,472.7374,40.01,,6,F6:10018,F120180713_KP_THP1_w632_P6.raw,1,,Q71F56|MD13L_HUMAN,,,PEAKS DB,2,LSQQPGDSL,False,668000.0,1.0,N
VAAVGKEL,0.165,SB,,381,VAAVGKEL,18.16,785.4647,8,-0.3,393.7395,29.58,,6,F6:6374,F120180713_KP_THP1_w632_P6.raw,1,,,,,PEAKS DB,2,VAAVGKEL,False,1110000.0,1.0,N
FLNDQVTLL,0.165,SB,,2545,FLNDQVTLL,21.73,1061.5757,9,0.2,531.7952,98.63,2710000.0,31,F31:19638,F120180713_KP_THP1_BB72_P4.raw,1,1.0,Q03181|PPARD_HUMAN,,,PEAKS DB,2,FLNDQVTLL,False,,,N
HVFIGGTPL,0.166,SB,,4904,HVFIGGTPL,23.91,939.5178,9,0.4,470.7663,56.09,,1,F1:11991,F120180713_KP_THP1_w632_P1.raw,1,,Q9UHI6|DDX20_HUMAN,,,PEAKS DB,2,HVFIGGTPL,False,1120000.0,1.0,N
IITTVGPEL,0.166,SB,,4861,IITTVGPEL,23.95,941.5433,9,1.8,942.5523,69.91,,8,F8:17336,F120180713_KP_THP1_w632_P10.raw,2,,Q9P2D3|HTR5B_HUMAN,,,PEAKS DB,1,IITTVGPEL,False,18000000.0,2.0,N
YVIELQHVV,0.166,SB,,2094,YVIELQHVV,30.99,1098.6073,9,0.4,550.3112,63.06,4270000.0,29,F29:13653,F120180713_KP_THP1_BB72_P2.raw,1,1.0,P47897|SYQ_HUMAN,,,PEAKS DB,2,YVIELQHVV,False,,,N
HAMESTRESL,0.166,SB,,5711,HAMESTRESL,13.96,1175.524,10,0.6,588.7697,20.29,,6,F6:2764,F120180713_KP_THP1_w632_P6.raw,1,,Q9UQE7|SMC3_HUMAN,Oxidation (M),M3:Oxidation (M):1000.00,PEAKS DB,2,HAM(+15.99)ESTRESL,False,833000.0,1.0,N
IIEPSLRQL,0.166,SB,,2958,IIEPSLRQL,26.94,1067.6339,9,1.1,534.8248,55.55,,1,F1:11787,F120180713_KP_THP1_w632_P1.raw,1,,P62987|RL40_HUMAN,,,PEAKS DB,2,IIEPSLRQL,False,30200000.0,1.0,N
VLAEVPTQL,0.167,SB,,3997,VLAEVPTQL,22.96,968.5542,9,0.7,969.5621,75.16,2430000.0,121,F121:18322,F120180713_KP_THP1_BB72_P10new.raw,1,1.0,Q99829|CPNE1_HUMAN,,,PEAKS DB,1,VLAEVPTQL,False,,,N
LGTPVTPEL,0.167,SB,,4879,LGTPVTPEL,23.77,925.512,9,2.6,926.5217,66.59,,8,F8:16014,F120180713_KP_THP1_w632_P10.raw,2,,Q9UBG0|MRC2_HUMAN,,,PEAKS DB,1,LGTPVTPEL,False,41000000.0,2.0,N
ASTSRSLAL,0.168,SB,,2203,ASTSRSLAL,22.53,904.4978,9,0.2,453.2563,32.41,,9,F9:5602,F120180713_KP_THP1_w632_P8.raw,1,,O95721|SNP29_HUMAN,,,PEAKS DB,2,ASTSRSLAL,False,393000.0,1.0,N
YAIENVETNL,0.170,SB,,5727,YAIENVETNL,25.64,1164.5663,10,0.9,583.2909999999998,69.0,,8,F8:16972,F120180713_KP_THP1_w632_P10.raw,1,,Q9Y5L0|TNPO3_HUMAN,,,PEAKS DB,2,YAIENVETNL,False,3720000.0,1.0,N
FQTDTRIYL,0.170,SB,,326,FQTDTRIYL,18.66,1155.5924,9,0.8,578.804,58.09,805000.0,28,F28:13442,F120180713_KP_THP1_BB72_P1.raw,1,1.0,,,,PEAKS DB,2,FQTDTRIYL,False,,,N
YPHEPTAVF,0.171,SB,,4823,YPHEPTAVF,17.31,1059.5026,9,1.1,530.7592,48.92,,8,F8:9546,F120180713_KP_THP1_w632_P10.raw,1,,Q9NYP3|DONS_HUMAN,,,PEAKS DB,2,YPHEPTAVF,False,16200000.0,1.0,N
SLASHIQSL,0.172,SB,,3277,SLASHIQSL,27.23,954.5134,9,0.8,478.2644,58.39,4550000.0,121,F121:11626,F120180713_KP_THP1_BB72_P10new.raw,1,1.0,Q6ZS81|WDFY4_HUMAN,,,PEAKS DB,2,SLASHIQSL,False,,,N
YLSKIIPAL,0.174,SB,,2001,YLSKIIPAL,31.56,1016.627,9,0.3,509.3209,95.67,3250000.0,31,F31:18464,F120180713_KP_THP1_BB72_P4.raw,1,1.0,P40937|RFC5_HUMAN,,,PEAKS DB,2,YLSKIIPAL,False,,,N
YLLDLHSYL,0.174,SB,,1197,YLLDLHSYL,23.85,1135.5913,9,1.5,568.8038,93.23,847000.0,121,F121:25231,F120180713_KP_THP1_BB72_P10new.raw,1,1.0,O60337|MARH6_HUMAN,,,PEAKS DB,2,YLLDLHSYL,False,,,N
YQEELSREL,0.174,SB,,4593,YQEELSREL,21.26,1165.5615,9,0.8,583.7885,43.14,,9,F9:9482,F120180713_KP_THP1_w632_P8.raw,2,,Q9H2D6|TARA_HUMAN,,,PEAKS DB,2,YQEELSREL,False,4600000.0,2.0,N
TAFPGTGGF,0.174,SB,,4344,TAFPGTGGF,28.24,853.3969999999998,9,1.2,854.4053,67.79,,8,F8:16492,F120180713_KP_THP1_w632_P10.raw,1,,Q96PK6|RBM14_HUMAN,,,PEAKS DB,1,TAFPGTGGF,False,27300000.0,1.0,N
TLMERTVSL,0.174,SB,,3442,TLMERTVSL,29.74,1064.5536,9,1.0,533.2846,48.75,2900000.0,121,F121:7857,F120180713_KP_THP1_BB72_P10new.raw,1,1.0,Q8IWE2|NXP20_HUMAN,Oxidation (M),M3:Oxidation (M):1000.00,PEAKS DB,2,TLM(+15.99)ERTVSL,False,,,N
FLDDLSQKL,0.175,SB,,4122,FLDDLSQKL,28.22,1077.5706,9,-0.5,539.7923,67.47,5340000.0,29,F29:15364,F120180713_KP_THP1_BB72_P2.raw,1,1.0,Q9BYT8|NEUL_HUMAN,,,PEAKS DB,2,FLDDLSQKL,False,,,N
QAPPPPQQV,0.176,SB,,4667,QAPPPPQQV,30.81,960.5029,9,1.3,481.2593,36.02,1730000.0,31,F31:5389,F120180713_KP_THP1_BB72_P4.raw,2,2.0,Q9UPW0|FOXJ3_HUMAN,,,PEAKS DB,2,QAPPPPQQV,False,,,N
VAVRKSAIM,0.177,SB,,1561,VAVRKSAIM,16.96,989.5692,9,0.8,495.7923,20.79,,6,F6:2918,F120180713_KP_THP1_w632_P6.raw,1,,,Oxidation (M),M9:Oxidation (M):1000.00,PEAKS DB,2,VAVRKSAIM(+15.99),False,1350000.0,1.0,N
VGDPSVHLL,0.177,SB,,3675,VGDPSVHLL,29.39,935.5076,9,0.4,468.7613,52.51,,1,F1:10619,F120180713_KP_THP1_w632_P1.raw,4,,Q6PCT2|FXL19_HUMAN,,,PEAKS DB,2,VGDPSVHLL,False,38200000.0,4.0,N
FLHEATARL,0.178,SB,,2648,FLHEATARL,17.24,1056.5715,9,1.8,529.294,33.89,,10,F10:5500,F120180713_KP_THP1_w632_P9.raw,1,,P36956|SRBP1_HUMAN,,,PEAKS DB,2,FLHEATARL,False,1390000.0,1.0,N
YAKIDPSL,0.178,SB,,653,YAKIDPSL,25.49,905.4858,8,1.1,453.7506,42.4,,9,F9:9195,F120180713_KP_THP1_w632_P8.raw,1,,P50416|CPT1A_HUMAN,,,PEAKS DB,2,YAKIDPSL,False,729000.0,1.0,N
SLAEFVQSL,0.179,SB,,3766,SLAEFVQSL,16.4,992.5178,9,1.4,993.5265,108.26,1720000.0,123,F123:22963,F120180713_KP_THP1_BB72_P9new.raw,1,1.0,Q93009|UBP7_HUMAN,,,PEAKS DB,1,SLAEFVQSL,False,,,N
QATDSILVF,0.180,SB,,3567,QATDSILVF,18.06,992.5178,9,0.0,497.2662,88.54,,5,F5:18864,F120180713_KP_THP1_w632_P5.raw,1,,Q5T1M5|FKB15_HUMAN,,,PEAKS DB,2,QATDSILVF,False,1520000.0,1.0,N
NAFEELVAF,0.180,SB,,2509,NAFEELVAF,26.07,1038.5022,9,2.4,1039.512,100.44,,8,F8:23955,F120180713_KP_THP1_w632_P10.raw,3,,P25205|MCM3_HUMAN,,,PEAKS DB,1,NAFEELVAF,False,26200000.0,3.0,N
FLASDVQQL,0.181,SB,,3261,FLASDVQQL,20.9,1019.5287,9,0.7,510.772,73.97,694000.0,121,F121:17846,F120180713_KP_THP1_BB72_P10new.raw,1,1.0,Q6ZN54|DEFI8_HUMAN,,,PEAKS DB,2,FLASDVQQL,False,,,N
FLVDMTMHL,0.181,SB,,3161,FLVDMTMHL,25.75,1137.5199,9,0.4,569.7675,109.33,2620000.0,30,F30:21268,F120180713_KP_THP1_BB72_P3.raw,1,1.0,Q6EKJ0|GTD2B_HUMAN:Q86UP8|GTD2A_HUMAN,Oxidation (M),M5:Oxidation (M):1000.00;M7:Oxidation (M):1000.00,PEAKS DB,2,FLVDM(+15.99)TM(+15.99)HL,False,,,N
YGGPASQQL,0.182,SB,,2880,YGGPASQQL,25.04,919.4399,9,0.0,460.7272,40.13,,6,F6:10065,F120180713_KP_THP1_w632_P6.raw,2,,P55795|HNRH2_HUMAN:P31943|HNRH1_HUMAN,,,PEAKS DB,2,YGGPASQQL,False,6930000.0,2.0,N
TAQEARLGL,0.182,SB,,1582,TAQEARLGL,18.58,957.5243,9,0.6,479.7697,37.07,,9,F9:7125,F120180713_KP_THP1_w632_P8.raw,1,,,,,PEAKS DB,2,TAQEARLGL,False,2860000.0,1.0,N
FSYAFPKAV,0.182,SB,,1926,FSYAFPKAV,17.93,1028.5331,9,0.1,515.2739,59.9,,1,F1:13467,F120180713_KP_THP1_w632_P1.raw,1,,O15427|MOT4_HUMAN,,,PEAKS DB,2,FSYAFPKAV,False,1760000.0,1.0,N
FLDARFKTM,0.182,SB,,4911,FLDARFKTM,19.78,1127.5797,9,0.7,564.7975,46.67,,8,F8:8668,F120180713_KP_THP1_w632_P10.raw,1,,Q9UIQ6|LCAP_HUMAN,,,PEAKS DB,2,FLDARFKTM,False,434000.0,1.0,N
ILNPVTTKL,0.182,SB,,3866,ILNPVTTKL,23.23,997.6172,9,1.0,499.8163,60.63,1540000.0,121,F121:12512,F120180713_KP_THP1_BB72_P10new.raw,1,1.0,Q96IC2|REXON_HUMAN,,,PEAKS DB,2,ILNPVTTKL,False,,,N
SAIIFETPL,0.183,SB,,3065,SAIIFETPL,16.39,989.5433,9,0.3,990.5509,90.04,,5,F5:19276,F120180713_KP_THP1_w632_P5.raw,2,,Q04637|IF4G1_HUMAN,,,PEAKS DB,1,SAIIFETPL,False,10100000.0,2.0,N
VVVDPIQSV,0.183,SB,,975,VVVDPIQSV,27.79,954.5386,9,1.6,478.2773,72.07,8000000.0,121,F121:17086,F120180713_KP_THP1_BB72_P10new.raw,2,2.0,O00487|PSDE_HUMAN,,,PEAKS DB,2,VVVDPIQSV,False,,,N
VAIIARTDL,0.183,SB,,2379,VAIIARTDL,20.91,970.5811,9,2.0,486.2988,49.27,,8,F8:9680,F120180713_KP_THP1_w632_P10.raw,1,,P12268|IMDH2_HUMAN,,,PEAKS DB,2,VAIIARTDL,False,90900000.0,1.0,N
GAHFSVSSL,0.184,SB,,1317,GAHFSVSSL,18.93,903.445,9,-1.2,452.7292,46.51,,8,F8:8607,F120180713_KP_THP1_w632_P10.raw,2,,,,,PEAKS DB,2,GAHFSVSSL,False,2790000.0,2.0,N
FVVAPGEDM,0.184,SB,,3706,FVVAPGEDM,25.2,979.4321,9,1.5,490.724,52.93,,10,F10:12865,F120180713_KP_THP1_w632_P9.raw,1,,Q6UX53|MET7B_HUMAN,Oxidation (M),M9:Oxidation (M):1000.00,PEAKS DB,2,FVVAPGEDM(+15.99),False,416000.0,1.0,N
FLVHNVKEL,0.185,SB,,1183,FLVHNVKEL,19.6,1097.6233,9,1.8,549.8199,38.77,,8,F8:5955,F120180713_KP_THP1_w632_P10.raw,1,,,,,PEAKS DB,2,FLVHNVKEL,False,3070000.0,1.0,N
LSHEESVSF,0.186,SB,,2013,LSHEESVSF,27.76,1033.4716,9,0.7,517.7434,38.17,,9,F9:7550,F120180713_KP_THP1_w632_P8.raw,2,,O60381|HBP1_HUMAN,,,PEAKS DB,2,LSHEESVSF,False,22700000.0,2.0,N
RTVDLFPVL,0.186,SB,,3657,RTVDLFPVL,15.18,1058.6124,9,1.8,530.3145,79.01,,10,F10:21147,F120180713_KP_THP1_w632_P9.raw,1,,Q6NUS6|TECT3_HUMAN,,,PEAKS DB,2,RTVDLFPVL,False,309000.0,1.0,N
VAAPPPKNSF,0.187,SB,,5298,VAAPPPKNSF,31.48,1026.5498,10,0.3,514.2823,29.92,,6,F6:6510,F120180713_KP_THP1_w632_P6.raw,3,,O15357|SHIP2_HUMAN,,,PEAKS DB,2,VAAPPPKNSF,False,21400000.0,3.0,N
FLDPDMYSL,0.187,SB,,4549,FLDPDMYSL,21.22,1115.4845,9,0.2,558.7496,90.11,477000.0,31,F31:16466,F120180713_KP_THP1_BB72_P4.raw,1,1.0,Q9UHW5|GPN3_HUMAN,Oxidation (M),M6:Oxidation (M):1000.00,PEAKS DB,2,FLDPDM(+15.99)YSL,False,,,N
FTQDSNYLL,0.187,SB,,4730,FTQDSNYLL,22.02,1099.5186,9,1.3,550.7673,71.79,5300000.0,28,F28:18555,F120180713_KP_THP1_BB72_P1.raw,1,1.0,Q9Y3F4|STRAP_HUMAN,,,PEAKS DB,2,FTQDSNYLL,False,,,N
FSHNGRIL,0.188,SB,,865,FSHNGRIL,17.85,942.5035,8,0.5,472.2593,27.93,,9,F9:4228,F120180713_KP_THP1_w632_P8.raw,1,,Q8N157|AHI1_HUMAN,,,PEAKS DB,2,FSHNGRIL,False,266000.0,1.0,N
YLMDLSYSM,0.188,SB,,1499,YLMDLSYSM,20.21,1153.4672,9,0.2,577.741,62.56,2780000.0,28,F28:15176,F120180713_KP_THP1_BB72_P1.raw,2,2.0,P05107|ITB2_HUMAN:P26010|ITB7_HUMAN,Oxidation (M),M3:Oxidation (M):1000.00;M9:Oxidation (M):1000.00,PEAKS DB,2,YLM(+15.99)DLSYSM(+15.99),False,,,N
HANPTIVTY,0.189,SB,,423,HANPTIVTY,17.47,1015.4974,9,-0.3,508.7558,54.35,153000.0,122,F122:8157,F120180713_KP_THP1_BB72_P8.raw,1,1.0,,Deamidation (NQ),N3:Deamidation (NQ):1000.00,PEAKS DB,2,HAN(+.98)PTIVTY,False,,,N
KSTGNFLTL,0.189,SB,,4868,KSTGNFLTL,17.56,979.5338,9,0.1,490.7742,54.17,,3,F3:9828,F120180713_KP_THP1_w632_P3.raw,1,,Q9P2J5|SYLC_HUMAN,,,PEAKS DB,2,KSTGNFLTL,False,204000.0,1.0,N
SIYSRFVQL,0.190,SB,,4161,SIYSRFVQL,14.51,1111.6025,9,0.4,556.8088,66.78,,4,F4:12023,F120180713_KP_THP1_w632_P4.raw,1,,Q92562|FIG4_HUMAN,,,PEAKS DB,2,SIYSRFVQL,False,390000.0,1.0,N
YAYPATAAA,0.190,SB,,2445,YAYPATAAA,32.16,897.4232,9,0.5,898.431,42.96,,6,F6:11139,F120180713_KP_THP1_w632_P6.raw,1,,P17844|DDX5_HUMAN,,,PEAKS DB,1,YAYPATAAA,False,12100000.0,1.0,N
YSAPGRDL,0.190,SB,,602,YSAPGRDL,22.12,877.4293,8,0.5,439.7221,30.38,,6,F6:6690,F120180713_KP_THP1_w632_P6.raw,1,,P20618|PSB1_HUMAN,,,PEAKS DB,2,YSAPGRDL,False,4210000.0,1.0,N
FLDGNEMTL,0.190,SB,,4850,FLDGNEMTL,19.35,1054.4641,9,0.8,528.2397,66.99,696000000.0,29,F29:15190,F120180713_KP_THP1_BB72_P2.raw,2,2.0,Q9Y696|CLIC4_HUMAN,Oxidation (M),M7:Oxidation (M):1000.00,PEAKS DB,2,FLDGNEM(+15.99)TL,False,,,N
FVFKEPQQV,0.190,SB,,3918,FVFKEPQQV,28.02,1120.5917,9,2.3,561.3044,59.26,1070000.0,121,F121:11963,F120180713_KP_THP1_BB72_P10new.raw,1,1.0,Q96Q83|ALKB3_HUMAN,,,PEAKS DB,2,FVFKEPQQV,False,,,N
YLNDFTHEI,0.191,SB,,4219,YLNDFTHEI,23.54,1150.5294,9,0.7,576.2724,60.7,3930000.0,28,F28:14457,F120180713_KP_THP1_BB72_P1.raw,1,1.0,Q9H5V7|IKZF5_HUMAN,,,PEAKS DB,2,YLNDFTHEI,False,,,N
TVLEKVYEL,0.191,SB,,2459,TVLEKVYEL,32.48,1092.6067,9,0.4,1093.6144,61.23,34000000.0,29,F29:12935,F120180713_KP_THP1_BB72_P2.raw,2,2.0,P78527|PRKDC_HUMAN,,,PEAKS DB,1,TVLEKVYEL,False,,,N
FNDPNAKEM,0.192,SB,,4311,FNDPNAKEM,37.51,1064.4597,9,-0.5,533.2369,29.88,,6,F6:6497,F120180713_KP_THP1_w632_P6.raw,2,,Q96KR1|ZFR_HUMAN,,,PEAKS DB,2,FNDPNAKEM,False,17400000.0,2.0,N
SVQSGNLAL,0.193,SB,,2523,SVQSGNLAL,17.63,887.4713,9,1.7,888.48,52.99,,9,F9:13264,F120180713_KP_THP1_w632_P8.raw,2,,P26599|PTBP1_HUMAN,,,PEAKS DB,1,SVQSGNLAL,False,75000000.0,2.0,N
SMMDPNHFL,0.193,SB,,3458,SMMDPNHFL,33.63,1122.4474,9,0.8,562.2314,42.22,8410000.0,29,F29:6608,F120180713_KP_THP1_BB72_P2.raw,2,2.0,Q8IWV8|UBR2_HUMAN,Oxidation (M),M2:Oxidation (M):1000.00;M3:Oxidation (M):1000.00,PEAKS DB,2,SM(+15.99)M(+15.99)DPNHFL,False,,,N
TTLNTPLAL,0.194,SB,,1524,TTLNTPLAL,17.4,942.5386,9,1.7,943.5475,48.42,,8,F8:9354,F120180713_KP_THP1_w632_P10.raw,1,,,,,PEAKS DB,1,TTLNTPLAL,False,5730000.0,1.0,N
YLYEREAIL,0.195,SB,,4720,YLYEREAIL,28.28,1168.6128,9,0.8,585.3141,57.43,1040000.0,28,F28:13179,F120180713_KP_THP1_BB72_P1.raw,1,1.0,Q9Y314|NOSIP_HUMAN,,,PEAKS DB,2,YLYEREAIL,False,,,N
SLIEKVTQL,0.195,SB,,4356,SLIEKVTQL,26.87,1029.6069,9,0.7,515.8111,61.16,7500000.0,29,F29:12906,F120180713_KP_THP1_BB72_P2.raw,1,1.0,Q9NS87|KIF15_HUMAN,,,PEAKS DB,2,SLIEKVTQL,False,,,N
HLYDYTVKL,0.195,SB,,957,HLYDYTVKL,31.26,1150.6023,9,0.9,576.309,50.64,11000000.0,28,F28:10539,F120180713_KP_THP1_BB72_P1.raw,1,1.0,O00291|HIP1_HUMAN,,,PEAKS DB,2,HLYDYTVKL,False,,,N
RVPPPPQSV,0.196,SB,,1886,RVPPPPQSV,39.3,975.5501,9,0.3,488.7825,38.64,32300000.0,43,F43:5986,F120180713_KP_THP1_BB72_P6.raw,4,4.0,P29353|SHC1_HUMAN,,,PEAKS DB,2,RVPPPPQSV,False,,,N
LSDPQVHTV,0.197,SB,,3289,LSDPQVHTV,35.22,994.5084,9,0.5,498.2617,31.85,,6,F6:7272,F120180713_KP_THP1_w632_P6.raw,1,,Q14204|DYHC1_HUMAN,,,PEAKS DB,2,LSDPQVHTV,False,1040000.0,1.0,N
SAYDGKDYIAL,0.197,SB,,5803,SAYDGKDYIAL,21.97,1214.5819,11,1.5,608.2991,59.14,,1,F1:13172,F120180713_KP_THP1_w632_P1.raw,2,,P30685|1B35_HUMAN:P10319|1B58_HUMAN:P30491|1B53_HUMAN:P30484|1B46_HUMAN:P30464|1B15_HUMAN:P30510|1C14_HUMAN:P30508|1C12_HUMAN:Q29960|1C16_HUMAN,,,PEAKS DB,2,SAYDGKDYIAL,False,4260000.0,2.0,N
HAAPYGVSY,0.198,SB,,4853,HAAPYGVSY,26.79,963.445,9,0.0,482.7298,37.09,,7,F7:8160,F120180713_KP_THP1_w632_P7.raw,1,,Q9P281|BAHC1_HUMAN,,,PEAKS DB,2,HAAPYGVSY,False,2770000.0,1.0,N
STVQPGAFL,0.198,SB,,4341,STVQPGAFL,21.34,918.4811,9,0.6,460.2481,69.41,,1,F1:16899,F120180713_KP_THP1_w632_P1.raw,1,,Q96PE1|AGRA2_HUMAN,,,PEAKS DB,2,STVQPGAFL,False,1300000.0,1.0,N
QALQPGQAV,0.198,SB,,1235,QALQPGQAV,13.85,910.4872,9,-0.5,456.2506,38.79,,5,F5:9378,F120180713_KP_THP1_w632_P5.raw,1,,,,,PEAKS DB,2,QALQPGQAV,False,141000.0,1.0,N
AAFPGASLYL,0.200,SB,,5486,AAFPGASLYL,16.91,1008.528,10,0.2,505.2713,88.58,,5,F5:18879,F120180713_KP_THP1_w632_P5.raw,1,,Q15038|DAZP2_HUMAN,,,PEAKS DB,2,AAFPGASLYL,False,1280000.0,1.0,N
FVKSGGEAF,0.200,SB,,4369,FVKSGGEAF,25.57,940.4654,9,-0.3,471.2398,33.18,,7,F7:6657,F120180713_KP_THP1_w632_P7.raw,1,,Q96RF0|SNX18_HUMAN,,,PEAKS DB,2,FVKSGGEAF,False,1240000.0,1.0,N
FSAHALKL,0.200,SB,,1017,FSAHALKL,20.97,885.5072,8,0.0,443.7609,36.49,,8,F8:5323,F120180713_KP_THP1_w632_P10.raw,1,,Q9NZB2|F120A_HUMAN,,,PEAKS DB,2,FSAHALKL,False,3040000.0,1.0,N
VIQENEHAL,0.201,SB,,4365,VIQENEHAL,20.98,1051.5298,9,-0.4,526.7719999999998,38.19,1670000.0,43,F43:5840,F120180713_KP_THP1_BB72_P6.raw,1,1.0,Q9NTJ3|SMC4_HUMAN,,,PEAKS DB,2,VIQENEHAL,False,,,N
FLDGNELTL,0.201,SB,,958,FLDGNELTL,18.19,1020.5128,9,0.6,1021.5206,110.23,2890000000.0,30,F30:21625,F120180713_KP_THP1_BB72_P3.raw,3,3.0,O00299|CLIC1_HUMAN,,,PEAKS DB,1,FLDGNELTL,False,,,N
ILSESLHSL,0.201,SB,,1103,ILSESLHSL,22.85,997.5444,9,0.4,499.7797,59.78,17500000.0,121,F121:12173,F120180713_KP_THP1_BB72_P10new.raw,1,1.0,O43156|TTI1_HUMAN,,,PEAKS DB,2,ILSESLHSL,False,,,N
LAYDGDADM,0.203,SB,,5013,LAYDGDADM,14.27,985.3699,9,0.2,986.3774,39.21,,7,F7:8937,F120180713_KP_THP1_w632_P7.raw,1,,Q9UPZ6|THS7A_HUMAN,Oxidation (M),M9:Oxidation (M):1000.00,PEAKS DB,1,LAYDGDADM(+15.99),False,6810000.0,1.0,N
VIIDESHFL,0.203,SB,,4441,VIIDESHFL,22.33,1071.5601,9,0.5,536.7876,68.11,1130000.0,29,F29:15597,F120180713_KP_THP1_BB72_P2.raw,1,1.0,Q9NZC9|SMAL1_HUMAN,,,PEAKS DB,2,VIIDESHFL,False,,,N
FLDPRPLTV,0.204,SB,,2963,FLDPRPLTV,36.06,1056.5967,9,1.2,529.3063,61.93,33500000.0,28,F28:14936,F120180713_KP_THP1_BB72_P1.raw,1,1.0,Q16678|CP1B1_HUMAN,,,PEAKS DB,2,FLDPRPLTV,False,,,N
IVYEGPEL,0.205,SB,,723,IVYEGPEL,15.98,918.4698,8,2.6,919.4795,68.28,,8,F8:16684,F120180713_KP_THP1_w632_P10.raw,1,,Q07954|LRP1_HUMAN,,,PEAKS DB,1,IVYEGPEL,False,526000.0,1.0,N
KVIEINPYL,0.206,SB,,1877,KVIEINPYL,35.5,1087.6277,9,0.2,1088.6351,61.03,603000000.0,29,F29:12853,F120180713_KP_THP1_BB72_P2.raw,4,4.0,P28074|PSB5_HUMAN:P28062|PSB8_HUMAN,,,PEAKS DB,1,KVIEINPYL,False,,,N
FMNPHLISV,0.206,SB,,4524,FMNPHLISV,29.21,1072.5376,9,0.2,537.2762,53.48,9140000.0,29,F29:10039,F120180713_KP_THP1_BB72_P2.raw,1,1.0,Q9UG01|IF172_HUMAN,Oxidation (M),M2:Oxidation (M):1000.00,PEAKS DB,2,FM(+15.99)NPHLISV,False,,,N
AALGTDKEL,0.206,SB,,1631,AALGTDKEL,28.04,916.4865,9,0.2,459.2506,31.45,,6,F6:7116,F120180713_KP_THP1_w632_P6.raw,1,,,,,PEAKS DB,2,AALGTDKEL,True,4590000.0,1.0,N
ALIPETTTL,0.207,SB,,595,ALIPETTTL,14.9,957.5383,9,1.6,958.5471,72.72,30400000.0,28,F28:18926,F120180713_KP_THP1_BB72_P1.raw,1,1.0,,,,PEAKS DB,1,ALIPETTTL,False,,,N
IMYDQNHLL,0.207,SB,,3211,IMYDQNHLL,18.69,1161.5488,9,0.9,581.7822,57.34,2080000.0,121,F121:11204,F120180713_KP_THP1_BB72_P10new.raw,1,1.0,Q6PD62|CTR9_HUMAN,Oxidation (M),M2:Oxidation (M):1000.00,PEAKS DB,2,IM(+15.99)YDQNHLL,False,,,N
AVVGDPIAL,0.207,SB,,2683,AVVGDPIAL,18.47,853.4909,9,1.1,854.4991,74.8,,1,F1:19029,F120180713_KP_THP1_w632_P1.raw,1,,P42694|HELZ_HUMAN,,,PEAKS DB,1,AVVGDPIAL,False,4050000.0,1.0,N
ILYPKTLFL,0.207,SB,,3114,ILYPKTLFL,15.68,1106.674,9,0.3,554.3444,77.13,,9,F9:20146,F120180713_KP_THP1_w632_P8.raw,1,,Q08209|PP2BA_HUMAN,,,PEAKS DB,2,ILYPKTLFL,False,2380000.0,1.0,N
FLDGHDLQL,0.208,SB,,3785,FLDGHDLQL,30.51,1056.5239,9,0.7,529.2696,68.88,158000000.0,29,F29:15887,F120180713_KP_THP1_BB72_P2.raw,3,3.0,Q969V6|MKL1_HUMAN,,,PEAKS DB,2,FLDGHDLQL,False,,,N
YIFEEPFTI,0.208,SB,,1554,YIFEEPFTI,27.56,1157.5645,9,0.9,579.79,108.63,1010000.0,121,F121:31346,F120180713_KP_THP1_BB72_P10new.raw,1,1.0,P08237|PFKAM_HUMAN,,,PEAKS DB,2,YIFEEPFTI,False,,,N
NADPNMKLF,0.209,SB,,4243,NADPNMKLF,24.43,1064.4961,9,1.0,533.2559,40.74,,1,F1:6335,F120180713_KP_THP1_w632_P1.raw,1,,Q96AE4|FUBP1_HUMAN,Oxidation (M),M6:Oxidation (M):1000.00,PEAKS DB,2,NADPNM(+15.99)KLF,False,2680000.0,1.0,N
FVLPVATQI,0.209,SB,,3986,FVLPVATQI,28.99,986.58,9,1.4,494.298,97.06,1450000.0,32,F32:20529,F120180713_KP_THP1_BB72_P5.raw,1,1.0,Q99622|C10_HUMAN,,,PEAKS DB,2,FVLPVATQI,False,,,N
YFIAPTGHSL,0.209,SB,,5682,YFIAPTGHSL,22.91,1104.5603,10,-0.2,553.2873,53.08,,1,F1:10835,F120180713_KP_THP1_w632_P1.raw,2,,Q9NVA2|SEP11_HUMAN:Q14141|SEPT6_HUMAN,,,PEAKS DB,2,YFIAPTGHSL,False,2050000.0,2.0,N
FLDDGNQML,0.209,SB,,3552,FLDDGNQML,24.54,1067.4594,9,0.9,534.7374,63.74,891000.0,28,F28:15602,F120180713_KP_THP1_BB72_P1.raw,1,1.0,Q8NCM8|DYHC2_HUMAN,Oxidation (M),M8:Oxidation (M):1000.00,PEAKS DB,2,FLDDGNQM(+15.99)L,False,,,N
YIVSNSANL,0.209,SB,,5037,YIVSNSANL,25.71,979.4974,9,0.9,490.7564,52.93,,9,F9:13241,F120180713_KP_THP1_w632_P8.raw,1,,Q9Y2G2|CARD8_HUMAN,,,PEAKS DB,2,YIVSNSANL,False,2910000.0,1.0,N
FANLPNQVY,0.211,SB,,3444,FANLPNQVY,28.26,1064.5291,9,1.8,533.2728,66.91,,8,F8:16141,F120180713_KP_THP1_w632_P10.raw,1,,Q16181|SEPT7_HUMAN,,,PEAKS DB,2,FANLPNQVY,False,2940000.0,1.0,N
TAPPSRVL,0.211,SB,,480,TAPPSRVL,23.09,839.4865,8,0.9,840.4945,39.27,,9,F9:7985,F120180713_KP_THP1_w632_P8.raw,1,,O00767|ACOD_HUMAN,,,PEAKS DB,1,TAPPSRVL,False,3780000.0,1.0,N
YAFNMKATV,0.212,SB,,1635,YAFNMKATV,33.98,1043.511,9,1.1,522.7634,59.85,8450000.0,121,F121:12201,F120180713_KP_THP1_BB72_P10new.raw,1,1.0,P11142|HSP7C_HUMAN,,,PEAKS DB,2,YAFNMKATV,False,,,N
FVALPGVAV,0.212,SB,,2375,FVALPGVAV,27.46,871.5167,9,0.3,872.5243,85.23,,2,F2:15614,F120180713_KP_THP1_w632_P2.raw,2,,P12074|CX6A1_HUMAN,,,PEAKS DB,1,FVALPGVAV,False,9110000.0,2.0,N
FPYPYAERL,0.213,SB,,1920,FPYPYAERL,25.29,1154.5759,9,1.0,578.2958,60.63,,3,F3:12022,F120180713_KP_THP1_w632_P3.raw,1,,O15399|NMDE4_HUMAN,,,PEAKS DB,2,FPYPYAERL,False,15100000.0,1.0,N
VAHLGSQL,0.213,SB,,942,VAHLGSQL,23.2,823.4552,8,-0.5,824.4621,32.43,,7,F7:6375,F120180713_KP_THP1_w632_P7.raw,2,,Q99583|MNT_HUMAN,,,PEAKS DB,1,VAHLGSQL,False,1950000.0,2.0,N
YPIEPSGVL,0.213,SB,,4359,YPIEPSGVL,25.89,973.512,9,0.8,974.5201,72.3,,1,F1:18034,F120180713_KP_THP1_w632_P1.raw,2,,Q96PU8|QKI_HUMAN,,,PEAKS DB,1,YPIEPSGVL,False,11600000.0,2.0,N
VLIGSNHSL,0.214,SB,,1034,VLIGSNHSL,16.06,938.5185,9,1.7,470.2673,51.48,383000.0,122,F122:7480,F120180713_KP_THP1_BB72_P8.raw,1,1.0,O15027|SC16A_HUMAN,,,PEAKS DB,2,VLIGSNHSL,False,,,N
HADVGKEL,0.217,SB,,969,HADVGKEL,30.72,867.445,8,0.3,434.7299,22.41,,6,F6:3546,F120180713_KP_THP1_w632_P6.raw,2,,Q9BXW9|FACD2_HUMAN,,,PEAKS DB,2,HADVGKEL,False,1280000.0,2.0,N
TIMPKDIQL,0.217,SB,,2480,TIMPKDIQL,28.82,1057.5841,9,1.1,529.7999,59.41,1680000.0,28,F28:13955,F120180713_KP_THP1_BB72_P1.raw,1,1.0,P84243|H33_HUMAN:Q71DI3|H32_HUMAN,,,PEAKS DB,2,TIMPKDIQL,False,,,N
TVIENIHTI,0.218,SB,,4665,TVIENIHTI,23.03,1038.5709,9,0.8,520.2932,57.4,1460000.0,121,F121:11230,F120180713_KP_THP1_BB72_P10new.raw,1,1.0,Q9UPU5|UBP24_HUMAN,,,PEAKS DB,2,TVIENIHTI,False,,,N
ILAAHVPTL,0.219,SB,,1893,ILAAHVPTL,30.25,933.5647,9,0.9,467.79,55.38,1530000.0,28,F28:12379,F120180713_KP_THP1_BB72_P1.raw,1,1.0,P30049|ATPD_HUMAN,,,PEAKS DB,2,ILAAHVPTL,False,,,N
VAHLSTVL,0.219,SB,,525,VAHLSTVL,13.47,838.4912,8,1.2,420.2534,42.49,,8,F8:7126,F120180713_KP_THP1_w632_P10.raw,1,,O75122|CLAP2_HUMAN,,,PEAKS DB,2,VAHLSTVL,False,271000.0,1.0,N
KILESSQTL,0.219,SB,,1153,KILESSQTL,28.34,1017.5706,9,0.8,509.793,52.37,1170000.0,44,F44:10455,F120180713_KP_THP1_BB72_P7.raw,1,1.0,O43805|SSNA1_HUMAN,,,PEAKS DB,2,KILESSQTL,False,,,N
IIYTAKISL,0.220,SB,,4890,IIYTAKISL,21.44,1020.6219,9,0.8,511.3186,58.93,,3,F3:11380,F120180713_KP_THP1_w632_P3.raw,1,,Q9UDY4|DNJB4_HUMAN,,,PEAKS DB,2,IIYTAKISL,False,595000.0,1.0,N
AVANILQSL,0.221,SB,,3933,AVANILQSL,12.85,927.5389,9,0.3,464.7769,75.46,,3,F3:17090,F120180713_KP_THP1_w632_P3.raw,1,,Q8IZQ1|WDFY3_HUMAN,,,PEAKS DB,2,AVANILQSL,False,105000.0,1.0,N
SIIEKSDSL,0.222,SB,,1769,SIIEKSDSL,13.69,990.5233,9,1.3,496.2696,37.73,,9,F9:7372,F120180713_KP_THP1_w632_P8.raw,1,,,,,PEAKS DB,2,SIIEKSDSL,False,3100000.0,1.0,N
VMAPRTLIL,0.222,SB,,2240,VMAPRTLIL,29.52,1012.6103,9,1.0,507.3129,59.6,,2,F2:9245,F120180713_KP_THP1_w632_P2.raw,1,,P04222|1C03_HUMAN:P30504|1C04_HUMAN:P30510|1C14_HUMAN:P30508|1C12_HUMAN:Q29960|1C16_HUMAN,,,PEAKS DB,2,VMAPRTLIL,True,4900000.0,1.0,N
SSLREGTTL,0.222,SB,,1575,SSLREGTTL,12.84,962.5032,9,0.5,482.2591,32.24,,6,F6:7420,F120180713_KP_THP1_w632_P6.raw,1,,,,,PEAKS DB,2,SSLREGTTL,False,371000.0,1.0,N
SVKPASSSF,0.222,SB,,5101,SVKPASSSF,24.53,908.4603,9,0.3,455.2376,26.7,,6,F6:5250,F120180713_KP_THP1_w632_P6.raw,1,,Q9Y4W2|LAS1L_HUMAN,,,PEAKS DB,2,SVKPASSSF,False,2270000.0,1.0,N
YASTGREF,0.223,SB,,922,YASTGREF,20.36,929.4243,8,-0.3,465.7193,28.15,,6,F6:5811,F120180713_KP_THP1_w632_P6.raw,1,,Q96A65|EXOC4_HUMAN,,,PEAKS DB,2,YASTGREF,False,1060000.0,1.0,N
FMLDGNNNL,0.223,SB,,3583,FMLDGNNNL,29.08,1052.4597,9,1.3,527.2378,62.66,3400000.0,28,F28:15214,F120180713_KP_THP1_BB72_P1.raw,1,1.0,Q8NG27|PJA1_HUMAN:O43164|PJA2_HUMAN,Oxidation (M),M2:Oxidation (M):1000.00,PEAKS DB,2,FM(+15.99)LDGNNNL,False,,,N
FSEDGYRTV,0.224,SB,,1517,FSEDGYRTV,17.65,1072.4825,9,-0.4,537.2484,37.37,,7,F7:8252,F120180713_KP_THP1_w632_P7.raw,1,,,,,PEAKS DB,2,FSEDGYRTV,False,2750000.0,1.0,N
MSKAPSNTF,0.224,SB,,4361,MSKAPSNTF,17.19,997.4539,9,0.9,499.7346,24.85,,6,F6:4512,F120180713_KP_THP1_w632_P6.raw,1,,Q96Q15|SMG1_HUMAN,Oxidation (M),M1:Oxidation (M):1000.00,PEAKS DB,2,M(+15.99)SKAPSNTF,False,432000.0,1.0,N
YPNSHTHYF,0.225,SB,,1089,YPNSHTHYF,37.25,1164.4988,9,0.8,583.2571,31.04,,9,F9:5163,F120180713_KP_THP1_w632_P8.raw,1,,A5YKK6|CNOT1_HUMAN,,,PEAKS DB,2,YPNSHTHYF,False,5570000.0,1.0,N
YLLESVNKL,0.225,SB,,1501,YLLESVNKL,20.23,1077.6069,9,0.8,539.8112,59.37,1160000.0,29,F29:12207,F120180713_KP_THP1_BB72_P2.raw,1,1.0,P05120|PAI2_HUMAN,,,PEAKS DB,2,YLLESVNKL,False,,,N
YPASAGTSL,0.225,SB,,3651,YPASAGTSL,19.58,865.4181,9,0.3,433.7165,43.27,,6,F6:11264,F120180713_KP_THP1_w632_P6.raw,2,,Q6NTF9|RHBD2_HUMAN,,,PEAKS DB,2,YPASAGTSL,False,2460000.0,2.0,N
LADQPHLL,0.226,SB,,541,LADQPHLL,23.24,905.4971,8,0.2,453.7559,45.83,,8,F8:8341,F120180713_KP_THP1_w632_P10.raw,1,,O95071|UBR5_HUMAN,,,PEAKS DB,2,LADQPHLL,False,2430000.0,1.0,N
SLAEKIQAL,0.226,SB,,4417,SLAEKIQAL,27.6,971.5651,9,1.0,486.7903,50.96,8630000.0,28,F28:10656,F120180713_KP_THP1_BB72_P1.raw,1,1.0,Q9NWX5|ASB6_HUMAN,,,PEAKS DB,2,SLAEKIQAL,False,,,N
STLNRFSAL,0.226,SB,,3068,STLNRFSAL,30.05,1007.54,9,1.1,504.7778,47.41,,8,F8:8961,F120180713_KP_THP1_w632_P10.raw,1,,Q04637|IF4G1_HUMAN,,,PEAKS DB,2,STLNRFSAL,False,1510000.0,1.0,N
YLHREVVEL,0.228,SB,,4169,YLHREVVEL,32.4,1156.624,9,1.5,579.3201,54.16,2980000.0,121,F121:9926,F120180713_KP_THP1_BB72_P10new.raw,1,1.0,Q9H1B5|XYLT2_HUMAN,,,PEAKS DB,2,YLHREVVEL,False,,,N
YQEKGVRVL,0.228,SB,,2900,YQEKGVRVL,22.86,1090.6134,9,0.9,546.3145,29.21,,9,F9:4596,F120180713_KP_THP1_w632_P8.raw,1,,P61160|ARP2_HUMAN,,,PEAKS DB,2,YQEKGVRVL,False,15300000.0,1.0,N
RMFPGEVAL,0.229,SB,,81,RMFPGEVAL,18.68,1034.5219,9,0.7,518.2686,51.76,1620000.0,29,F29:9489,F120180713_KP_THP1_BB72_P2.raw,2,2.0,,Oxidation (M),M2:Oxidation (M):1000.00,PEAKS DB,2,RM(+15.99)FPGEVAL,False,,,N
SLLPAIVEL,0.229,SB,,1899,SLLPAIVEL,16.08,953.5797,9,1.5,954.5884,103.39,326000000.0,28,F28:30152,F120180713_KP_THP1_BB72_P1.raw,1,1.0,P30153|2AAA_HUMAN:P30154|2AAB_HUMAN,,,PEAKS DB,1,SLLPAIVEL,False,,,N
FVMSEIRTV,0.229,SB,,3095,FVMSEIRTV,18.01,1096.5587,9,-0.6,549.2863,40.45,906000.0,28,F28:6711,F120180713_KP_THP1_BB72_P1.raw,1,1.0,Q5T7W0|ZN618_HUMAN,Oxidation (M),M3:Oxidation (M):1000.00,PEAKS DB,2,FVM(+15.99)SEIRTV,False,,,N
FLLGKEVSL,0.230,SB,,3144,FLLGKEVSL,28.6,1004.5906,9,0.9,503.30300000000005,92.1,13400000.0,31,F31:17117,F120180713_KP_THP1_BB72_P4.raw,1,1.0,Q66K14|TBC9B_HUMAN,,,PEAKS DB,2,FLLGKEVSL,False,,,N
MAPRTLVL,0.231,SB,,576,MAPRTLVL,19.13,915.5212,8,0.5,458.7681,42.5,,1,F1:6950,F120180713_KP_THP1_w632_P1.raw,1,,P10316|1A69_HUMAN,Oxidation (M),M1:Oxidation (M):1000.00,PEAKS DB,2,M(+15.99)APRTLVL,False,520000.0,1.0,N
TAIREAQTF,0.231,SB,,4910,TAIREAQTF,26.3,1035.5349,9,-0.3,518.7746,33.83,,7,F7:6910,F120180713_KP_THP1_w632_P7.raw,1,,Q9UIG0|BAZ1B_HUMAN,,,PEAKS DB,2,TAIREAQTF,False,3550000.0,1.0,N
FVTEVAYKM,0.233,SB,,1074,FVTEVAYKM,21.72,1102.5369,9,1.5,552.2766,46.96,148000.0,121,F121:7348,F120180713_KP_THP1_BB72_P10new.raw,1,1.0,O15228|GNPAT_HUMAN,Oxidation (M),M9:Oxidation (M):1000.00,PEAKS DB,2,FVTEVAYKM(+15.99),False,,,N
SSVHVGTSF,0.234,SB,,4438,SSVHVGTSF,15.39,919.4399,9,0.8,460.7276,35.51,,9,F9:6569,F120180713_KP_THP1_w632_P8.raw,2,,Q99698|LYST_HUMAN,,,PEAKS DB,2,SSVHVGTSF,False,1130000.0,2.0,N
WLAETTHAL,0.234,SB,,1543,WLAETTHAL,15.44,1040.5291,9,2.2,521.2729,60.73,3560000.0,121,F121:12553,F120180713_KP_THP1_BB72_P10new.raw,1,1.0,P07814|SYEP_HUMAN,,,PEAKS DB,2,WLAETTHAL,False,,,N
SLISNGPSL,0.235,SB,,487,SLISNGPSL,19.77,887.46,9,1.0,888.4681,70.48,12300000.0,28,F28:18040,F120180713_KP_THP1_BB72_P1.raw,1,1.0,,Deamidation (NQ),N5:Deamidation (NQ):1000.00,PEAKS DB,1,SLISN(+.98)GPSL,False,,,N
YTTDRVMTV,0.235,SB,,3219,YTTDRVMTV,30.12,1084.5223,9,1.4,543.2692,39.44,,9,F9:8050,F120180713_KP_THP1_w632_P8.raw,1,,Q13547|HDAC1_HUMAN:Q92769|HDAC2_HUMAN,,,PEAKS DB,2,YTTDRVMTV,False,584000.0,1.0,N
VLMDRLPSL,0.235,SB,,1182,VLMDRLPSL,31.28,1058.5793,9,1.1,530.2975,78.31,12700000.0,31,F31:13433,F120180713_KP_THP1_BB72_P4.raw,2,2.0,O60287|NPA1P_HUMAN,Oxidation (M),M3:Oxidation (M):1000.00,PEAKS DB,2,VLM(+15.99)DRLPSL,False,,,N
VSAGIQTSF,0.236,SB,,2444,VSAGIQTSF,18.68,908.4603,9,1.6,455.2382,57.69,,10,F10:14642,F120180713_KP_THP1_w632_P9.raw,1,,P17844|DDX5_HUMAN,,,PEAKS DB,2,VSAGIQTSF,False,998000.0,1.0,N
YLKESEIQL,0.236,SB,,3504,YLKESEIQL,22.76,1121.5968,9,0.3,561.8058,60.15,3740000.0,121,F121:12319,F120180713_KP_THP1_BB72_P10new.raw,1,1.0,Q8N0Z3|SPICE_HUMAN,,,PEAKS DB,2,YLKESEIQL,False,,,N
IAKSGTKAF,0.237,SB,,2305,IAKSGTKAF,30.95,921.5283,9,0.4,461.7716,20.93,,5,F5:3187,F120180713_KP_THP1_w632_P5.raw,1,,P08238|HS90B_HUMAN:P07900|HS90A_HUMAN,,,PEAKS DB,2,IAKSGTKAF,False,2010000.0,1.0,N
MMFDEPVLL,0.238,SB,,1289,MMFDEPVLL,21.04,1125.5085,9,0.1,563.7616,90.04,1050000.0,43,F43:17735,F120180713_KP_THP1_BB72_P6.raw,2,2.0,O75592|MYCB2_HUMAN,Oxidation (M),M1:Oxidation (M):1000.00;M2:Oxidation (M):1000.00,PEAKS DB,2,M(+15.99)M(+15.99)FDEPVLL,False,,,N
IIFVPVPQL,0.238,SB,,2352,IIFVPVPQL,27.05,1024.6321,9,1.6,1025.641,109.2,25500000.0,121,F121:31573,F120180713_KP_THP1_BB72_P10new.raw,2,2.0,P62081|RS7_HUMAN,,,PEAKS DB,1,IIFVPVPQL,False,,,N
VLMDHILNL,0.239,SB,,1051,VLMDHILNL,23.52,1082.5795,9,1.1,542.2976,77.59,4820000.0,44,F44:16885,F120180713_KP_THP1_BB72_P7.raw,1,1.0,O15111|IKKA_HUMAN,Oxidation (M),M3:Oxidation (M):1000.00,PEAKS DB,2,VLM(+15.99)DHILNL,False,,,N
ILADIFVSM,0.240,SB,,201,ILADIFVSM,17.93,1023.5311,9,1.0,512.7733,98.18,1420000.0,31,F31:19465,F120180713_KP_THP1_BB72_P4.raw,2,2.0,,Oxidation (M),M9:Oxidation (M):1000.00,PEAKS DB,2,ILADIFVSM(+15.99),False,,,N
FLQKAGKSL,0.241,SB,,1198,FLQKAGKSL,15.74,990.5862,9,-0.6,496.3,26.45,,7,F7:4230,F120180713_KP_THP1_w632_P7.raw,1,,,,,PEAKS DB,2,FLQKAGKSL,False,1140000.0,1.0,N
MSAEPTVL,0.241,SB,,599,MSAEPTVL,22.11,862.4106,8,0.8,863.4185,48.07,,9,F9:11368,F120180713_KP_THP1_w632_P8.raw,1,,P18583|SON_HUMAN,Oxidation (M),M1:Oxidation (M):1000.00,PEAKS DB,1,M(+15.99)SAEPTVL,False,2810000.0,1.0,N
YMLDLQKQL,0.241,SB,,4721,YMLDLQKQL,31.96,1166.6006,9,0.5,584.3079,57.0,8520000.0,29,F29:11301,F120180713_KP_THP1_BB72_P2.raw,1,1.0,Q9Y371|SHLB1_HUMAN,Oxidation (M),M2:Oxidation (M):1000.00,PEAKS DB,2,YM(+15.99)LDLQKQL,False,,,N
NAVIAIESL,0.242,SB,,1143,NAVIAIESL,13.12,928.5229,9,1.6,929.5317,66.18,,8,F8:15852,F120180713_KP_THP1_w632_P10.raw,1,,,,,PEAKS DB,1,NAVIAIESL,False,1290000.0,1.0,N
KAIGLFISF,0.242,SB,,2596,KAIGLFISF,18.44,994.5851,9,0.0,498.2998,82.85,,1,F1:21725,F120180713_KP_THP1_w632_P1.raw,1,,P33527|MRP1_HUMAN,,,PEAKS DB,2,KAIGLFISF,False,485000.0,1.0,N
TGDPNSKAL,0.243,SB,,1602,TGDPNSKAL,19.89,901.4505,9,0.4,451.7327,22.09,,4,F4:3455,F120180713_KP_THP1_w632_P4.raw,1,,,,,PEAKS DB,2,TGDPNSKAL,False,984000.0,1.0,N
FPIHVQTSL,0.243,SB,,4775,FPIHVQTSL,29.58,1040.5654,9,1.4,521.2907,58.73,,1,F1:13011,F120180713_KP_THP1_w632_P1.raw,1,,Q9NVM4|ANM7_HUMAN,,,PEAKS DB,2,FPIHVQTSL,False,2130000.0,1.0,N
TALEGYSTI,0.243,SB,,2171,TALEGYSTI,14.35,953.4706,9,-0.5,477.7423,54.59,,9,F9:13895,F120180713_KP_THP1_w632_P8.raw,1,,O95373|IPO7_HUMAN,,,PEAKS DB,2,TALEGYSTI,False,1730000.0,1.0,N
HTGPGLLSM,0.243,SB,,2773,HTGPGLLSM,13.34,927.4484,9,1.4,464.7321,34.69,,1,F1:4585,F120180713_KP_THP1_w632_P1.raw,1,,P49792|RBP2_HUMAN,Oxidation (M),M9:Oxidation (M):1000.00,PEAKS DB,2,HTGPGLLSM(+15.99),False,276000.0,1.0,N
RIITPRLAL,0.243,SB,,2488,RIITPRLAL,20.91,1051.6865,9,1.1,526.8511,47.08,,3,F3:7533,F120180713_KP_THP1_w632_P3.raw,1,,P21281|VATB2_HUMAN,,,PEAKS DB,2,RIITPRLAL,False,15000000.0,1.0,N
LAMLRSLDL,0.244,SB,,3682,LAMLRSLDL,17.7,1046.5793,9,-0.1,524.2969,59.12,,6,F6:15150,F120180713_KP_THP1_w632_P6.raw,1,,Q6PJG6|BRAT1_HUMAN,Oxidation (M),M3:Oxidation (M):1000.00,PEAKS DB,2,LAM(+15.99)LRSLDL,False,682000.0,1.0,N
SLFPAELAL,0.245,SB,,3665,SLFPAELAL,25.44,959.5327,9,2.0,960.5419,106.93,13100000.0,121,F121:30665,F120180713_KP_THP1_BB72_P10new.raw,2,2.0,Q8WWH5|TRUB1_HUMAN,,,PEAKS DB,1,SLFPAELAL,False,,,N
HIIATSKSL,0.247,SB,,2014,HIIATSKSL,19.14,968.5654,9,0.2,485.2901,26.52,,7,F7:4256,F120180713_KP_THP1_w632_P7.raw,1,,O60381|HBP1_HUMAN,,,PEAKS DB,2,HIIATSKSL,False,1540000.0,1.0,N
FAHASGMQY,0.247,SB,,4752,FAHASGMQY,24.82,1010.428,9,-1.4,506.2206,32.95,,7,F7:6567,F120180713_KP_THP1_w632_P7.raw,1,,Q9NUA8|ZBT40_HUMAN,,,PEAKS DB,2,FAHASGMQY,False,951000.0,1.0,N
FSYDENTVY,0.248,SB,,1080,FSYDENTVY,20.13,1136.4662,9,1.2,569.241,62.39,,9,F9:16950,F120180713_KP_THP1_w632_P8.raw,1,,A4D1P6|WDR91_HUMAN,,,PEAKS DB,2,FSYDENTVY,False,3350000.0,1.0,N
FPNIPGKSL,0.248,SB,,1888,FPNIPGKSL,32.43,971.5439,9,1.7,486.7801,51.67,,8,F8:10626,F120180713_KP_THP1_w632_P10.raw,3,,O15121|DEGS1_HUMAN,,,PEAKS DB,2,FPNIPGKSL,False,75100000.0,3.0,N
IPNEIIHAL,0.249,SB,,2816,IPNEIIHAL,31.4,1018.5811,9,1.7,510.2987,60.05,,3,F3:11797,F120180713_KP_THP1_w632_P3.raw,1,,P52272|HNRPM_HUMAN,,,PEAKS DB,2,IPNEIIHAL,False,4750000.0,1.0,N
YLEQKVVEL,0.250,SB,,4256,YLEQKVVEL,22.42,1119.6176,9,1.2,560.8167,62.21,537000.0,121,F121:13146,F120180713_KP_THP1_BB72_P10new.raw,1,1.0,Q9HAI6|CX021_HUMAN,,,PEAKS DB,2,YLEQKVVEL,False,,,N
ATVAPREAM,0.250,SB,,1587,ATVAPREAM,16.38,960.4698,9,-0.2,481.2421,22.86,,6,F6:3723,F120180713_KP_THP1_w632_P6.raw,1,,,Oxidation (M),M9:Oxidation (M):1000.00,PEAKS DB,2,ATVAPREAM(+15.99),False,3990000.0,1.0,N
YGVTVFKAL,0.250,SB,,3493,YGVTVFKAL,34.51,996.5644,9,0.6,499.2898,62.48,,2,F2:9881,F120180713_KP_THP1_w632_P2.raw,1,,Q32P28|P3H1_HUMAN,,,PEAKS DB,2,YGVTVFKAL,False,7570000.0,1.0,N
YIDLGREL,0.250,SB,,1033,YIDLGREL,15.6,977.5182,8,0.2,489.7665,58.25,,1,F1:12829,F120180713_KP_THP1_w632_P1.raw,1,,Q9UJF2|NGAP_HUMAN:Q5VWQ8|DAB2P_HUMAN,,,PEAKS DB,2,YIDLGREL,False,562000.0,1.0,N
RVSDINFTL,0.250,SB,,3046,RVSDINFTL,33.22,1063.5662,9,0.8,1064.5743,63.02,318000000.0,29,F29:13638,F120180713_KP_THP1_BB72_P2.raw,2,2.0,Q5H9R7|PP6R3_HUMAN,,,PEAKS DB,1,RVSDINFTL,False,,,N
TIDTSRVSL,0.251,SB,,4471,TIDTSRVSL,23.72,990.5345,9,0.7,496.2749,43.91,,9,F9:9780,F120180713_KP_THP1_w632_P8.raw,1,,Q9BRR6|ADPGK_HUMAN,,,PEAKS DB,2,TIDTSRVSL,False,7110000.0,1.0,N
FSSPEIKLTL,0.251,SB,,330,FSSPEIKLTL,15.97,1133.6332,10,1.1,567.8245,75.56,3170000.0,28,F28:20060,F120180713_KP_THP1_BB72_P1.raw,1,1.0,,,,PEAKS DB,2,FSSPEIKLTL,False,,,N
FPSPIRLEF,0.251,SB,,2550,FPSPIRLEF,23.55,1104.5967,9,0.8,553.306,78.97,,9,F9:20454,F120180713_KP_THP1_w632_P8.raw,1,,P28340|DPOD1_HUMAN,,,PEAKS DB,2,FPSPIRLEF,False,8770000.0,1.0,N
YPFENKREF,0.253,SB,,2674,YPFENKREF,31.21,1228.5876,9,1.1,410.537,38.38,,10,F10:7176,F120180713_KP_THP1_w632_P9.raw,2,,P41252|SYIC_HUMAN,,,PEAKS DB,3,YPFENKREF,False,7570000.0,2.0,N
STVAPGSGL,0.254,SB,,3745,STVAPGSGL,20.71,787.4076,9,-0.3,394.711,41.1,,6,F6:10433,F120180713_KP_THP1_w632_P6.raw,1,,Q71SY5|MED25_HUMAN,,,PEAKS DB,2,STVAPGSGL,False,523000.0,1.0,N
YIDDVFMGL,0.255,SB,,4116,YIDDVFMGL,24.05,1087.4896,9,0.5,1088.4974,97.45,3270000.0,121,F121:26903,F120180713_KP_THP1_BB72_P10new.raw,1,1.0,Q9BYG0|B3GN5_HUMAN,Oxidation (M),M7:Oxidation (M):1000.00,PEAKS DB,1,YIDDVFM(+15.99)GL,False,,,N
ILDEPTNHL,0.255,SB,,4382,ILDEPTNHL,23.96,1050.5345,9,0.4,526.2748,50.87,2880000.0,122,F122:7293,F120180713_KP_THP1_BB72_P8.raw,2,2.0,Q9NUQ8|ABCF3_HUMAN,,,PEAKS DB,2,ILDEPTNHL,True,,,N
HLLDQIQTL,0.255,SB,,2999,HLLDQIQTL,28.16,1079.5975,9,1.1,540.8066,65.95,3530000.0,28,F28:16413,F120180713_KP_THP1_BB72_P1.raw,1,1.0,Q3V6T2|GRDN_HUMAN,,,PEAKS DB,2,HLLDQIQTL,False,,,N
VAHDGSATY,0.255,SB,,5107,VAHDGSATY,13.74,919.4036,9,-0.6,460.7088,21.3,,4,F4:3212,F120180713_KP_THP1_w632_P4.raw,1,,Q9Y547|IFT25_HUMAN,,,PEAKS DB,2,VAHDGSATY,False,170000.0,1.0,N
YMIAHITGL,0.256,SB,,1483,YMIAHITGL,31.83,1033.5266,9,0.9,517.7711,56.7,1760000.0,28,F28:12897,F120180713_KP_THP1_BB72_P1.raw,1,1.0,P04818|TYSY_HUMAN,Oxidation (M),M2:Oxidation (M):1000.00,PEAKS DB,2,YM(+15.99)IAHITGL,False,,,N
NASPVISSV,0.256,SB,,4404,NASPVISSV,32.36,872.4603,9,0.7,873.4682,48.58,,7,F7:12140,F120180713_KP_THP1_w632_P7.raw,2,,Q96T58|MINT_HUMAN,,,PEAKS DB,1,NASPVISSV,False,19800000.0,2.0,N
TLDEATPTL,0.256,SB,,2927,TLDEATPTL,25.29,959.4811,9,1.1,960.4895,63.14,7100000.0,122,F122:10221,F120180713_KP_THP1_BB72_P8.raw,3,3.0,Q15750|TAB1_HUMAN,,,PEAKS DB,1,TLDEATPTL,False,,,N
FGHYQQAEL,0.256,SB,,1125,FGHYQQAEL,16.2,1091.5035,9,1.4,546.7598,39.2,,9,F9:7956,F120180713_KP_THP1_w632_P8.raw,1,,,,,PEAKS DB,2,FGHYQQAEL,False,3580000.0,1.0,N
SMYDKVLML,0.257,SB,,4821,SMYDKVLML,15.45,1114.5403,9,0.2,558.2775,83.2,1960000.0,32,F32:16702,F120180713_KP_THP1_BB72_P5.raw,1,1.0,Q9Y5Q8|TF3C5_HUMAN,Oxidation (M),M8:Oxidation (M):69.64,PEAKS DB,2,SMYDKVLM(+15.99)L,False,,,N
MAIAPNVTVM,0.257,SB,,5718,MAIAPNVTVM,16.46,1077.5199,10,0.7,539.7676,52.45,,1,F1:10598,F120180713_KP_THP1_w632_P1.raw,1,,Q9Y2X3|NOP58_HUMAN,Oxidation (M),M1:Oxidation (M):1000.00;M10:Oxidation (M):1000.00,PEAKS DB,2,M(+15.99)AIAPNVTVM(+15.99),False,577000.0,1.0,N
FVLPELPSV,0.259,SB,,2254,FVLPELPSV,27.87,999.564,9,2.1,1000.5734,108.97,30600000.0,123,F123:23242,F120180713_KP_THP1_BB72_P9new.raw,1,1.0,P53990|IST1_HUMAN,,,PEAKS DB,1,FVLPELPSV,False,,,N
IMNDIPIRL,0.260,SB,,4209,IMNDIPIRL,17.31,1083.6111,9,1.6,542.8137,91.13,477000.0,31,F31:16776,F120180713_KP_THP1_BB72_P4.raw,1,1.0,Q9H4Z3|PCIF1_HUMAN,,,PEAKS DB,2,IMNDIPIRL,False,,,N
LAHLSPEL,0.260,SB,,514,LAHLSPEL,16.74,878.4861,8,0.2,440.2505,45.83,,8,F8:8342,F120180713_KP_THP1_w632_P10.raw,1,,O60312|AT10A_HUMAN,,,PEAKS DB,2,LAHLSPEL,False,668000.0,1.0,N
FINPKPITY,0.260,SB,,1884,FINPKPITY,31.95,1091.6014,9,2.9,546.8096,49.03,,10,F10:11354,F120180713_KP_THP1_w632_P9.raw,1,,O15121|DEGS1_HUMAN,,,PEAKS DB,2,FINPKPITY,False,318000.0,1.0,N
SLFERLVVL,0.260,SB,,3744,SLFERLVVL,24.33,1074.6437,9,0.2,538.3292,84.19,50700000.0,28,F28:23390,F120180713_KP_THP1_BB72_P1.raw,1,1.0,Q92900|RENT1_HUMAN,,,PEAKS DB,2,SLFERLVVL,False,,,N
ALFQHITAL,0.261,SB,,4453,ALFQHITAL,31.45,1012.5706,9,0.9,507.293,97.16,6090000.0,31,F31:19061,F120180713_KP_THP1_BB72_P4.raw,1,1.0,Q9P055|JKAMP_HUMAN,,,PEAKS DB,2,ALFQHITAL,False,,,N
HAVEGFAL,0.261,SB,,799,HAVEGFAL,16.08,842.4286,8,0.1,422.2216,49.78,,1,F1:9612,F120180713_KP_THP1_w632_P1.raw,1,,Q5TBA9|FRY_HUMAN,,,PEAKS DB,2,HAVEGFAL,False,133000.0,1.0,N
FAGHSGDVM,0.261,SB,,2950,FAGHSGDVM,24.18,935.3807,9,0.6,468.6979,21.96,,6,F6:3367,F120180713_KP_THP1_w632_P6.raw,1,,P62879|GBB2_HUMAN,Oxidation (M),M9:Oxidation (M):1000.00,PEAKS DB,2,FAGHSGDVM(+15.99),False,1040000.0,1.0,N
FLGDSIMQL,0.262,SB,,4345,FLGDSIMQL,14.54,1038.5056,9,0.7,520.2604,84.58,2250000.0,44,F44:18244,F120180713_KP_THP1_BB72_P7.raw,1,1.0,Q9NRR4|RNC_HUMAN,Oxidation (M),M7:Oxidation (M):1000.00,PEAKS DB,2,FLGDSIM(+15.99)QL,False,,,N
YAKDGRVSY,0.262,SB,,1683,YAKDGRVSY,15.22,1057.5192,9,-0.5,529.7666,22.55,,5,F5:3817,F120180713_KP_THP1_w632_P5.raw,1,,,,,PEAKS DB,2,YAKDGRVSY,False,447000.0,1.0,N
MGRDPGVSF,0.263,SB,,2154,MGRDPGVSF,23.51,980.4385,9,1.2,491.2271,36.08,,9,F9:6765,F120180713_KP_THP1_w632_P8.raw,2,,O95229|ZWINT_HUMAN,Oxidation (M),M1:Oxidation (M):1000.00,PEAKS DB,2,M(+15.99)GRDPGVSF,False,33900000.0,2.0,N
MLAKHVITL,0.263,SB,,1938,MLAKHVITL,25.97,1040.6052,9,1.0,521.3104,33.98,3490000.0,28,F28:4842,F120180713_KP_THP1_BB72_P1.raw,2,2.0,P33992|MCM5_HUMAN,Oxidation (M),M1:Oxidation (M):1000.00,PEAKS DB,2,M(+15.99)LAKHVITL,False,,,N
ALVDHVAEL,0.264,SB,,36,ALVDHVAEL,27.67,965.5182,9,0.8,966.5262,63.51,48400000.0,121,F121:13667,F120180713_KP_THP1_BB72_P10new.raw,2,2.0,B0I1T2|MYO1G_HUMAN,,,PEAKS DB,1,ALVDHVAEL,False,,,N
NPFPHSHTF,0.264,SB,,4929,NPFPHSHTF,31.15,1082.4934,9,1.6,542.2548,31.34,,10,F10:4629,F120180713_KP_THP1_w632_P9.raw,1,,Q9UKA4|AKA11_HUMAN,,,PEAKS DB,2,NPFPHSHTF,False,4080000.0,1.0,N
FGDVTAHLL,0.264,SB,,3263,FGDVTAHLL,26.87,971.5076,9,0.6,486.7614,61.98,,3,F3:12522,F120180713_KP_THP1_w632_P3.raw,1,,Q14146|URB2_HUMAN,,,PEAKS DB,2,FGDVTAHLL,False,2520000.0,1.0,N
FLQPELVKL,0.265,SB,,2842,FLQPELVKL,30.51,1085.6484,9,1.7,543.8324,91.88,62500000.0,31,F31:17040,F120180713_KP_THP1_BB72_P4.raw,2,2.0,Q14997|PSME4_HUMAN,,,PEAKS DB,2,FLQPELVKL,False,,,N
SLMEKNQSL,0.265,SB,,1357,SLMEKNQSL,27.86,1064.5172,9,0.2,533.266,31.88,4490000.0,44,F44:4250,F120180713_KP_THP1_BB72_P7.raw,1,1.0,O95239|KIF4A_HUMAN:Q2VIQ3|KIF4B_HUMAN,Oxidation (M),M3:Oxidation (M):1000.00,PEAKS DB,2,SLM(+15.99)EKNQSL,False,,,N
TLSDIVVTL,0.265,SB,,478,TLSDIVVTL,18.3,959.5539,9,0.3,480.7844,97.04,19900000.0,32,F32:20523,F120180713_KP_THP1_BB72_P5.raw,3,3.0,,,,PEAKS DB,2,TLSDIVVTL,False,,,N
VLIPKLPQL,0.265,SB,,3506,VLIPKLPQL,16.74,1019.6743,9,-0.1,510.8444,90.34,2060000.0,43,F43:17803,F120180713_KP_THP1_BB72_P6.raw,1,1.0,Q8N138|ORML3_HUMAN,,,PEAKS DB,2,VLIPKLPQL,False,,,N
TIMDLQTQL,0.265,SB,,3433,TIMDLQTQL,24.7,1077.5376,9,-1.4,539.7753,64.79,3290000.0,29,F29:14338,F120180713_KP_THP1_BB72_P2.raw,2,2.0,Q8IUD2|RB6I2_HUMAN,Oxidation (M),M3:Oxidation (M):1000.00,PEAKS DB,2,TIM(+15.99)DLQTQL,False,,,N
SLMSHAIEL,0.265,SB,,4691,SLMSHAIEL,25.12,999.5059,9,0.3,500.7604,109.85,4220000.0,30,F30:21475,F120180713_KP_THP1_BB72_P3.raw,1,1.0,Q9Y263|PLAP_HUMAN,,,PEAKS DB,2,SLMSHAIEL,False,,,N
SLLPTTNEL,0.266,SB,,462,SLLPTTNEL,15.1,986.5284,9,0.7,987.5364,73.56,52800000.0,28,F28:19263,F120180713_KP_THP1_BB72_P1.raw,1,1.0,,,,PEAKS DB,1,SLLPTTNEL,False,,,N
AAAHSVVL,0.266,SB,,923,AAAHSVVL,21.09,766.4337,8,-0.2,384.2241,30.34,,7,F7:5589,F120180713_KP_THP1_w632_P7.raw,1,,Q96A65|EXOC4_HUMAN,,,PEAKS DB,2,AAAHSVVL,False,1170000.0,1.0,N
FVSPPPPTA,0.267,SB,,3368,FVSPPPPTA,32.38,911.4752,9,0.1,912.4825,52.5,23600000.0,43,F43:10478,F120180713_KP_THP1_BB72_P6.raw,4,4.0,Q7Z5L9|I2BP2_HUMAN,,,PEAKS DB,1,FVSPPPPTA,False,,,N
VVMGTVPRL,0.267,SB,,1209,VVMGTVPRL,17.08,986.5583,9,0.6,494.2867,40.96,790000.0,28,F28:6894,F120180713_KP_THP1_BB72_P1.raw,1,1.0,O60610|DIAP1_HUMAN,Oxidation (M),M3:Oxidation (M):1000.00,PEAKS DB,2,VVM(+15.99)GTVPRL,False,,,N
FLYAGHIFL,0.268,SB,,3630,FLYAGHIFL,28.36,1079.5803,9,1.0,540.798,78.05,,10,F10:20935,F120180713_KP_THP1_w632_P9.raw,1,,Q66K64|DCA15_HUMAN,,,PEAKS DB,2,FLYAGHIFL,False,4190000.0,1.0,N
QAVEPSAQAL,0.268,SB,,5459,QAVEPSAQAL,27.28,1012.5189,10,-0.6,507.2664,45.9,,6,F6:12258,F120180713_KP_THP1_w632_P6.raw,1,,Q03468|ERCC6_HUMAN,,,PEAKS DB,2,QAVEPSAQAL,False,215000.0,1.0,N
AVYDVPPSV,0.270,SB,,2289,AVYDVPPSV,17.61,945.4807,9,2.1,946.49,68.26,209000.0,121,F121:15561,F120180713_KP_THP1_BB72_P10new.raw,1,1.0,P56945|BCAR1_HUMAN,,,PEAKS DB,1,AVYDVPPSV,False,,,N
KLYDGFQYL,0.272,SB,,4506,KLYDGFQYL,31.28,1145.5757,9,1.4,573.7959,93.69,6610000.0,31,F31:17699,F120180713_KP_THP1_BB72_P4.raw,1,1.0,Q9UBF8|PI4KB_HUMAN,,,PEAKS DB,2,KLYDGFQYL,False,,,N
YQQELEREL,0.273,SB,,2470,YQQELEREL,18.22,1206.588,9,1.5,604.3022,42.15,,9,F9:9094,F120180713_KP_THP1_w632_P8.raw,1,,P18859|ATP5J_HUMAN,,,PEAKS DB,2,YQQELEREL,False,422000.0,1.0,N
FLAPLLAKL,0.274,SB,,3108,FLAPLLAKL,31.53,984.6371,9,1.0,493.3264,81.41,1120000.0,29,F29:20588,F120180713_KP_THP1_BB72_P2.raw,1,1.0,Q5TF39|MFS4B_HUMAN,,,PEAKS DB,2,FLAPLLAKL,False,,,N
YAAQQAASY,0.274,SB,,4347,YAAQQAASY,24.43,971.4348,9,0.2,486.7248,34.48,,5,F5:7923,F120180713_KP_THP1_w632_P5.raw,1,,Q96PK6|RBM14_HUMAN,,,PEAKS DB,2,YAAQQAASY,False,510000.0,1.0,N
YLLQSVNQL,0.274,SB,,18,YLLQSVNQL,25.37,1076.5865,9,0.8,539.3009999999998,75.85,2680000.0,29,F29:18382,F120180713_KP_THP1_BB72_P2.raw,1,1.0,A6NHR9|SMHD1_HUMAN,,,PEAKS DB,2,YLLQSVNQL,False,,,N
YLTAEILEL,0.274,SB,,4013,YLTAEILEL,24.53,1063.5801,9,1.5,1064.589,109.41,65900000.0,123,F123:23417,F120180713_KP_THP1_BB72_P9new.raw,3,3.0,Q99878|H2A1J_HUMAN:Q96KK5|H2A1H_HUMAN:P20671|H2A1D_HUMAN:P0C0S8|H2A1_HUMAN:P04908|H2A1B_HUMAN:Q16777|H2A2C_HUMAN:Q9BTM1|H2AJ_HUMAN:Q6FI13|H2A2A_HUMAN:Q93077|H2A1C_HUMAN:Q7L7L0|H2A3_HUMAN:P16104|H2AX_HUMAN:Q8IUE6|H2A2B_HUMAN:O75367|H2AY_HUMAN,,,PEAKS DB,1,YLTAEILEL,False,,,N
FGADARALM,0.274,SB,,2351,FGADARALM,24.33,950.4644,9,2.2,476.2405,51.7,,8,F8:10636,F120180713_KP_THP1_w632_P10.raw,1,,P10809|CH60_HUMAN,,,PEAKS DB,2,FGADARALM,False,495000.0,1.0,N
FPNENQVVF,0.274,SB,,4479,FPNENQVVF,27.72,1092.5239,9,1.4,1093.5327,74.04,,1,F1:18728,F120180713_KP_THP1_w632_P1.raw,4,,Q9BS26|ERP44_HUMAN,,,PEAKS DB,1,FPNENQVVF,False,45000000.0,4.0,N
FVAAAGPSV,0.275,SB,,2821,FVAAAGPSV,27.06,817.4333,9,0.7,818.4412,49.52,,7,F7:12514,F120180713_KP_THP1_w632_P7.raw,1,,P52594|AGFG1_HUMAN,,,PEAKS DB,1,FVAAAGPSV,False,1220000.0,1.0,N
MAPKPGPYV,0.275,SB,,2519,MAPKPGPYV,34.31,974.4895,9,0.3,488.2522,39.24,1730000.0,44,F44:5877,F120180713_KP_THP1_BB72_P7.raw,1,1.0,Q01518|CAP1_HUMAN,Oxidation (M),M1:Oxidation (M):1000.00,PEAKS DB,2,M(+15.99)APKPGPYV,False,,,N
TVYMGKVTF,0.275,SB,,3281,TVYMGKVTF,13.35,1060.5264,9,0.8,531.2709,43.86,,1,F1:7411,F120180713_KP_THP1_w632_P1.raw,1,,Q14203|DCTN1_HUMAN,Oxidation (M),M4:Oxidation (M):1000.00,PEAKS DB,2,TVYM(+15.99)GKVTF,False,403000.0,1.0,N
LAVDPNRAVPL,0.277,SB,,5920,LAVDPNRAVPL,25.02,1163.6663,11,0.7,582.8408,56.02,,8,F8:12299,F120180713_KP_THP1_w632_P10.raw,1,,Q9Y3C1|NOP16_HUMAN,,,PEAKS DB,2,LAVDPNRAVPL,False,1960000.0,1.0,N
KSKNPGEAL,0.277,SB,,1809,KSKNPGEAL,27.87,942.5134,9,0.6,472.2643,20.21,,5,F5:2897,F120180713_KP_THP1_w632_P5.raw,1,,O00329|PK3CD_HUMAN,,,PEAKS DB,2,KSKNPGEAL,False,6550000.0,1.0,N
YANLHSKEY,0.277,SB,,2205,YANLHSKEY,35.43,1123.5298,9,0.3,562.7723,23.89,,6,F6:4128,F120180713_KP_THP1_w632_P6.raw,1,,O95749|GGPPS_HUMAN,,,PEAKS DB,2,YANLHSKEY,False,753000.0,1.0,N
AATGVVLDL,0.278,SB,,1629,AATGVVLDL,19.31,857.4858,9,1.6,858.4944,76.46,,3,F3:17478,F120180713_KP_THP1_w632_P3.raw,1,,,,,PEAKS DB,1,AATGVVLDL,False,23800000.0,1.0,N
ITDPPRSVY,0.278,SB,,791,ITDPPRSVY,14.12,1046.5397,9,-0.3,524.2769999999998,65.43,301000.0,121,F121:14435,F120180713_KP_THP1_BB72_P10new.raw,1,1.0,,,,PEAKS DB,2,ITDPPRSVY,False,,,N
GVMESVIAL,0.278,SB,,4194,GVMESVIAL,22.05,933.4841,9,0.8,467.7497,80.18,23300000.0,31,F31:13876,F120180713_KP_THP1_BB72_P4.raw,5,5.0,Q9H3U1|UN45A_HUMAN,Oxidation (M),M3:Oxidation (M):1000.00,PEAKS DB,2,GVM(+15.99)ESVIAL,False,,,N
FLHESLILL,0.279,SB,,446,FLHESLILL,18.19,1083.6328,9,0.1,542.8237,94.23,3350000.0,121,F121:25628,F120180713_KP_THP1_BB72_P10new.raw,1,1.0,,,,PEAKS DB,2,FLHESLILL,False,,,N
AALPNVYEV,0.279,SB,,1933,AALPNVYEV,24.45,974.5073,9,1.4,975.5159,75.65,84000000.0,121,F121:18517,F120180713_KP_THP1_BB72_P10new.raw,1,1.0,P33992|MCM5_HUMAN,,,PEAKS DB,1,AALPNVYEV,False,,,N
AVMNYLPTL,0.279,SB,,145,AVMNYLPTL,18.36,1036.5264,9,0.3,1037.5339,85.17,6000000.0,32,F32:17151,F120180713_KP_THP1_BB72_P5.raw,1,1.0,,Oxidation (M),M3:Oxidation (M):1000.00,PEAKS DB,1,AVM(+15.99)NYLPTL,False,,,N
VIDGEFKEL,0.279,SB,,3180,VIDGEFKEL,18.43,1048.5441,9,1.5,525.2801,53.0,,8,F8:11147,F120180713_KP_THP1_w632_P10.raw,1,,Q13162|PRDX4_HUMAN,,,PEAKS DB,2,VIDGEFKEL,False,927000.0,1.0,N
AVIEHLERL,0.280,SB,,1145,AVIEHLERL,23.45,1078.6134,9,0.4,540.3142,56.38,3370000.0,121,F121:10821,F120180713_KP_THP1_BB72_P10new.raw,1,1.0,O43716|GATC_HUMAN,,,PEAKS DB,2,AVIEHLERL,False,,,N
YLTAEVLEL,0.280,SB,,3308,YLTAEVLEL,21.73,1049.5645,9,0.1,525.7896,98.26,22700000.0,43,F43:19813,F120180713_KP_THP1_BB72_P6.raw,2,2.0,Q71UI9|H2AV_HUMAN:P0C0S5|H2AZ_HUMAN,,,PEAKS DB,2,YLTAEVLEL,False,,,N
SLFDAVYSL,0.280,SB,,4529,SLFDAVYSL,24.73,1013.507,9,0.4,1014.5146,110.09,2460000.0,121,F121:31934,F120180713_KP_THP1_BB72_P10new.raw,1,1.0,Q9UGJ0|AAKG2_HUMAN,,,PEAKS DB,1,SLFDAVYSL,False,,,N
LVEPLKVSM,0.281,SB,,539,LVEPLKVSM,15.48,1030.5732,9,1.5,516.2947,44.01,256000.0,28,F28:8021,F120180713_KP_THP1_BB72_P1.raw,1,1.0,,Oxidation (M),M9:Oxidation (M):1000.00,PEAKS DB,2,LVEPLKVSM(+15.99),False,,,N
SLISNPPAM,0.281,SB,,2276,SLISNPPAM,25.48,944.4637,9,1.1,473.2397,51.13,1190000.0,121,F121:8749,F120180713_KP_THP1_BB72_P10new.raw,2,2.0,P55160|NCKPL_HUMAN,Oxidation (M),M9:Oxidation (M):1000.00,PEAKS DB,2,SLISNPPAM(+15.99),False,,,N
TVQGLVTSL,0.281,SB,,1528,TVQGLVTSL,13.93,917.507,9,1.4,918.5156,77.14,,3,F3:17740,F120180713_KP_THP1_w632_P3.raw,1,,,Deamidation (NQ),Q3:Deamidation (NQ):1000.00,PEAKS DB,1,TVQ(+.98)GLVTSL,False,35400000.0,1.0,N
SIAAATSAL,0.281,SB,,5078,SIAAATSAL,14.86,803.4388,9,1.4,804.4472,51.24,,9,F9:12575,F120180713_KP_THP1_w632_P8.raw,1,,Q9Y490|TLN1_HUMAN,,,PEAKS DB,1,SIAAATSAL,False,11100000.0,1.0,N
SANPANPAIL,0.281,SB,,5284,SANPANPAIL,17.44,966.5134,10,1.0,484.2645,55.21,,9,F9:14144,F120180713_KP_THP1_w632_P8.raw,1,,O00560|SDCB1_HUMAN,,,PEAKS DB,2,SANPANPAIL,False,715000.0,1.0,N
SISPVRLPL,0.282,SB,,4828,SISPVRLPL,12.89,980.6018,9,0.0,491.3082,63.72,,2,F2:10188,F120180713_KP_THP1_w632_P2.raw,1,,Q9NYV4|CDK12_HUMAN,,,PEAKS DB,2,SISPVRLPL,False,162000.0,1.0,N
FPYSYEVAL,0.282,SB,,3518,FPYSYEVAL,19.91,1087.5226,9,0.0,544.7686,85.63,,4,F4:15567,F120180713_KP_THP1_w632_P4.raw,1,,Q53EP0|FND3B_HUMAN,,,PEAKS DB,2,FPYSYEVAL,False,479000.0,1.0,N
DAYELKHAL,0.283,SB,,1577,DAYELKHAL,16.45,1058.5397,9,1.0,530.2776,37.77,,9,F9:7390,F120180713_KP_THP1_w632_P8.raw,1,,,,,PEAKS DB,2,DAYELKHAL,False,706000.0,1.0,N
AAYGAQPSATL,0.284,SB,,5890,AAYGAQPSATL,32.76,1048.5189,11,-0.1,525.2667,48.03,,7,F7:11923,F120180713_KP_THP1_w632_P7.raw,1,,Q96PK6|RBM14_HUMAN,,,PEAKS DB,2,AAYGAQPSATL,False,1570000.0,1.0,N
FQESSVKEL,0.284,SB,,4902,FQESSVKEL,23.18,1065.5342,9,0.8,533.7748,37.37,,9,F9:7235,F120180713_KP_THP1_w632_P8.raw,1,,Q9UH99|SUN2_HUMAN,,,PEAKS DB,2,FQESSVKEL,False,2870000.0,1.0,N
HLFNVAHTL,0.284,SB,,1874,HLFNVAHTL,33.18,1050.561,9,1.6,526.2886,42.87,1490000.0,28,F28:7596,F120180713_KP_THP1_BB72_P1.raw,1,1.0,P27708|PYR1_HUMAN,,,PEAKS DB,2,HLFNVAHTL,False,,,N
LATASSPKF,0.284,SB,,3252,LATASSPKF,28.38,920.4967,9,-0.2,461.2555,33.89,,7,F7:6929,F120180713_KP_THP1_w632_P7.raw,1,,Q14008|CKAP5_HUMAN,,,PEAKS DB,2,LATASSPKF,False,3930000.0,1.0,N
FPNPVRTVF,0.285,SB,,3466,FPNPVRTVF,19.92,1075.5814,9,1.1,538.7986,62.8,,2,F2:9978,F120180713_KP_THP1_w632_P2.raw,1,,Q16678|CP1B1_HUMAN,,,PEAKS DB,2,FPNPVRTVF,False,695000.0,1.0,N
FSGKSTEL,0.285,SB,,552,FSGKSTEL,22.37,867.4338,8,0.4,434.7243,28.0,,6,F6:5755,F120180713_KP_THP1_w632_P6.raw,1,,P04183|KITH_HUMAN,,,PEAKS DB,2,FSGKSTEL,False,1690000.0,1.0,N
RLSPVSPAL,0.285,SB,,1996,RLSPVSPAL,13.59,938.5549,9,-0.1,470.2847,44.44,,10,F10:9543,F120180713_KP_THP1_w632_P9.raw,1,,O60294|TYW4_HUMAN,,,PEAKS DB,2,RLSPVSPAL,False,362000.0,1.0,N
FMSDHYLEV,0.285,SB,,1319,FMSDHYLEV,16.91,1155.4906,9,1.0,578.7532,51.3,2370000.0,28,F28:10783,F120180713_KP_THP1_BB72_P1.raw,1,1.0,O94819|KBTBB_HUMAN,Oxidation (M),M2:Oxidation (M):1000.00,PEAKS DB,2,FM(+15.99)SDHYLEV,False,,,N
GVMDVNTAL,0.286,SB,,1840,GVMDVNTAL,24.4,934.443,9,2.4,468.2299,54.1,380000.0,121,F121:9904,F120180713_KP_THP1_BB72_P10new.raw,1,1.0,P25398|RS12_HUMAN,Oxidation (M),M3:Oxidation (M):1000.00,PEAKS DB,2,GVM(+15.99)DVNTAL,False,,,N
ASISHFMQF,0.286,SB,,1081,ASISHFMQF,18.64,1082.4855,9,0.1,542.2501,46.71,,4,F4:8511,F120180713_KP_THP1_w632_P4.raw,1,,A5YKK6|CNOT1_HUMAN,Oxidation (M),M7:Oxidation (M):1000.00,PEAKS DB,2,ASISHFM(+15.99)QF,False,307000.0,1.0,N
ISDNAAKIL,0.286,SB,,3194,ISDNAAKIL,21.36,943.5338,9,1.7,472.775,41.03,,10,F10:8199,F120180713_KP_THP1_w632_P9.raw,1,,Q13362|2A5G_HUMAN,,,PEAKS DB,2,ISDNAAKIL,False,696000.0,1.0,N
TLYDIRAEL,0.287,SB,,3318,TLYDIRAEL,24.55,1092.5815,9,1.0,547.2986,66.86,5880000.0,29,F29:15141,F120180713_KP_THP1_BB72_P2.raw,1,1.0,Q7KZ85|SPT6H_HUMAN,,,PEAKS DB,2,TLYDIRAEL,False,,,N
KIIGFGSAL,0.287,SB,,1486,KIIGFGSAL,13.13,904.5381,9,0.2,453.2764,58.41,,3,F3:11194,F120180713_KP_THP1_w632_P3.raw,1,,,,,PEAKS DB,2,KIIGFGSAL,True,153000.0,1.0,N
IVPPGGHSV,0.288,SB,,2808,IVPPGGHSV,23.36,861.4708,9,0.5,431.7429,37.74,1230000.0,32,F32:6689,F120180713_KP_THP1_BB72_P5.raw,2,2.0,Q14687|GSE1_HUMAN,,,PEAKS DB,2,IVPPGGHSV,False,,,N
VLIDVLKEL,0.288,SB,,8,VLIDVLKEL,21.97,1040.6481,9,1.1,521.3319,96.16,11300000.0,121,F121:26401,F120180713_KP_THP1_BB72_P10new.raw,2,2.0,A5YKK6|CNOT1_HUMAN,,,PEAKS DB,2,VLIDVLKEL,False,,,N
LMQYPGRSL,0.288,SB,,4565,LMQYPGRSL,15.37,1079.5433,9,2.8,540.7805,34.76,,10,F10:5802,F120180713_KP_THP1_w632_P9.raw,1,,Q9GZR7|DDX24_HUMAN,Oxidation (M),M2:Oxidation (M):1000.00,PEAKS DB,2,LM(+15.99)QYPGRSL,False,257000.0,1.0,N
FLQENKQLL,0.288,SB,,2063,FLQENKQLL,27.75,1131.6288,9,0.7,566.8221,59.85,5320000.0,121,F121:12202,F120180713_KP_THP1_BB72_P10new.raw,1,1.0,P43353|AL3B1_HUMAN,,,PEAKS DB,2,FLQENKQLL,False,,,N
SLLDGVVTM,0.289,SB,,4032,SLLDGVVTM,17.05,949.479,9,1.3,950.4875,82.69,3760000.0,31,F31:14577,F120180713_KP_THP1_BB72_P4.raw,1,1.0,Q99996|AKAP9_HUMAN,Oxidation (M),M9:Oxidation (M):1000.00,PEAKS DB,1,SLLDGVVTM(+15.99),False,,,N
FLSSVIQNL,0.289,SB,,3960,FLSSVIQNL,19.32,1019.5651,9,0.2,510.7899,95.88,3070000.0,32,F32:20100,F120180713_KP_THP1_BB72_P5.raw,1,1.0,Q99460|PSMD1_HUMAN,,,PEAKS DB,2,FLSSVIQNL,False,,,N
YLLLKTHQL,0.289,SB,,3061,YLLLKTHQL,32.12,1127.6703,9,1.2,564.8431,42.25,8560000.0,28,F28:7365,F120180713_KP_THP1_BB72_P1.raw,1,1.0,Q5JVF3|PCID2_HUMAN,,,PEAKS DB,2,YLLLKTHQL,False,,,N
YLSAVRATL,0.289,SB,,2300,YLSAVRATL,20.3,992.5654,9,1.0,497.2905,58.76,4750000.0,121,F121:11770,F120180713_KP_THP1_BB72_P10new.raw,1,1.0,P59998|ARPC4_HUMAN,,,PEAKS DB,2,YLSAVRATL,False,,,N
VMMEEFVQL,0.289,SB,,1180,VMMEEFVQL,26.57,1156.5144,9,-0.1,579.2644,77.26,2560000.0,43,F43:15333,F120180713_KP_THP1_BB72_P6.raw,2,2.0,O60287|NPA1P_HUMAN,Oxidation (M),M2:Oxidation (M):1000.00;M3:Oxidation (M):1000.00,PEAKS DB,2,VM(+15.99)M(+15.99)EEFVQL,False,,,N
ALFEEVPEL,0.290,SB,,1915,ALFEEVPEL,22.42,1045.5331,9,0.4,523.774,97.99,4150000.0,43,F43:19709,F120180713_KP_THP1_BB72_P6.raw,2,2.0,P31939|PUR9_HUMAN,,,PEAKS DB,2,ALFEEVPEL,False,,,N
TAMPKLLSY,0.290,SB,,3457,TAMPKLLSY,14.13,1022.5471,9,0.8,512.2812,59.0,,3,F3:11406,F120180713_KP_THP1_w632_P3.raw,1,,Q16533|SNPC1_HUMAN,,,PEAKS DB,2,TAMPKLLSY,False,748000.0,1.0,N
GVIDAYMTL,0.290,SB,,2994,GVIDAYMTL,24.12,997.479,9,0.4,998.4866,74.07,,4,F4:13245,F120180713_KP_THP1_w632_P4.raw,1,,P78527|PRKDC_HUMAN,Oxidation (M),M7:Oxidation (M):1000.00,PEAKS DB,1,GVIDAYM(+15.99)TL,False,19100000.0,1.0,N
LANGLDNKL,0.290,SB,,2927,LANGLDNKL,18.42,956.5291,9,0.5,479.2721,38.31,,9,F9:7605,F120180713_KP_THP1_w632_P8.raw,1,,P62269|RS18_HUMAN,,,PEAKS DB,2,LANGLDNKL,False,379000.0,1.0,N
LLIENVASL,0.291,SB,,1530,LLIENVASL,20.69,970.5699,9,0.7,486.2925,95.83,765000000.0,31,F31:18529,F120180713_KP_THP1_BB72_P4.raw,5,5.0,P07203|GPX1_HUMAN,,,PEAKS DB,2,LLIENVASL,False,,,N
ATDPTIHTV,0.291,SB,,4226,ATDPTIHTV,24.6,953.4818,9,-1.6,477.7474,37.53,2390000.0,43,F43:5605,F120180713_KP_THP1_BB72_P6.raw,1,1.0,Q9H6U8|ALG9_HUMAN,,,PEAKS DB,2,ATDPTIHTV,False,,,N
TAFPDGRSSF,0.291,SB,,5564,TAFPDGRSSF,16.84,1083.4985,10,0.1,542.7566,44.95,,9,F9:10167,F120180713_KP_THP1_w632_P8.raw,1,,Q8IY34|S15A3_HUMAN,,,PEAKS DB,2,TAFPDGRSSF,False,414000.0,1.0,N
FPMEKLSSF,0.291,SB,,4957,FPMEKLSSF,30.99,1100.5212,9,0.4,551.2681,52.56,,2,F2:7742,F120180713_KP_THP1_w632_P2.raw,1,,Q9ULT8|HECD1_HUMAN,Oxidation (M),M3:Oxidation (M):1000.00,PEAKS DB,2,FPM(+15.99)EKLSSF,False,2680000.0,1.0,N
LAARASLDL,0.292,SB,,3955,LAARASLDL,20.91,928.5341,9,1.5,465.275,45.21,,8,F8:8097,F120180713_KP_THP1_w632_P10.raw,1,,Q8N2A8|PLD6_HUMAN,,,PEAKS DB,2,LAARASLDL,False,405000.0,1.0,N
FAHDDSVMY,0.292,SB,,4983,FAHDDSVMY,27.3,1099.4281,9,1.1,550.7219,35.43,,9,F9:6541,F120180713_KP_THP1_w632_P8.raw,1,,Q9UNX4|WDR3_HUMAN,Oxidation (M),M8:Oxidation (M):1000.00,PEAKS DB,2,FAHDDSVM(+15.99)Y,False,6850000.0,1.0,N
VLYENALKL,0.292,SB,,4824,VLYENALKL,28.81,1061.6121,9,0.8,531.8137,61.79,37200000.0,29,F29:13154,F120180713_KP_THP1_BB72_P2.raw,1,1.0,Q9Y613|FHOD1_HUMAN,,,PEAKS DB,2,VLYENALKL,False,,,N
VVLEEIPKL,0.294,SB,,935,VVLEEIPKL,28.49,1038.6324,9,1.5,520.3243,109.51,4390000.0,30,F30:21341,F120180713_KP_THP1_BB72_P3.raw,1,1.0,O00186|STXB3_HUMAN,,,PEAKS DB,2,VVLEEIPKL,False,,,N
FLENHVRHL,0.294,SB,,3231,FLENHVRHL,24.44,1163.62,9,0.5,388.8808,28.53,,9,F9:4393,F120180713_KP_THP1_w632_P8.raw,1,,Q13617|CUL2_HUMAN,,,PEAKS DB,3,FLENHVRHL,False,575000.0,1.0,N
FLWKEPATM,0.294,SB,,4041,FLWKEPATM,30.0,1137.5529,9,0.2,569.7838,62.39,2410000.0,121,F121:13220,F120180713_KP_THP1_BB72_P10new.raw,1,1.0,Q9BQ70|TCF25_HUMAN,Oxidation (M),M9:Oxidation (M):1000.00,PEAKS DB,2,FLWKEPATM(+15.99),False,,,N
FLEEISPHL,0.294,SB,,3385,FLEEISPHL,28.6,1083.5601,9,0.3,542.7875,68.84,533000.0,29,F29:15869,F120180713_KP_THP1_BB72_P2.raw,1,1.0,Q7Z7M0|MEGF8_HUMAN,,,PEAKS DB,2,FLEEISPHL,False,,,N
TAMPYLTSY,0.295,SB,,5111,TAMPYLTSY,12.78,1045.479,9,0.8,523.7472,73.56,,1,F1:18537,F120180713_KP_THP1_w632_P1.raw,1,,Q9Y5A9|YTHD2_HUMAN,,,PEAKS DB,2,TAMPYLTSY,False,1270000.0,1.0,N
WLAEKLPTL,0.295,SB,,2732,WLAEKLPTL,27.95,1069.6172,9,0.4,535.8161,86.84,9620000.0,32,F32:17554,F120180713_KP_THP1_BB72_P5.raw,1,1.0,Q14008|CKAP5_HUMAN,,,PEAKS DB,2,WLAEKLPTL,False,,,N
VASPPTHAA,0.295,SB,,4541,VASPPTHAA,26.1,849.4344,9,0.9,425.7249,21.02,,4,F4:3124,F120180713_KP_THP1_w632_P4.raw,1,,Q9BYW2|SETD2_HUMAN,,,PEAKS DB,2,VASPPTHAA,False,683000.0,1.0,N
MCNPIITKL,0.295,SB,,2606,MCNPIITKL,18.83,1111.5171,9,-8.0,556.7614,78.78,,3,F3:18355,F120180713_KP_THP1_w632_P3.raw,1,,P34931|HS71L_HUMAN,Phosphorylation (STY),T7:Phosphorylation (STY):1000.00,PEAKS DB,2,MCNPIIT(+79.97)KL,False,1540000.0,1.0,N
FPSGSVHSF,0.295,SB,,1433,FPSGSVHSF,19.46,963.445,9,1.6,482.7305,42.23,,10,F10:8675,F120180713_KP_THP1_w632_P9.raw,1,,,,,PEAKS DB,2,FPSGSVHSF,False,576000.0,1.0,N
RLDDAIHVL,0.295,SB,,1731,RLDDAIHVL,26.09,1050.5822,9,1.5,526.2991,50.82,38900000.0,28,F28:10604,F120180713_KP_THP1_BB72_P1.raw,1,1.0,P15884|ITF2_HUMAN:Q99081|HTF4_HUMAN,,,PEAKS DB,2,RLDDAIHVL,False,,,N
SLIEKPPIL,0.296,SB,,0,SLIEKPPIL,25.54,1008.6219,9,0.6,505.3185,61.85,1240000.0,29,F29:13175,F120180713_KP_THP1_BB72_P2.raw,1,1.0,A0JLT2|MED19_HUMAN,,,PEAKS DB,2,SLIEKPPIL,False,,,N
FLDSTSPLL,0.296,SB,,3134,FLDSTSPLL,25.5,991.5226,9,0.7,992.5305,110.33,131000000.0,30,F30:21664,F120180713_KP_THP1_BB72_P3.raw,3,3.0,Q5VYK3|ECM29_HUMAN,,,PEAKS DB,1,FLDSTSPLL,False,,,N
FITDPVVL,0.296,SB,,584,FITDPVVL,28.2,902.5113,8,-0.1,903.5185,86.97,,4,F4:15962,F120180713_KP_THP1_w632_P4.raw,1,,P12268|IMDH2_HUMAN,,,PEAKS DB,1,FITDPVVL,False,9950000.0,1.0,N
YLQQVNHKL,0.297,SB,,2628,YLQQVNHKL,26.76,1141.6244,9,-0.2,571.8193,42.69,3950000.0,44,F44:6816,F120180713_KP_THP1_BB72_P7.raw,1,1.0,Q12772|SRBP2_HUMAN,,,PEAKS DB,2,YLQQVNHKL,False,,,N
YTSGTFRTV,0.297,SB,,2510,YTSGTFRTV,18.1,1030.5083,9,-0.1,516.2614,34.09,,7,F7:6992,F120180713_KP_THP1_w632_P7.raw,1,,P25205|MCM3_HUMAN,,,PEAKS DB,2,YTSGTFRTV,False,1420000.0,1.0,N
KINEAFIEM,0.298,SB,,2696,KINEAFIEM,21.17,1109.5427,9,-0.1,555.7786,44.21,,3,F3:6700,F120180713_KP_THP1_w632_P3.raw,2,,P43243|MATR3_HUMAN,Oxidation (M),M9:Oxidation (M):1000.00,PEAKS DB,2,KINEAFIEM(+15.99),False,5170000.0,2.0,N
VLLSPVPEL,0.298,SB,,4166,VLLSPVPEL,21.82,965.5797,9,0.4,966.5874,96.52,1590000.0,32,F32:20331,F120180713_KP_THP1_BB72_P5.raw,1,1.0,Q9H1A4|APC1_HUMAN,,,PEAKS DB,1,VLLSPVPEL,False,,,N
FIHQHFVEV,0.298,SB,,1329,FIHQHFVEV,26.8,1154.5873,9,1.6,578.3018,60.99,1690000.0,121,F121:12658,F120180713_KP_THP1_BB72_P10new.raw,2,2.0,O94889|KLH18_HUMAN,,,PEAKS DB,2,FIHQHFVEV,False,,,N
FSIMNSLVI,0.300,SB,,4450,FSIMNSLVI,13.44,1102.5134,9,0.6,1103.5214,63.35,,9,F9:17214,F120180713_KP_THP1_w632_P8.raw,1,,Q99805|TM9S2_HUMAN,Phosphorylation (STY),S2:Phosphorylation (STY):0.00,PEAKS DB,1,FS(+79.97)IMNSLVI,False,452000.0,1.0,N
AGVETSRAL,0.301,SB,,3512,AGVETSRAL,27.84,902.4821,9,0.2,452.2484,27.64,,6,F6:5616,F120180713_KP_THP1_w632_P6.raw,1,,Q4KMP7|TB10B_HUMAN,,,PEAKS DB,2,AGVETSRAL,False,505000.0,1.0,N
IADNHTPKEL,0.301,SB,,5442,IADNHTPKEL,33.28,1136.5825,10,0.3,569.2987,24.94,,6,F6:4545,F120180713_KP_THP1_w632_P6.raw,1,,P63165|SUMO1_HUMAN,,,PEAKS DB,2,IADNHTPKEL,False,4020000.0,1.0,N
YLDEYIARM,0.301,SB,,2165,YLDEYIARM,27.76,1172.5536,9,0.3,587.2842,65.31,1850000.0,29,F29:14539,F120180713_KP_THP1_BB72_P2.raw,1,1.0,P49815|TSC2_HUMAN,,,PEAKS DB,2,YLDEYIARM,False,,,N
VTSEVNRLL,0.301,SB,,2784,VTSEVNRLL,15.92,1029.5818,9,1.2,515.7988,55.3,720000.0,121,F121:10388,F120180713_KP_THP1_BB72_P10new.raw,1,1.0,Q14254|FLOT2_HUMAN,,,PEAKS DB,2,VTSEVNRLL,False,,,N
FIYNDPTL,0.301,SB,,261,FIYNDPTL,13.87,981.4807,8,1.4,982.4893,72.89,,1,F1:18272,F120180713_KP_THP1_w632_P1.raw,1,,,,,PEAKS DB,1,FIYNDPTL,False,1020000.0,1.0,N
AQFEHTILL,0.302,SB,,1543,AQFEHTILL,16.42,1070.576,9,0.8,536.2957,61.03,,2,F2:9538,F120180713_KP_THP1_w632_P2.raw,1,,,,,PEAKS DB,2,AQFEHTILL,False,2510000.0,1.0,N
SLFNGSHYL,0.302,SB,,2259,SLFNGSHYL,27.37,1036.4978,9,0.1,519.2562,57.05,3440000.0,29,F29:11320,F120180713_KP_THP1_BB72_P2.raw,1,1.0,P54277|PMS1_HUMAN,,,PEAKS DB,2,SLFNGSHYL,False,,,N
ILHQEGHSM,0.304,SB,,1940,ILHQEGHSM,16.55,1066.4866,9,0.8,534.251,19.08,,5,F5:2446,F120180713_KP_THP1_w632_P5.raw,1,,O43172|PRP4_HUMAN,Oxidation (M),M9:Oxidation (M):1000.00,PEAKS DB,2,ILHQEGHSM(+15.99),False,383000.0,1.0,N
FVEEEEHFL,0.304,SB,,78,FVEEEEHFL,18.55,1177.5291,9,0.7,589.7722,58.35,1450000.0,28,F28:13541,F120180713_KP_THP1_BB72_P1.raw,1,1.0,,,,PEAKS DB,2,FVEEEEHFL,False,,,N
IADPKTDHRL,0.305,SB,,5713,IADPKTDHRL,28.54,1164.6251,10,0.4,583.3201,22.0,,6,F6:3383,F120180713_KP_THP1_w632_P6.raw,2,,Q9Y224|CN166_HUMAN,,,PEAKS DB,2,IADPKTDHRL,False,2190000.0,2.0,N
SAAPPGLEA,0.305,SB,,3658,SAAPPGLEA,25.15,811.4075,9,0.6,812.4153,42.86,,6,F6:11101,F120180713_KP_THP1_w632_P6.raw,1,,Q6NZ67|MZT2B_HUMAN:Q6P582|MZT2A_HUMAN,,,PEAKS DB,1,SAAPPGLEA,False,14900000.0,1.0,N
KIIEYSVYL,0.305,SB,,2206,KIIEYSVYL,26.02,1126.6273,9,0.7,564.3214,109.89,4660000.0,30,F30:21488,F120180713_KP_THP1_BB72_P3.raw,1,1.0,P51610|HCFC1_HUMAN,,,PEAKS DB,2,KIIEYSVYL,False,,,N
YTPPPPPTA,0.305,SB,,4076,YTPPPPPTA,30.61,939.4702,9,0.5,470.7426,45.67,24900000.0,32,F32:9319,F120180713_KP_THP1_BB72_P5.raw,3,3.0,Q9BUJ2|HNRL1_HUMAN,,,PEAKS DB,2,YTPPPPPTA,False,,,N
VALDPTKPGSL,0.305,SB,,5756,VALDPTKPGSL,15.12,1096.6128,11,0.9,549.3141,49.58,,9,F9:11924,F120180713_KP_THP1_w632_P8.raw,1,,,,,PEAKS DB,2,VALDPTKPGSL,False,1570000.0,1.0,N
SLPELTHAL,0.306,SB,,4740,SLPELTHAL,21.8,979.5338,9,1.6,490.775,57.41,184000.0,29,F29:11454,F120180713_KP_THP1_BB72_P2.raw,1,1.0,Q9Y3R5|DOP2_HUMAN,,,PEAKS DB,2,SLPELTHAL,False,,,N
YALPAGLSA,0.306,SB,,4376,YALPAGLSA,23.48,861.4596,9,2.3,862.4689,69.11,,8,F8:17014,F120180713_KP_THP1_w632_P10.raw,1,,Q96RU7|TRIB3_HUMAN,,,PEAKS DB,1,YALPAGLSA,False,82100000.0,1.0,N
FAGPDTKL,0.306,SB,,707,FAGPDTKL,24.45,847.4439,8,1.0,424.7296,38.04,,9,F9:7495,F120180713_KP_THP1_w632_P8.raw,1,,P98198|AT8B2_HUMAN:Q8TF62|AT8B4_HUMAN,,,PEAKS DB,2,FAGPDTKL,False,475000.0,1.0,N
FLISRLIKL,0.307,SB,,460,FLISRLIKL,16.58,1101.7273,9,0.8,551.8713,68.91,1890000.0,28,F28:17459,F120180713_KP_THP1_BB72_P1.raw,1,1.0,,,,PEAKS DB,2,FLISRLIKL,False,,,N
VLFSSPPQM,0.307,SB,,1931,VLFSSPPQM,21.55,1020.495,9,0.8,511.2552,57.38,936000.0,28,F28:13161,F120180713_KP_THP1_BB72_P1.raw,1,1.0,P33991|MCM4_HUMAN,Oxidation (M),M9:Oxidation (M):1000.00,PEAKS DB,2,VLFSSPPQM(+15.99),False,,,N
NTTEVAPAL,0.307,SB,,1211,NTTEVAPAL,17.22,914.4709,9,0.4,915.4785,51.06,,7,F7:13120,F120180713_KP_THP1_w632_P7.raw,1,,,,,PEAKS DB,1,NTTEVAPAL,False,3910000.0,1.0,N
KLYEAVPQL,0.307,SB,,967,KLYEAVPQL,30.88,1059.5964,9,1.1,530.8061,54.79,11300000.0,28,F28:12146,F120180713_KP_THP1_BB72_P1.raw,2,2.0,O00311|CDC7_HUMAN,,,PEAKS DB,2,KLYEAVPQL,False,,,N
QIMEDLRTL,0.308,SB,,4239,QIMEDLRTL,27.02,1133.5751,9,1.1,567.7954,48.12,9160000.0,29,F29:8269,F120180713_KP_THP1_BB72_P2.raw,2,2.0,Q9H7L9|SDS3_HUMAN,Oxidation (M),M3:Oxidation (M):1000.00,PEAKS DB,2,QIM(+15.99)EDLRTL,False,,,N
FPHHEFVAL,0.308,SB,,1446,FPHHEFVAL,12.9,1095.5502,9,0.9,548.7828,46.26,,3,F3:7268,F120180713_KP_THP1_w632_P3.raw,1,,,,,PEAKS DB,2,FPHHEFVAL,False,889000.0,1.0,N
FLEPVNPRL,0.309,SB,,4567,FLEPVNPRL,26.73,1083.6077,9,0.3,542.8113,56.8,3540000.0,28,F28:12936,F120180713_KP_THP1_BB72_P1.raw,1,1.0,Q9UIF9|BAZ2A_HUMAN,,,PEAKS DB,2,FLEPVNPRL,False,,,N
YLVPLKPFL,0.309,SB,,3208,YLVPLKPFL,24.14,1088.6633,9,2.1,545.3401,93.21,1190000.0,121,F121:25224,F120180713_KP_THP1_BB72_P10new.raw,1,1.0,Q6PCB8|EMB_HUMAN,,,PEAKS DB,2,YLVPLKPFL,False,,,N
YIALPLTL,0.310,SB,,695,YIALPLTL,19.59,902.5477,8,2.8,903.5574,100.35,,8,F8:23924,F120180713_KP_THP1_w632_P10.raw,1,,P69849|NOMO3_HUMAN:Q15155|NOMO1_HUMAN:Q5JPE7|NOMO2_HUMAN,,,PEAKS DB,1,YIALPLTL,False,5260000.0,1.0,N
HIFKDKVVL,0.310,SB,,417,HIFKDKVVL,31.29,1097.6597,9,1.5,549.8380000000002,35.67,1990000.0,28,F28:5295,F120180713_KP_THP1_BB72_P1.raw,1,1.0,,,,PEAKS DB,2,HIFKDKVVL,True,,,N
VVLPAPPAV,0.311,SB,,3943,VVLPAPPAV,32.0,861.5323,9,0.8,862.5403,76.39,38600000.0,121,F121:18809,F120180713_KP_THP1_BB72_P10new.raw,2,2.0,Q96S59|RANB9_HUMAN,,,PEAKS DB,1,VVLPAPPAV,False,,,N
LATEAHLII,0.311,SB,,4024,LATEAHLII,15.71,979.5702,9,0.3,490.7925,56.76,,3,F3:10645,F120180713_KP_THP1_w632_P3.raw,1,,Q8NF50|DOCK8_HUMAN,,,PEAKS DB,2,LATEAHLII,False,1200000.0,1.0,N
GAVIPGPPF,0.312,SB,,3554,GAVIPGPPF,20.39,853.4697,9,1.1,854.4779,79.34,,3,F3:18575,F120180713_KP_THP1_w632_P3.raw,1,,Q5SR56|MF14B_HUMAN,,,PEAKS DB,1,GAVIPGPPF,False,726000.0,1.0,N
YLITHPLAV,0.312,SB,,3901,YLITHPLAV,32.41,1025.5909,9,0.6,513.803,58.24,1660000.0,29,F29:11764,F120180713_KP_THP1_BB72_P2.raw,1,1.0,Q96N67|DOCK7_HUMAN,,,PEAKS DB,2,YLITHPLAV,False,,,N
AIMEQLKEL,0.312,SB,,3039,AIMEQLKEL,23.85,1089.5739999999996,9,1.1,545.7949,45.09,3960000.0,29,F29:7328,F120180713_KP_THP1_BB72_P2.raw,2,2.0,Q5BJF6|ODFP2_HUMAN,Oxidation (M),M3:Oxidation (M):1000.00,PEAKS DB,2,AIM(+15.99)EQLKEL,False,,,N
HITSSAPEL,0.312,SB,,4485,HITSSAPEL,20.15,953.4818,9,0.2,477.7483,34.25,,7,F7:7052,F120180713_KP_THP1_w632_P7.raw,1,,Q9BSJ8|ESYT1_HUMAN,,,PEAKS DB,2,HITSSAPEL,False,496000.0,1.0,N
KIAESIPYL,0.313,SB,,2634,KIAESIPYL,26.62,1032.5854,9,-0.3,517.2999,61.48,5130000.0,29,F29:13035,F120180713_KP_THP1_BB72_P2.raw,1,1.0,Q12797|ASPH_HUMAN,,,PEAKS DB,2,KIAESIPYL,False,,,N
ITVGPRGPL,0.313,SB,,2232,ITVGPRGPL,31.05,908.5443,9,1.0,455.2799,42.45,,10,F10:8765,F120180713_KP_THP1_w632_P9.raw,1,,P04040|CATA_HUMAN,,,PEAKS DB,2,ITVGPRGPL,False,16500000.0,1.0,N
RAITGASL,0.314,SB,,705,RAITGASL,21.64,787.4552,8,-0.9,394.7345,30.65,,7,F7:5707,F120180713_KP_THP1_w632_P7.raw,1,,P83731|RL24_HUMAN,,,PEAKS DB,2,RAITGASL,False,3840000.0,1.0,N
SLATHLQEL,0.314,SB,,4735,SLATHLQEL,22.59,1010.5397,9,-0.1,506.2771,48.55,1350000.0,28,F28:9749,F120180713_KP_THP1_BB72_P1.raw,1,1.0,Q9Y3L3|3BP1_HUMAN,,,PEAKS DB,2,SLATHLQEL,False,,,N
HAIQGTLSY,0.315,SB,,3082,HAIQGTLSY,30.22,988.4978,9,-0.5,495.256,37.06,,7,F7:8149,F120180713_KP_THP1_w632_P7.raw,3,,Q04721|NOTC2_HUMAN,,,PEAKS DB,2,HAIQGTLSY,False,22200000.0,3.0,N
SVAQDIPKL,0.315,SB,,2203,SVAQDIPKL,23.27,969.5494,9,0.8,485.7824,60.82,1240000.0,121,F121:12591,F120180713_KP_THP1_BB72_P10new.raw,1,1.0,P51452|DUS3_HUMAN,,,PEAKS DB,2,SVAQDIPKL,False,,,N
FVYTETVHV,0.316,SB,,3026,FVYTETVHV,29.18,1093.5444,9,0.5,547.7798,59.73,1940000.0,121,F121:12154,F120180713_KP_THP1_BB72_P10new.raw,1,1.0,Q53G59|KLH12_HUMAN,,,PEAKS DB,2,FVYTETVHV,False,,,N
SLQETIQSL,0.317,SB,,3182,SLQETIQSL,26.43,1017.5342,9,0.8,509.7748,72.39,12500000.0,28,F28:18796,F120180713_KP_THP1_BB72_P1.raw,2,2.0,Q6NUQ4|TM214_HUMAN,,,PEAKS DB,2,SLQETIQSL,False,,,N
FLHAADVVL,0.318,SB,,3662,FLHAADVVL,24.26,983.544,9,0.8,492.7797,62.07,852000.0,29,F29:13262,F120180713_KP_THP1_BB72_P2.raw,1,1.0,Q8WVV5|BT2A2_HUMAN,,,PEAKS DB,2,FLHAADVVL,False,,,N
ALDPNIATL,0.318,SB,,3669,ALDPNIATL,22.49,926.5073,9,1.6,927.516,72.61,107000000.0,28,F28:18882,F120180713_KP_THP1_BB72_P1.raw,1,1.0,Q8WXA9|SREK1_HUMAN,,,PEAKS DB,1,ALDPNIATL,False,,,N
VIIHPGAML,0.319,SB,,3932,VIIHPGAML,17.25,965.5368,9,0.1,483.7757,43.77,,1,F1:7381,F120180713_KP_THP1_w632_P1.raw,1,,Q8IZQ1|WDFY3_HUMAN,Oxidation (M),M8:Oxidation (M):1000.00,PEAKS DB,2,VIIHPGAM(+15.99)L,False,394000.0,1.0,N
FLIRESETL,0.320,SB,,1551,FLIRESETL,31.39,1106.5972,9,1.2,554.3065,54.42,38500000.0,28,F28:11995,F120180713_KP_THP1_BB72_P1.raw,1,1.0,P07948|LYN_HUMAN,,,PEAKS DB,2,FLIRESETL,False,,,N
LAQVSPEL,0.321,SB,,508,LAQVSPEL,15.18,855.4702,8,1.4,856.4786,56.28,,9,F9:14572,F120180713_KP_THP1_w632_P8.raw,1,,O43592|XPOT_HUMAN,,,PEAKS DB,1,LAQVSPEL,False,835000.0,1.0,N
GANQSGQVF,0.321,SB,,4414,GANQSGQVF,21.3,906.4196,9,0.1,454.2171,38.97,,6,F6:9652,F120180713_KP_THP1_w632_P6.raw,1,,Q99439|CNN2_HUMAN,,,PEAKS DB,2,GANQSGQVF,False,480000.0,1.0,N
VATTALEL,0.321,SB,,598,VATTALEL,18.72,816.4593,8,2.8,817.4689,64.34,,8,F8:15129,F120180713_KP_THP1_w632_P10.raw,1,,P18583|SON_HUMAN,,,PEAKS DB,1,VATTALEL,False,26900000.0,1.0,N
AVMLHSFTL,0.321,SB,,4631,AVMLHSFTL,31.21,1033.5266,9,0.4,517.7708,59.31,7470000.0,29,F29:12184,F120180713_KP_THP1_BB72_P2.raw,2,2.0,Q9UMS4|PRP19_HUMAN,Oxidation (M),M3:Oxidation (M):1000.00,PEAKS DB,2,AVM(+15.99)LHSFTL,False,,,N
KLFDLPITM,0.323,SB,,777,KLFDLPITM,19.52,1092.5889,9,0.6,547.3021,85.04,384000.0,121,F121:22046,F120180713_KP_THP1_BB72_P10new.raw,1,1.0,,Oxidation (M),M9:Oxidation (M):1000.00,PEAKS DB,2,KLFDLPITM(+15.99),False,,,N
YLEEAVMHL,0.324,SB,,3192,YLEEAVMHL,21.36,1119.527,9,0.5,560.7711,109.26,1750000.0,30,F30:21241,F120180713_KP_THP1_BB72_P3.raw,1,1.0,Q6P2E9|EDC4_HUMAN,Oxidation (M),M7:Oxidation (M):1000.00,PEAKS DB,2,YLEEAVM(+15.99)HL,False,,,N
HLHPIQTSF,0.324,SB,,4079,HLHPIQTSF,35.26,1078.5559,9,1.7,540.2861,35.43,,10,F10:6041,F120180713_KP_THP1_w632_P9.raw,2,,Q8TEM1|PO210_HUMAN,,,PEAKS DB,2,HLHPIQTSF,False,4900000.0,2.0,N
ALIEKLVEL,0.324,SB,,2762,ALIEKLVEL,25.7,1026.6324,9,1.2,514.3241,92.56,2910000.0,44,F44:19911,F120180713_KP_THP1_BB72_P7.raw,1,1.0,Q14181|DPOA2_HUMAN,,,PEAKS DB,2,ALIEKLVEL,False,,,N
VLLDAPIQL,0.324,SB,,4381,VLLDAPIQL,20.11,980.5906,9,0.2,981.5981,98.54,50400000.0,43,F43:19911,F120180713_KP_THP1_BB72_P6.raw,3,3.0,Q9NUQ8|ABCF3_HUMAN,,,PEAKS DB,1,VLLDAPIQL,False,,,N
IPIDSTVSF,0.324,SB,,3161,IPIDSTVSF,23.87,977.507,9,1.2,978.5154,76.7,,1,F1:19757,F120180713_KP_THP1_w632_P1.raw,2,,Q12972|PP1R8_HUMAN,,,PEAKS DB,1,IPIDSTVSF,False,51100000.0,2.0,N
ILDDVAMVL,0.326,SB,,2158,ILDDVAMVL,21.51,1003.5259,9,0.2,1004.5334,90.69,7340000.0,43,F43:17872,F120180713_KP_THP1_BB72_P6.raw,1,1.0,P49756|RBM25_HUMAN,Oxidation (M),M7:Oxidation (M):1000.00,PEAKS DB,1,ILDDVAM(+15.99)VL,False,,,N
YFITPTGHSL,0.328,SB,,5604,YFITPTGHSL,30.64,1134.5709,10,0.7,568.2932,54.66,,1,F1:11444,F120180713_KP_THP1_w632_P1.raw,1,,Q92599|SEPT8_HUMAN,,,PEAKS DB,2,YFITPTGHSL,False,3280000.0,1.0,N
LLAQPGEAL,0.328,SB,,1436,LLAQPGEAL,16.36,910.5123,9,1.7,911.5212,60.64,,10,F10:15796,F120180713_KP_THP1_w632_P9.raw,2,,,,,PEAKS DB,1,LLAQPGEAL,False,12400000.0,2.0,N
YGTRYGASL,0.330,SB,,2338,YGTRYGASL,30.56,986.4821,9,1.2,494.2489,48.18,2240000.0,44,F44:8889,F120180713_KP_THP1_BB72_P7.raw,1,1.0,P61513|RL37A_HUMAN,,,PEAKS DB,2,YGTRYGASL,False,,,N
KLMPGTYTL,0.330,SB,,1956,KLMPGTYTL,29.81,1038.542,9,1.4,520.279,54.61,7930000.0,121,F121:10106,F120180713_KP_THP1_BB72_P10new.raw,2,2.0,P35556|FBN2_HUMAN,Oxidation (M),M3:Oxidation (M):1000.00,PEAKS DB,2,KLM(+15.99)PGTYTL,False,,,N
FSHAAGDNSTL,0.331,SB,,5750,FSHAAGDNSTL,17.48,1118.4993,11,-0.3,560.2567,28.55,,6,F6:5970,F120180713_KP_THP1_w632_P6.raw,1,,,,,PEAKS DB,2,FSHAAGDNSTL,False,344000.0,1.0,N
IPHEFHTSM,0.331,SB,,1348,IPHEFHTSM,13.7,1113.4913,9,1.1,557.7535,26.07,,9,F9:3780,F120180713_KP_THP1_w632_P8.raw,1,,,Oxidation (M),M9:Oxidation (M):1000.00,PEAKS DB,2,IPHEFHTSM(+15.99),False,359000.0,1.0,N
VLVQVSPSL,0.332,SB,,2717,VLVQVSPSL,19.59,940.5593,9,1.3,941.5678,75.68,2530000.0,121,F121:18530,F120180713_KP_THP1_BB72_P10new.raw,1,1.0,Q13868|EXOS2_HUMAN,,,PEAKS DB,1,VLVQVSPSL,False,,,N
YLFGRNPDL,0.332,SB,,2641,YLFGRNPDL,24.49,1093.5557,9,0.4,547.7853,57.1,1220000.0,29,F29:11335,F120180713_KP_THP1_BB72_P2.raw,1,1.0,Q12972|PP1R8_HUMAN,,,PEAKS DB,2,YLFGRNPDL,False,,,N
HLYARQLTL,0.332,SB,,4050,HLYARQLTL,24.08,1113.6294,9,1.2,557.8226,59.25,3800000.0,121,F121:11962,F120180713_KP_THP1_BB72_P10new.raw,1,1.0,Q9BRJ7|SDOS_HUMAN,,,PEAKS DB,2,HLYARQLTL,False,,,N
VLTEHSEEL,0.332,SB,,2756,VLTEHSEEL,30.35,1055.5134,9,0.7,528.7643,43.72,10100000.0,44,F44:7172,F120180713_KP_THP1_BB72_P7.raw,1,1.0,Q14155|ARHG7_HUMAN,,,PEAKS DB,2,VLTEHSEEL,False,,,N
FLFQEPRSI,0.333,SB,,4926,FLFQEPRSI,16.6,1135.6025,9,0.7,568.809,63.87,,2,F2:10235,F120180713_KP_THP1_w632_P2.raw,1,,Q9UK61|TASOR_HUMAN,,,PEAKS DB,2,FLFQEPRSI,False,647000.0,1.0,N
YLNVQVKEL,0.333,SB,,4363,YLNVQVKEL,32.98,1104.6179,9,1.1,553.3168,61.59,7700000.0,121,F121:12898,F120180713_KP_THP1_BB72_P10new.raw,1,1.0,Q9NTJ3|SMC4_HUMAN,,,PEAKS DB,2,YLNVQVKEL,False,,,N
RLFESSQYL,0.335,SB,,3346,RLFESSQYL,29.0,1141.5768,9,1.0,571.7963,55.92,3580000.0,28,F28:12598,F120180713_KP_THP1_BB72_P1.raw,1,1.0,Q7Z3U7|MON2_HUMAN,,,PEAKS DB,2,RLFESSQYL,False,,,N
ALLPSSPTL,0.336,SB,,3759,ALLPSSPTL,24.09,897.5171,9,1.5,898.5257,73.72,345000000.0,28,F28:19330,F120180713_KP_THP1_BB72_P1.raw,2,2.0,Q92994|TF3B_HUMAN,,,PEAKS DB,1,ALLPSSPTL,False,,,N
VLMENIVYL,0.336,SB,,4481,VLMENIVYL,22.79,1108.5839,9,0.9,1109.5922,87.82,86400000.0,44,F44:18838,F120180713_KP_THP1_BB72_P7.raw,5,5.0,Q9P2J5|SYLC_HUMAN,Oxidation (M),M3:Oxidation (M):1000.00,PEAKS DB,1,VLM(+15.99)ENIVYL,False,,,N
SSHDDKSTF,0.337,SB,,3492,SSHDDKSTF,26.47,1022.4305,9,-0.1,512.2225,19.73,,4,F4:2654,F120180713_KP_THP1_w632_P4.raw,2,,Q32NC0|CR021_HUMAN,,,PEAKS DB,2,SSHDDKSTF,False,695000.0,2.0,N
YQRELLETL,0.338,SB,,4071,YQRELLETL,22.15,1163.6187,9,0.7,582.817,56.64,,3,F3:10603,F120180713_KP_THP1_w632_P3.raw,1,,Q8TED0|UTP15_HUMAN,,,PEAKS DB,2,YQRELLETL,False,1090000.0,1.0,N
FPYTSSQMF,0.338,SB,,2118,FPYTSSQMF,22.5,1122.4692,9,0.4,562.2421,65.03,,3,F3:13647,F120180713_KP_THP1_w632_P3.raw,1,,O75925|PIAS1_HUMAN,Oxidation (M),M8:Oxidation (M):1000.00,PEAKS DB,2,FPYTSSQM(+15.99)F,False,2450000.0,1.0,N
ILLEHKVVL,0.339,SB,,3677,ILLEHKVVL,28.02,1062.6801,9,1.0,532.3478,44.95,12700000.0,28,F28:8386,F120180713_KP_THP1_BB72_P1.raw,2,2.0,Q8WXG6|MADD_HUMAN,,,PEAKS DB,2,ILLEHKVVL,False,,,N
KANHAELIL,0.339,SB,,1340,KANHAELIL,14.45,1007.5764,9,1.2,504.7961,33.03,,8,F8:4372,F120180713_KP_THP1_w632_P10.raw,1,,,,,PEAKS DB,2,KANHAELIL,False,1030000.0,1.0,N
KMMENLTTL,0.340,SB,,4244,KMMENLTTL,22.57,1079.5355,9,1.2,540.7757,64.58,1450000.0,121,F121:14096,F120180713_KP_THP1_BB72_P10new.raw,1,1.0,Q9H9A6|LRC40_HUMAN,,,PEAKS DB,2,KMMENLTTL,False,,,N
YIMEPSIFNTL,0.340,SB,,5873,YIMEPSIFNTL,20.34,1342.6478,11,1.0,672.3318,93.96,,1,F1:24495,F120180713_KP_THP1_w632_P1.raw,1,,Q8IXH7|NELFD_HUMAN,Oxidation (M),M3:Oxidation (M):1000.00,PEAKS DB,2,YIM(+15.99)EPSIFNTL,False,1960000.0,1.0,N
VAHVNTVM,0.341,SB,,982,VAHVNTVM,23.45,885.4379,8,0.2,443.7263,22.05,,6,F6:3402,F120180713_KP_THP1_w632_P6.raw,1,,Q9H422|HIPK3_HUMAN,Oxidation (M),M8:Oxidation (M):1000.00,PEAKS DB,2,VAHVNTVM(+15.99),False,1160000.0,1.0,N
YVDITKTVI,0.341,SB,,1906,YVDITKTVI,16.17,1050.5961,9,0.9,526.3058,67.43,513000.0,121,F121:15231,F120180713_KP_THP1_BB72_P10new.raw,1,1.0,P30876|RPB2_HUMAN,,,PEAKS DB,2,YVDITKTVI,False,,,N
TILEILPEL,0.342,SB,,267,TILEILPEL,14.93,1039.6165,9,0.6,520.8158,107.36,2320000.0,121,F121:30838,F120180713_KP_THP1_BB72_P10new.raw,1,1.0,,,,PEAKS DB,2,TILEILPEL,False,,,N
YMAELIERL,0.342,SB,,1277,YMAELIERL,24.8,1152.5848,9,0.6,577.3,58.77,2890000.0,29,F29:11971,F120180713_KP_THP1_BB72_P2.raw,2,2.0,O75496|GEMI_HUMAN,Oxidation (M),M2:Oxidation (M):1000.00,PEAKS DB,2,YM(+15.99)AELIERL,False,,,N
ALTPVVVTL,0.342,SB,,736,ALTPVVVTL,18.81,911.5692,9,0.3,912.5767,94.94,17000000.0,31,F31:18174,F120180713_KP_THP1_BB72_P4.raw,1,1.0,,,,PEAKS DB,1,ALTPVVVTL,False,,,N
FLPRKFPSL,0.342,SB,,2744,FLPRKFPSL,18.55,1103.649,9,1.4,552.8326,50.25,6700000.0,29,F29:8980,F120180713_KP_THP1_BB72_P2.raw,1,1.0,Q14137|BOP1_HUMAN,,,PEAKS DB,2,FLPRKFPSL,False,,,N
HLYTSLPSL,0.342,SB,,2743,HLYTSLPSL,25.56,1029.5494,9,2.3,515.7832,61.4,0.0,29,F29:13002,F120180713_KP_THP1_BB72_P2.raw,0,0.0,Q14135|VGLL4_HUMAN,,,PEAKS DB,2,HLYTSLPSL,False,,,N
YPAQGVQQF,0.343,SB,,3073,YPAQGVQQF,25.72,1036.4978,9,0.4,519.2564,51.99,,7,F7:13488,F120180713_KP_THP1_w632_P7.raw,2,,Q04637|IF4G1_HUMAN,,,PEAKS DB,2,YPAQGVQQF,False,3220000.0,1.0,N
HANLARAL,0.344,SB,,766,HANLARAL,14.67,864.493,8,-0.8,433.2534,26.09,,7,F7:4132,F120180713_KP_THP1_w632_P7.raw,1,,Q14980|NUMA1_HUMAN,,,PEAKS DB,2,HANLARAL,False,337000.0,1.0,N
KLYQTPLEL,0.345,SB,,2240,KLYQTPLEL,32.23,1103.6227,9,0.4,552.8188,60.09,16000000.0,29,F29:12490,F120180713_KP_THP1_BB72_P2.raw,1,1.0,P52948|NUP98_HUMAN,,,PEAKS DB,2,KLYQTPLEL,False,,,N
LIDVARTSL,0.345,SB,,2661,LIDVARTSL,21.66,986.576,9,2.8,494.2967,51.56,,8,F8:10581,F120180713_KP_THP1_w632_P10.raw,1,,P40227|TCPZ_HUMAN,,,PEAKS DB,2,LIDVARTSL,True,8710000.0,1.0,N
YLNNVVEQL,0.345,SB,,2669,YLNNVVEQL,23.2,1090.5659,9,0.9,546.2907,72.86,5330000.0,29,F29:17257,F120180713_KP_THP1_BB72_P2.raw,2,2.0,Q13257|MD2L1_HUMAN,,,PEAKS DB,2,YLNNVVEQL,False,,,N
SLLQHSLSL,0.345,SB,,374,SLLQHSLSL,14.37,997.5444,9,1.6,499.7803,62.12,596000.0,29,F29:13281,F120180713_KP_THP1_BB72_P2.raw,1,1.0,,Deamidation (NQ),Q4:Deamidation (NQ):1000.00,PEAKS DB,2,SLLQ(+.98)HSLSL,False,,,N
VAVDSTGTYM,0.346,SB,,5296,VAVDSTGTYM,20.24,1058.4589999999996,10,0.3,530.2369,38.91,,7,F7:8821,F120180713_KP_THP1_w632_P7.raw,1,,O15213|WDR46_HUMAN,Oxidation (M),M10:Oxidation (M):1000.00,PEAKS DB,2,VAVDSTGTYM(+15.99),False,5990000.0,1.0,N
SLMHVPPSL,0.346,SB,,290,SLMHVPPSL,17.56,995.511,9,0.8,498.7632,57.5,227000.0,32,F32:11604,F120180713_KP_THP1_BB72_P5.raw,1,1.0,,Oxidation (M),M3:Oxidation (M):1000.00,PEAKS DB,2,SLM(+15.99)HVPPSL,False,,,N
RAHIGPVL,0.346,SB,,729,RAHIGPVL,28.55,861.5184,8,0.8,431.7668,31.29,,10,F10:4610,F120180713_KP_THP1_w632_P9.raw,1,,Q13033|STRN3_HUMAN,,,PEAKS DB,2,RAHIGPVL,False,6760000.0,1.0,N
IVINHVISV,0.347,SB,,3235,IVINHVISV,21.32,992.6019,9,0.7,497.3085,55.75,453000.0,28,F28:12527,F120180713_KP_THP1_BB72_P1.raw,1,1.0,Q6STE5|SMRD3_HUMAN:Q92925|SMRD2_HUMAN,,,PEAKS DB,2,IVINHVISV,False,,,N
FAKEIDVSY,0.347,SB,,2863,FAKEIDVSY,21.84,1070.5283,9,1.5,536.2722,47.99,,10,F10:10945,F120180713_KP_THP1_w632_P9.raw,1,,P54760|EPHB4_HUMAN,,,PEAKS DB,2,FAKEIDVSY,False,2340000.0,1.0,N
VASRATVL,0.348,SB,,554,VASRATVL,19.36,815.4865,8,-1.5,408.7499,28.44,,7,F7:4923,F120180713_KP_THP1_w632_P7.raw,1,,P04844|RPN2_HUMAN,,,PEAKS DB,2,VASRATVL,False,165000.0,1.0,N
YNIQKESTL,0.348,SB,,2957,YNIQKESTL,19.0,1094.5608,9,-0.2,548.2875,35.62,,7,F7:7590,F120180713_KP_THP1_w632_P7.raw,1,,P62987|RL40_HUMAN,,,PEAKS DB,2,YNIQKESTL,False,353000.0,1.0,N
ILNPLIYTL,0.349,SB,,21,ILNPLIYTL,28.53,1058.6376,9,1.2,530.3267,107.44,1150000.0,121,F121:30867,F120180713_KP_THP1_BB72_P10new.raw,1,1.0,A6NND4|O2AT4_HUMAN,,,PEAKS DB,2,ILNPLIYTL,True,,,N
SPYAGSTAF,0.351,SB,,2985,SPYAGSTAF,34.1,899.4025,9,0.1,900.4098,50.62,,7,F7:12947,F120180713_KP_THP1_w632_P7.raw,4,,P78411|IRX5_HUMAN,,,PEAKS DB,1,SPYAGSTAF,False,105000000.0,4.0,N
RAPPTPRKV,0.351,SB,,3654,RAPPTPRKV,21.17,1100.5856,9,0.8,551.3005,31.52,2090000.0,31,F31:4526,F120180713_KP_THP1_BB72_P4.raw,1,1.0,Q8WUB8|PHF10_HUMAN,Phosphorylation (STY),T5:Phosphorylation (STY):1000.00,PEAKS DB,2,RAPPT(+79.97)PRKV,False,,,N
SLKTPGTSL,0.351,SB,,1741,SLKTPGTSL,17.23,902.5073,9,-0.4,452.2607,34.17,,7,F7:7022,F120180713_KP_THP1_w632_P7.raw,1,,,,,PEAKS DB,2,SLKTPGTSL,False,1050000.0,1.0,N
YVLEGLKSV,0.352,SB,,2997,YVLEGLKSV,25.34,1006.5699,9,1.7,504.2931,55.26,5420000.0,28,F28:12330,F120180713_KP_THP1_BB72_P1.raw,1,1.0,Q3B7T1|EDRF1_HUMAN,,,PEAKS DB,2,YVLEGLKSV,False,,,N
AAYLSKSL,0.352,SB,,1045,AAYLSKSL,19.72,851.4752,8,1.0,426.7453,36.02,,9,F9:6743,F120180713_KP_THP1_w632_P8.raw,1,,Q9UP83|COG5_HUMAN,,,PEAKS DB,2,AAYLSKSL,False,225000.0,1.0,N
AAAPPSPPFSF,0.353,SB,,5818,AAAPPSPPFSF,31.78,1087.5338,11,0.0,544.7742,82.31,,2,F2:14745,F120180713_KP_THP1_w632_P2.raw,1,,P47974|TISD_HUMAN,,,PEAKS DB,2,AAAPPSPPFSF,False,893000.0,1.0,N
KLIPQLPTL,0.353,SB,,4264,KLIPQLPTL,32.65,1021.6536,9,0.8,511.8345,93.35,1070000.0,32,F32:19281,F120180713_KP_THP1_BB72_P5.raw,1,1.0,Q9HB90|RRAGC_HUMAN,,,PEAKS DB,2,KLIPQLPTL,False,,,N
FANGRSTGLIL,0.355,SB,,5789,FANGRSTGLIL,18.76,1147.6349,11,1.3,574.8254,53.14,,3,F3:9497,F120180713_KP_THP1_w632_P3.raw,1,,O96019|ACL6A_HUMAN,,,PEAKS DB,2,FANGRSTGLIL,False,423000.0,1.0,N
KLSEIPLTL,0.355,SB,,4568,KLSEIPLTL,27.55,1012.6168,9,0.7,507.316,94.13,13600000.0,31,F31:17860,F120180713_KP_THP1_BB72_P4.raw,2,2.0,Q9UIG0|BAZ1B_HUMAN,,,PEAKS DB,2,KLSEIPLTL,False,,,N
HARNGLSL,0.356,SB,,736,HARNGLSL,14.78,866.4722,8,0.6,434.2437,25.6,,9,F9:3668,F120180713_KP_THP1_w632_P8.raw,1,,Q13422|IKZF1_HUMAN,,,PEAKS DB,2,HARNGLSL,False,378000.0,1.0,N
IARAEVASF,0.356,SB,,1101,IARAEVASF,20.92,962.5185,9,1.6,482.2673,39.58,,9,F9:8106,F120180713_KP_THP1_w632_P8.raw,1,,A6NKF1|SAC31_HUMAN,,,PEAKS DB,2,IARAEVASF,False,865000.0,1.0,N
YAAELIERV,0.356,SB,,4783,YAAELIERV,28.89,1062.5709,9,1.6,532.2936,53.34,908000.0,28,F28:11568,F120180713_KP_THP1_BB72_P1.raw,1,1.0,Q9Y4B6|VPRBP_HUMAN,,,PEAKS DB,2,YAAELIERV,False,,,N
FLHDNMVEI,0.358,SB,,2172,FLHDNMVEI,27.58,1132.5223,9,0.9,567.269,50.98,52000000.0,29,F29:9237,F120180713_KP_THP1_BB72_P2.raw,3,3.0,P49916|DNLI3_HUMAN,Oxidation (M),M6:Oxidation (M):1000.00,PEAKS DB,2,FLHDNM(+15.99)VEI,False,,,N
IPFAAPTAL,0.358,SB,,3582,IPFAAPTAL,21.37,899.5116,9,1.2,900.52,79.65,,3,F3:18697,F120180713_KP_THP1_w632_P3.raw,1,,Q5T6F2|UBAP2_HUMAN,,,PEAKS DB,1,IPFAAPTAL,False,2870000.0,1.0,N
KLDPTKTTL,0.358,SB,,3701,KLDPTKTTL,27.79,1015.5913,9,0.0,508.8029,44.39,48700000.0,44,F44:7407,F120180713_KP_THP1_BB72_P7.raw,1,1.0,Q92597|NDRG1_HUMAN,,,PEAKS DB,2,KLDPTKTTL,False,,,N
FIMDANQTYL,0.359,SB,,3815,FIMDANQTYL,37.98,1230.5591,10,0.1,616.2869,67.49,2490000.0,29,F29:15372,F120180713_KP_THP1_BB72_P2.raw,1,1.0,Q96CS3|FAF2_HUMAN,Oxidation (M),M3:Oxidation (M):1000.00,PEAKS DB,2,FIM(+15.99)DANQTYL,False,,,N
WANVGKSL,0.359,SB,,496,WANVGKSL,27.15,873.4708,8,1.2,437.7432,39.03,,10,F10:7427,F120180713_KP_THP1_w632_P9.raw,1,,O15327|INP4B_HUMAN,,,PEAKS DB,2,WANVGKSL,False,589000.0,1.0,N
FLTDREVRL,0.359,SB,,1242,FLTDREVRL,28.86,1147.6349,9,0.8,574.8252,45.59,27800000.0,28,F28:8634,F120180713_KP_THP1_BB72_P1.raw,1,1.0,O75116|ROCK2_HUMAN:Q13464|ROCK1_HUMAN,,,PEAKS DB,2,FLTDREVRL,False,,,N
FLTQVKESL,0.360,SB,,1184,FLTQVKESL,14.17,1063.5913,9,0.7,532.8033,49.89,,8,F8:9922,F120180713_KP_THP1_w632_P10.raw,1,,,,,PEAKS DB,2,FLTQVKESL,False,694000.0,1.0,N
FLDEAAARL,0.360,SB,,394,FLDEAAARL,17.29,1004.5291,9,0.9,503.2723,63.45,1060000.0,121,F121:13645,F120180713_KP_THP1_BB72_P10new.raw,1,1.0,,,,PEAKS DB,2,FLDEAAARL,False,,,N
FGFSGSHSY,0.360,SB,,3707,FGFSGSHSY,29.31,987.4086,9,1.1,494.7121,41.84,,10,F10:8522,F120180713_KP_THP1_w632_P9.raw,1,,Q6UXD5|SE6L2_HUMAN,,,PEAKS DB,2,FGFSGSHSY,False,4900000.0,1.0,N
YQFGEIRTI,0.361,SB,,4414,YQFGEIRTI,25.44,1125.5818,9,0.6,563.7985,60.33,10700000.0,29,F29:12580,F120180713_KP_THP1_BB72_P2.raw,1,1.0,Q9NW64|RBM22_HUMAN,,,PEAKS DB,2,YQFGEIRTI,False,,,N
FPHPHIHEY,0.361,SB,,3854,FPHPHIHEY,39.93,1175.5511,9,0.7,588.7833,30.99,,10,F10:4514,F120180713_KP_THP1_w632_P9.raw,3,,Q86V87|F16B2_HUMAN:Q5W0V3|F16B1_HUMAN,,,PEAKS DB,2,FPHPHIHEY,False,26700000.0,3.0,N
FPHLPGKTF,0.361,SB,,4305,FPHLPGKTF,39.77,1042.5599,9,0.7,522.2876,45.66,,1,F1:8112,F120180713_KP_THP1_w632_P1.raw,2,,Q96JH7|VCIP1_HUMAN,,,PEAKS DB,2,FPHLPGKTF,False,37000000.0,2.0,N
ALSDHHIYL,0.361,SB,,1461,ALSDHHIYL,31.98,1067.5399,9,1.1,534.7778,54.41,183000000.0,121,F121:10026,F120180713_KP_THP1_BB72_P10new.raw,2,2.0,P04075|ALDOA_HUMAN,,,PEAKS DB,2,ALSDHHIYL,False,,,N
FLDALIVSM,0.362,SB,,1688,FLDALIVSM,18.67,1023.5311,9,1.5,512.7736,92.88,129000.0,28,F28:26614,F120180713_KP_THP1_BB72_P1.raw,1,1.0,P13010|XRCC5_HUMAN,Oxidation (M),M9:Oxidation (M):1000.00,PEAKS DB,2,FLDALIVSM(+15.99),False,,,N
YIFKERESF,0.362,SB,,3986,YIFKERESF,27.43,1217.608,9,1.0,609.8119,40.11,,8,F8:6373,F120180713_KP_THP1_w632_P10.raw,2,,Q8N9N2|ASCC1_HUMAN,,,PEAKS DB,2,YIFKERESF,False,88900000.0,2.0,N
TLVDFPLHL,0.363,SB,,3679,TLVDFPLHL,30.09,1053.5858,9,0.1,527.8002,94.39,35100000.0,121,F121:25693,F120180713_KP_THP1_BB72_P10new.raw,2,2.0,Q8WXG6|MADD_HUMAN,,,PEAKS DB,2,TLVDFPLHL,False,,,N
SLFGGSVKL,0.363,SB,,3657,SLFGGSVKL,24.23,906.5175,9,0.8,454.2664,109.76,7880000.0,30,F30:21441,F120180713_KP_THP1_BB72_P3.raw,1,1.0,Q8WUM4|PDC6I_HUMAN,,,PEAKS DB,2,SLFGGSVKL,False,,,N
LLFDSVIHL,0.364,SB,,4129,LLFDSVIHL,22.34,1055.6016,9,1.2,528.8087,92.27,879000.0,29,F29:23918,F120180713_KP_THP1_BB72_P2.raw,1,1.0,Q9BZM1|PG12A_HUMAN,,,PEAKS DB,2,LLFDSVIHL,False,,,N
LARDPSGFVL,0.364,SB,,5236,LARDPSGFVL,12.77,1073.5869,10,-7.5,1074.5862,77.96,,5,F5:16674,F120180713_KP_THP1_w632_P5.raw,1,,,,,PEAKS DB,1,LARDPSGFVL,False,2280000.0,1.0,N
KAHLGTAL,0.364,SB,,2362,KAHLGTAL,23.27,809.4759,8,0.9,405.7456,44.56,1590000.0,44,F44:7475,F120180713_KP_THP1_BB72_P7.raw,1,1.0,P62266|RS23_HUMAN,,,PEAKS DB,2,KAHLGTAL,False,,,N
YTGPSHHSY,0.364,SB,,4195,YTGPSHHSY,19.23,1047.441,9,0.6,524.7281,20.31,,5,F5:2938,F120180713_KP_THP1_w632_P5.raw,1,,Q92794|KAT6A_HUMAN,,,PEAKS DB,2,YTGPSHHSY,False,253000.0,1.0,N
AVMDAALLL,0.364,SB,,2005,AVMDAALLL,14.87,931.5048,9,1.6,932.5136,85.67,2390000.0,44,F44:18429,F120180713_KP_THP1_BB72_P7.raw,1,1.0,P41091|IF2G_HUMAN:Q2VIR3|IF2GL_HUMAN,Oxidation (M),M3:Oxidation (M):1000.00,PEAKS DB,1,AVM(+15.99)DAALLL,False,,,N
YLKDGDVML,0.365,SB,,4294,YLKDGDVML,24.41,1068.5161,9,0.9,535.2658,53.84,2090000.0,121,F121:9800,F120180713_KP_THP1_BB72_P10new.raw,1,1.0,Q9NNW5|WDR6_HUMAN,Oxidation (M),M8:Oxidation (M):1000.00,PEAKS DB,2,YLKDGDVM(+15.99)L,False,,,N
ILYGKIIHL,0.365,SB,,1617,ILYGKIIHL,24.98,1068.6696,9,1.5,535.3428,96.07,826000.0,31,F31:18624,F120180713_KP_THP1_BB72_P4.raw,1,1.0,P0CG13|CTF8_HUMAN,,,PEAKS DB,2,ILYGKIIHL,False,,,N
TVMDEIHTV,0.365,SB,,3471,TVMDEIHTV,27.74,1059.4907,9,0.1,530.7527,43.76,3160000.0,44,F44:7186,F120180713_KP_THP1_BB72_P7.raw,2,2.0,Q8IX12|CCAR1_HUMAN,Oxidation (M),M3:Oxidation (M):1000.00,PEAKS DB,2,TVM(+15.99)DEIHTV,False,,,N
AVAEQIPLL,0.365,SB,,4756,AVAEQIPLL,21.49,952.5593,9,0.3,953.5669,92.94,1120000.0,31,F31:17417,F120180713_KP_THP1_BB72_P4.raw,1,1.0,Q9Y490|TLN1_HUMAN,,,PEAKS DB,1,AVAEQIPLL,False,,,N
YPYPPVPETF,0.365,SB,,5533,YPYPPVPETF,32.07,1208.5753,10,1.4,605.2958,82.99,,3,F3:19847,F120180713_KP_THP1_w632_P3.raw,1,,Q6NSI4|CX057_HUMAN,,,PEAKS DB,2,YPYPPVPETF,False,2210000.0,1.0,N
FPAHSFITF,0.366,SB,,4691,FPAHSFITF,25.87,1065.5283,9,-0.7,533.7711,71.84,,6,F6:17517,F120180713_KP_THP1_w632_P6.raw,1,,Q9HCU4|CELR2_HUMAN,,,PEAKS DB,2,FPAHSFITF,False,3620000.0,1.0,N
YPTEKGLSF,0.366,SB,,4016,YPTEKGLSF,25.6,1040.5178,9,0.9,521.2667,49.78,,8,F8:9881,F120180713_KP_THP1_w632_P10.raw,1,,Q8NEJ9|NGDN_HUMAN,,,PEAKS DB,2,YPTEKGLSF,False,1240000.0,1.0,N
LSDHHIYL,0.367,SB,,1459,LSDHHIYL,29.24,996.5029,8,1.4,499.2594,54.7,28800000.0,121,F121:10143,F120180713_KP_THP1_BB72_P10new.raw,2,2.0,P04075|ALDOA_HUMAN,,,PEAKS DB,2,LSDHHIYL,False,,,N
VSISSPVL,0.367,SB,,504,VSISSPVL,17.6,800.4644,8,1.4,801.4728,66.48,,8,F8:15972,F120180713_KP_THP1_w632_P10.raw,1,,O15533|TPSN_HUMAN,,,PEAKS DB,1,VSISSPVL,False,1570000.0,1.0,N
FLNPTLDHL,0.368,SB,,3068,FLNPTLDHL,25.32,1068.5604,9,0.5,535.2878,64.3,688000.0,29,F29:14143,F120180713_KP_THP1_BB72_P2.raw,1,1.0,Q5M7Z0|RNFT1_HUMAN,,,PEAKS DB,2,FLNPTLDHL,False,,,N
FTVDSSKAGL,0.368,SB,,5315,FTVDSSKAGL,16.3,1023.5236,10,0.4,512.7693,43.32,,9,F9:9553,F120180713_KP_THP1_w632_P8.raw,1,,O75369|FLNB_HUMAN,,,PEAKS DB,2,FTVDSSKAGL,False,394000.0,1.0,N
AAQQHFNAV,0.368,SB,,2165,AAQQHFNAV,25.05,984.4777,9,0.2,493.2462,27.29,,6,F6:5483,F120180713_KP_THP1_w632_P6.raw,1,,O95347|SMC2_HUMAN,,,PEAKS DB,2,AAQQHFNAV,False,947000.0,1.0,N
SLSDHIVLL,0.369,SB,,285,SLSDHIVLL,14.1,995.5651,9,0.8,498.7902,94.0,2570000.0,31,F31:17813,F120180713_KP_THP1_BB72_P4.raw,1,1.0,,,,PEAKS DB,2,SLSDHIVLL,False,,,N
KVFGNEIKL,0.369,SB,,1784,KVFGNEIKL,30.38,1046.6124,9,0.9,524.314,41.36,42000000.0,28,F28:7044,F120180713_KP_THP1_BB72_P1.raw,1,1.0,P19338|NUCL_HUMAN,,,PEAKS DB,2,KVFGNEIKL,False,,,N
YVLPEVSKV,0.370,SB,,4552,YVLPEVSKV,26.15,1032.5854,9,0.9,517.3005,62.01,8360000.0,121,F121:13067,F120180713_KP_THP1_BB72_P10new.raw,1,1.0,Q9UI10|EI2BD_HUMAN,,,PEAKS DB,2,YVLPEVSKV,False,,,N
FLEEREIAL,0.371,SB,,1029,FLEEREIAL,30.79,1118.5972,9,0.5,560.3062,62.31,3740000.0,29,F29:13354,F120180713_KP_THP1_BB72_P2.raw,1,1.0,O14980|XPO1_HUMAN,,,PEAKS DB,2,FLEEREIAL,False,,,N
TVADKIHSV,0.371,SB,,1353,TVADKIHSV,33.18,968.5291,9,-0.5,485.2716,40.09,25800000.0,43,F43:6460,F120180713_KP_THP1_BB72_P6.raw,2,2.0,O95147|DUS14_HUMAN,,,PEAKS DB,2,TVADKIHSV,False,,,N
FAIDPHLLLSV,0.372,SB,,2973,FAIDPHLLLSV,32.8,1223.6914,11,0.6,612.8533,96.83,3140000.0,29,F29:25112,F120180713_KP_THP1_BB72_P2.raw,1,1.0,Q29RF7|PDS5A_HUMAN,,,PEAKS DB,2,FAIDPHLLLSV,False,,,N
FGSDISPEI,0.372,SB,,2059,FGSDISPEI,21.53,963.4549,9,1.8,964.4639,68.93,,8,F8:16941,F120180713_KP_THP1_w632_P10.raw,1,,O75081|MTG16_HUMAN,,,PEAKS DB,1,FGSDISPEI,False,17100000.0,1.0,N
FLVKEVTKL,0.372,SB,,354,FLVKEVTKL,14.36,1075.6641,9,1.3,538.84,44.31,580000.0,28,F28:8136,F120180713_KP_THP1_BB72_P1.raw,1,1.0,,,,PEAKS DB,2,FLVKEVTKL,False,,,N
LAPPPPTSA,0.372,SB,,613,LAPPPPTSA,17.26,849.4596,9,1.0,425.7375,41.44,4710000.0,32,F32:7984,F120180713_KP_THP1_BB72_P5.raw,2,2.0,,,,PEAKS DB,2,LAPPPPTSA,False,,,N
QILDGVHYL,0.372,SB,,1113,QILDGVHYL,25.99,1056.5604,9,1.1,529.2881,64.67,9700000.0,29,F29:14290,F120180713_KP_THP1_BB72_P2.raw,1,1.0,O43293|DAPK3_HUMAN,,,PEAKS DB,2,QILDGVHYL,False,,,N
VVLPLELKL,0.373,SB,,4732,VVLPLELKL,24.26,1022.674,9,0.2,512.3444,91.67,1140000.0,121,F121:24610,F120180713_KP_THP1_BB72_P10new.raw,1,1.0,Q9Y3I1|FBX7_HUMAN,,,PEAKS DB,2,VVLPLELKL,False,,,N
VMVTNVTSL,0.373,SB,,4768,VMVTNVTSL,19.37,978.5056,9,1.0,490.2606,63.57,243000.0,121,F121:13691,F120180713_KP_THP1_BB72_P10new.raw,1,1.0,Q9Y490|TLN1_HUMAN:Q9Y4G6|TLN2_HUMAN,Oxidation (M),M2:Oxidation (M):1000.00,PEAKS DB,2,VM(+15.99)VTNVTSL,False,,,N
AAFPGASLY,0.373,SB,,3365,AAFPGASLY,28.37,895.4439,9,0.8,896.4519,72.62,,1,F1:18162,F120180713_KP_THP1_w632_P1.raw,2,,Q15038|DAZP2_HUMAN,,,PEAKS DB,1,AAFPGASLY,False,280000000.0,2.0,N
ALFEGKVQL,0.374,SB,,3563,ALFEGKVQL,30.25,1003.5702,9,1.3,502.793,59.51,37000000.0,29,F29:12262,F120180713_KP_THP1_BB72_P2.raw,3,3.0,Q8NEZ3|WDR19_HUMAN,,,PEAKS DB,2,ALFEGKVQL,False,,,N
YLIKSDKVM,0.375,SB,,1619,YLIKSDKVM,13.16,1111.5947,9,7.8,1112.6107,36.96,,10,F10:6621,F120180713_KP_THP1_w632_P9.raw,1,,,Oxidation (M),M9:Oxidation (M):1000.00,PEAKS DB,1,YLIKSDKVM(+15.99),False,566000.0,1.0,N
YLNDGLWHM,0.375,SB,,4605,YLNDGLWHM,24.7,1163.507,9,0.6,582.7611,65.94,1910000.0,121,F121:14642,F120180713_KP_THP1_BB72_P10new.raw,2,2.0,Q9ULC4|MCTS1_HUMAN,Oxidation (M),M9:Oxidation (M):1000.00,PEAKS DB,2,YLNDGLWHM(+15.99),False,,,N
IAREEASNF,0.375,SB,,2515,IAREEASNF,30.84,1035.4985,9,0.1,518.7566,29.36,,6,F6:6287,F120180713_KP_THP1_w632_P6.raw,1,,P25788|PSA3_HUMAN,,,PEAKS DB,2,IAREEASNF,False,4300000.0,1.0,N
KMDDSVLQL,0.375,SB,,586,KMDDSVLQL,15.4,1047.527,9,0.4,524.771,59.97,277000.0,28,F28:14172,F120180713_KP_THP1_BB72_P1.raw,1,1.0,,,,PEAKS DB,2,KMDDSVLQL,False,,,N
RILDQPYSL,0.377,SB,,3397,RILDQPYSL,21.44,1103.5974,9,0.8,552.8064,69.04,188000.0,121,F121:15869,F120180713_KP_THP1_BB72_P10new.raw,1,1.0,Q86V87|F16B2_HUMAN,,,PEAKS DB,2,RILDQPYSL,False,,,N
HSAPGGPSY,0.378,SB,,4585,HSAPGGPSY,20.35,871.3824,9,-0.9,436.6981,23.16,,4,F4:3819,F120180713_KP_THP1_w632_P4.raw,1,,Q9H1A4|APC1_HUMAN,,,PEAKS DB,2,HSAPGGPSY,False,159000.0,1.0,N
FVDDYTVRV,0.378,SB,,974,FVDDYTVRV,31.57,1112.5502,9,1.0,557.2829,61.85,41700000.0,121,F121:13000,F120180713_KP_THP1_BB72_P10new.raw,1,1.0,O00487|PSDE_HUMAN,,,PEAKS DB,2,FVDDYTVRV,False,,,N
ILMGHSLYM,0.379,SB,,4097,ILMGHSLYM,30.69,1095.5093,9,0.4,548.7621,40.58,2720000.0,29,F29:6176,F120180713_KP_THP1_BB72_P2.raw,1,1.0,Q9BVV6|TALD3_HUMAN,Oxidation (M),M3:Oxidation (M):1000.00;M9:Oxidation (M):1000.00,PEAKS DB,2,ILM(+15.99)GHSLYM(+15.99),False,,,N
SLLDQIPEM,0.380,SB,,2255,SLLDQIPEM,24.31,1060.511,9,1.1,531.2634,79.77,3390000.0,31,F31:13779,F120180713_KP_THP1_BB72_P4.raw,2,2.0,P53992|SC24C_HUMAN,Oxidation (M),M9:Oxidation (M):1000.00,PEAKS DB,2,SLLDQIPEM(+15.99),False,,,N
FGNNKLTTF,0.380,SB,,2839,FGNNKLTTF,28.2,1040.5291,9,-2.1,521.2707,46.44,,8,F8:8578,F120180713_KP_THP1_w632_P10.raw,1,,P52948|NUP98_HUMAN,,,PEAKS DB,2,FGNNKLTTF,False,30300000.0,1.0,N
APKPGGLSL,0.381,SB,,4002,APKPGGLSL,25.59,838.4912,9,1.4,420.2535,38.55,,10,F10:7240,F120180713_KP_THP1_w632_P9.raw,1,,Q8NCH0|CHSTE_HUMAN,,,PEAKS DB,2,APKPGGLSL,False,285000.0,1.0,N
RVVSPGIDL,0.382,SB,,3208,RVVSPGIDL,14.44,954.5498,9,1.8,478.283,49.14,,8,F8:9629,F120180713_KP_THP1_w632_P10.raw,1,,Q13485|SMAD4_HUMAN,,,PEAKS DB,2,RVVSPGIDL,False,214000.0,1.0,N
ILDQTKTEL,0.382,SB,,3096,ILDQTKTEL,24.04,1059.5812,9,0.2,530.798,49.72,1770000.0,44,F44:9469,F120180713_KP_THP1_BB72_P7.raw,1,1.0,Q5T9S5|CCD18_HUMAN,,,PEAKS DB,2,ILDQTKTEL,False,,,N
FSFDGPEI,0.382,SB,,669,FSFDGPEI,27.82,910.4072,8,0.7,911.4151,81.69,,3,F3:19432,F120180713_KP_THP1_w632_P3.raw,2,,P55209|NP1L1_HUMAN,,,PEAKS DB,1,FSFDGPEI,False,14800000.0,2.0,N
FLSELQYYL,0.382,SB,,4696,FLSELQYYL,24.24,1174.5909,9,2.3,1175.601,108.18,14000000.0,121,F121:31168,F120180713_KP_THP1_BB72_P10new.raw,2,2.0,Q9Y282|ERGI3_HUMAN,,,PEAKS DB,1,FLSELQYYL,False,,,N
FILEHIMVV,0.383,SB,,3274,FILEHIMVV,20.38,1115.6049,9,0.4,558.8099,85.12,574000.0,121,F121:22077,F120180713_KP_THP1_BB72_P10new.raw,1,1.0,Q6ZS81|WDFY4_HUMAN,Oxidation (M),M7:Oxidation (M):1000.00,PEAKS DB,2,FILEHIM(+15.99)VV,False,,,N
TIQDGRLYL,0.383,SB,,4559,TIQDGRLYL,14.88,1077.5818,9,1.0,539.7987,56.04,536000.0,28,F28:12640,F120180713_KP_THP1_BB72_P1.raw,1,1.0,Q9UI36|DACH1_HUMAN,,,PEAKS DB,2,TIQDGRLYL,False,,,N
YLSEATIGL,0.383,SB,,668,YLSEATIGL,16.58,965.507,9,0.9,966.5151,75.26,22900000.0,29,F29:18149,F120180713_KP_THP1_BB72_P2.raw,1,1.0,,,,PEAKS DB,1,YLSEATIGL,False,,,N
KLDEHIAYL,0.383,SB,,2980,KLDEHIAYL,29.69,1100.5865,9,0.9,551.3009999999998,45.31,17400000.0,28,F28:8523,F120180713_KP_THP1_BB72_P1.raw,1,1.0,Q2NKX8|ERC6L_HUMAN,,,PEAKS DB,2,KLDEHIAYL,False,,,N
SAYGSVKAY,0.384,SB,,2287,SAYGSVKAY,22.32,944.4603,9,0.5,473.2377,30.75,,6,F6:6837,F120180713_KP_THP1_w632_P6.raw,1,,P07355|ANXA2_HUMAN:A6NMY6|AXA2L_HUMAN,,,PEAKS DB,2,SAYGSVKAY,False,632000.0,1.0,N
FTYRGVDL,0.384,SB,,685,FTYRGVDL,25.11,969.4919,8,0.4,485.7534,54.87,,1,F1:11521,F120180713_KP_THP1_w632_P1.raw,1,,P62841|RS15_HUMAN,,,PEAKS DB,2,FTYRGVDL,False,29000000.0,1.0,N
HAGPPHNEY,0.384,SB,,4586,HAGPPHNEY,28.33,1020.4413,9,0.0,511.2279,19.93,,5,F5:2787,F120180713_KP_THP1_w632_P5.raw,1,,Q9H1B5|XYLT2_HUMAN,,,PEAKS DB,2,HAGPPHNEY,False,426000.0,1.0,N
NAVWALSNL,0.385,SB,,2042,NAVWALSNL,16.0,986.5185,9,-1.0,494.266,89.1,,6,F6:20712,F120180713_KP_THP1_w632_P6.raw,1,,O60684|IMA7_HUMAN,,,PEAKS DB,2,NAVWALSNL,False,607000.0,1.0,N
YGAQASMGL,0.387,SB,,4348,YGAQASMGL,22.23,912.4011,9,1.0,457.2083,38.23,,9,F9:7572,F120180713_KP_THP1_w632_P8.raw,2,,Q96PK6|RBM14_HUMAN,Oxidation (M),M7:Oxidation (M):1000.00,PEAKS DB,2,YGAQASM(+15.99)GL,False,5140000.0,2.0,N
IILDEIHLL,0.387,SB,,1296,IILDEIHLL,18.02,1077.6433,9,1.2,539.8296,87.14,3260000.0,28,F28:24550,F120180713_KP_THP1_BB72_P1.raw,1,1.0,O75643|U520_HUMAN,,,PEAKS DB,2,IILDEIHLL,True,,,N
IQDRAVPSL,0.390,SB,,2816,IQDRAVPSL,25.91,997.5556,9,1.1,499.7856,51.57,628000.0,122,F122:7503,F120180713_KP_THP1_BB72_P8.raw,1,1.0,Q14739|LBR_HUMAN,,,PEAKS DB,2,IQDRAVPSL,False,,,N
SLVDQSAAL,0.390,SB,,4061,SLVDQSAAL,20.88,902.4709,9,1.0,452.2432,64.47,3450000.0,122,F122:10508,F120180713_KP_THP1_BB72_P8.raw,1,1.0,Q9BRV8|SIKE1_HUMAN,,,PEAKS DB,2,SLVDQSAAL,False,,,N
FLNGEVIRL,0.391,SB,,3994,FLNGEVIRL,21.92,1059.6077,9,0.8,530.8115,92.23,10200000.0,31,F31:17156,F120180713_KP_THP1_BB72_P4.raw,1,1.0,Q99714|HCD2_HUMAN,,,PEAKS DB,2,FLNGEVIRL,False,,,N
ALLPAVPSL,0.391,SB,,767,ALLPAVPSL,17.53,879.5429,9,0.7,880.5508,98.02,28800000.0,32,F32:20866,F120180713_KP_THP1_BB72_P5.raw,1,1.0,,,,PEAKS DB,1,ALLPAVPSL,False,,,N
YIFDNVAKV,0.391,SB,,2883,YIFDNVAKV,22.11,1067.5651,9,0.9,534.7903,62.11,4020000.0,28,F28:15004,F120180713_KP_THP1_BB72_P1.raw,1,1.0,Q15293|RCN1_HUMAN,,,PEAKS DB,2,YIFDNVAKV,False,,,N
QVAAPGAPL,0.391,SB,,4425,QVAAPGAPL,14.9,822.4599,9,-0.5,823.4668,49.37,,7,F7:12454,F120180713_KP_THP1_w632_P7.raw,1,,Q99607|ELF4_HUMAN,,,PEAKS DB,1,QVAAPGAPL,False,600000.0,1.0,N
GANSIFLRL,0.393,SB,,1309,GANSIFLRL,18.92,989.5658,9,-0.5,495.7899,66.74,,6,F6:16567,F120180713_KP_THP1_w632_P6.raw,1,,,,,PEAKS DB,2,GANSIFLRL,False,638000.0,1.0,N
FLQSLTHRL,0.393,SB,,3777,FLQSLTHRL,27.3,1113.6294,9,1.0,557.8225,42.08,1720000.0,28,F28:7297,F120180713_KP_THP1_BB72_P1.raw,1,1.0,Q969M1|TM40L_HUMAN,,,PEAKS DB,2,FLQSLTHRL,False,,,N
YLYVGPSL,0.393,SB,,747,YLYVGPSL,20.12,910.48,8,1.6,911.4887,78.5,,3,F3:18243,F120180713_KP_THP1_w632_P3.raw,1,,Q14008|CKAP5_HUMAN,,,PEAKS DB,1,YLYVGPSL,False,1350000.0,1.0,N
QADRPHQL,0.393,SB,,773,QADRPHQL,25.52,963.4886,8,0.3,482.7517,19.99,,5,F5:2811,F120180713_KP_THP1_w632_P5.raw,1,,Q15427|SF3B4_HUMAN,,,PEAKS DB,2,QADRPHQL,False,1850000.0,1.0,N
SMVTVPSVL,0.394,SB,,353,SMVTVPSVL,14.37,947.4998,9,0.4,948.5074,94.26,1530000.0,30,F30:15519,F120180713_KP_THP1_BB72_P3.raw,1,1.0,,Oxidation (M),M2:Oxidation (M):1000.00,PEAKS DB,1,SM(+15.99)VTVPSVL,False,,,N
FLDSKFYLL,0.394,SB,,2079,FLDSKFYLL,27.69,1144.6168,9,0.9,573.3162,94.62,3480000.0,121,F121:25783,F120180713_KP_THP1_BB72_P10new.raw,1,1.0,P46821|MAP1B_HUMAN,,,PEAKS DB,2,FLDSKFYLL,False,,,N
FPRDKLAEL,0.395,SB,,3982,FPRDKLAEL,25.29,1087.6025,9,1.0,544.8091,40.79,,8,F8:6583,F120180713_KP_THP1_w632_P10.raw,1,,Q8N6T7|SIR6_HUMAN,,,PEAKS DB,2,FPRDKLAEL,False,39600000.0,1.0,N
RLYGITTAL,0.395,SB,,76,RLYGITTAL,16.92,1006.5811,9,1.1,504.2984,56.57,670000.0,29,F29:11136,F120180713_KP_THP1_BB72_P2.raw,1,1.0,,,,PEAKS DB,2,RLYGITTAL,False,,,N
FGTASTGTSL,0.395,SB,,5425,FGTASTGTSL,27.71,940.4502,10,-0.1,941.4574,48.15,,7,F7:11971,F120180713_KP_THP1_w632_P7.raw,2,,P52948|NUP98_HUMAN,,,PEAKS DB,1,FGTASTGTSL,False,17500000.0,2.0,N
AMFDKKVQL,0.395,SB,,1045,AMFDKKVQL,31.92,1094.5793,9,1.2,548.2976,42.86,7150000.0,121,F121:6168,F120180713_KP_THP1_BB72_P10new.raw,1,1.0,O15061|SYNEM_HUMAN,Oxidation (M),M2:Oxidation (M):1000.00,PEAKS DB,2,AM(+15.99)FDKKVQL,False,,,N
VLVEMVQAL,0.396,SB,,1079,VLVEMVQAL,28.0,1016.5576,9,1.2,509.2867,78.2,3240000.0,31,F31:13408,F120180713_KP_THP1_BB72_P4.raw,2,2.0,O15269|SPTC1_HUMAN,Oxidation (M),M5:Oxidation (M):1000.00,PEAKS DB,2,VLVEM(+15.99)VQAL,False,,,N
FIMEGGAMVL,0.396,SB,,5389,FIMEGGAMVL,26.16,1098.5089,10,-1.0,550.2612,64.56,,6,F6:16192,F120180713_KP_THP1_w632_P6.raw,1,,P33992|MCM5_HUMAN,Oxidation (M),M3:Oxidation (M):1000.00;M8:Oxidation (M):1000.00,PEAKS DB,2,FIM(+15.99)EGGAM(+15.99)VL,False,4710000.0,1.0,N
FILPKEIAV,0.397,SB,,4163,FILPKEIAV,28.01,1028.627,9,1.0,515.3213,93.4,7160000.0,31,F31:17591,F120180713_KP_THP1_BB72_P4.raw,1,1.0,Q9H1A4|APC1_HUMAN,,,PEAKS DB,2,FILPKEIAV,False,,,N
SLFEGTWYL,0.397,SB,,2529,SLFEGTWYL,15.45,1114.5334,9,0.0,1115.5408,106.31,51700000.0,29,F29:28030,F120180713_KP_THP1_BB72_P2.raw,1,1.0,Q01581|HMCS1_HUMAN,,,PEAKS DB,1,SLFEGTWYL,False,,,N
FLSQVAPNL,0.398,SB,,1402,FLSQVAPNL,22.17,987.5389,9,0.3,494.7769,72.01,2080000.0,28,F28:18643,F120180713_KP_THP1_BB72_P1.raw,2,2.0,O95848|NUD14_HUMAN,,,PEAKS DB,2,FLSQVAPNL,False,,,N
HAHLDIEAF,0.398,SB,,2222,HAHLDIEAF,25.17,1051.5087,9,0.6,526.7619,46.19,,3,F3:7241,F120180713_KP_THP1_w632_P3.raw,2,,P00966|ASSY_HUMAN,,,PEAKS DB,2,HAHLDIEAF,False,21600000.0,2.0,N
ILAEFEMTL,0.399,SB,,4736,ILAEFEMTL,23.79,1081.5365,9,1.1,541.7761,109.52,3060000.0,30,F30:21346,F120180713_KP_THP1_BB72_P3.raw,1,1.0,Q9Y3L3|3BP1_HUMAN,Oxidation (M),M7:Oxidation (M):1000.00,PEAKS DB,2,ILAEFEM(+15.99)TL,False,,,N
RLADALQEL,0.399,SB,,1450,RLADALQEL,21.15,1027.5662,9,1.0,514.7909,60.85,19300000.0,28,F28:14515,F120180713_KP_THP1_BB72_P1.raw,1,1.0,P02545|LMNA_HUMAN,,,PEAKS DB,2,RLADALQEL,False,,,N
RVPPPTSVV,0.399,SB,,4629,RVPPPTSVV,21.29,950.5549,9,0.0,476.2847,48.5,485000.0,44,F44:9012,F120180713_KP_THP1_BB72_P7.raw,1,1.0,Q9UMN6|KMT2B_HUMAN,,,PEAKS DB,2,RVPPPTSVV,False,,,N
IIVDIFHGL,0.399,SB,,4794,IIVDIFHGL,15.55,1025.5909,9,1.5,513.8035,86.58,230000.0,28,F28:24329,F120180713_KP_THP1_BB72_P1.raw,1,1.0,Q9Y4E8|UBP15_HUMAN,,,PEAKS DB,2,IIVDIFHGL,False,,,N
YIFTTPKSV,0.401,SB,,4705,YIFTTPKSV,27.15,1054.5698,9,0.8,528.2926,59.85,3400000.0,121,F121:12203,F120180713_KP_THP1_BB72_P10new.raw,1,1.0,Q9Y2H6|FND3A_HUMAN,,,PEAKS DB,2,YIFTTPKSV,False,,,N
YVYEYLLHI,0.401,SB,,4100,YVYEYLLHI,26.62,1211.6227,9,0.7,606.819,93.02,1470000.0,121,F121:25149,F120180713_KP_THP1_BB72_P10new.raw,1,1.0,Q9BWG4|SSBP4_HUMAN,,,PEAKS DB,2,YVYEYLLHI,False,,,N
MQYPGRSL,0.402,SB,,974,MQYPGRSL,13.37,950.4644,8,-0.1,476.2394,35.95,,7,F7:7719,F120180713_KP_THP1_w632_P7.raw,1,,Q9GZR7|DDX24_HUMAN,,,PEAKS DB,2,MQYPGRSL,False,296000.0,1.0,N
SIVEQQLPL,0.402,SB,,4462,SIVEQQLPL,17.58,1025.5757,9,0.2,513.7952,73.99,,1,F1:18708,F120180713_KP_THP1_w632_P1.raw,1,,Q9BQI3|E2AK1_HUMAN,,,PEAKS DB,2,SIVEQQLPL,False,360000.0,1.0,N
LLSDTKLEL,0.403,SB,,4527,LLSDTKLEL,17.59,1030.5909,9,0.1,516.3028,60.66,6600000.0,29,F29:12707,F120180713_KP_THP1_BB72_P2.raw,1,1.0,Q9UG63|ABCF2_HUMAN,,,PEAKS DB,2,LLSDTKLEL,False,,,N
VALDRVFHV,0.403,SB,,2922,VALDRVFHV,34.15,1054.5923,9,0.7,528.3038,53.8,797000.0,29,F29:10133,F120180713_KP_THP1_BB72_P2.raw,1,1.0,Q15654|TRIP6_HUMAN,,,PEAKS DB,2,VALDRVFHV,False,,,N
IANVERVPF,0.403,SB,,2267,IANVERVPF,25.4,1043.5763,9,-2.0,522.7944,52.14,,1,F1:10482,F120180713_KP_THP1_w632_P1.raw,2,,P06396|GELS_HUMAN,,,PEAKS DB,2,IANVERVPF,False,2590000.0,2.0,N
YVDDIFLRV,0.404,SB,,1374,YVDDIFLRV,22.08,1138.6022,9,0.3,570.3085,88.46,328000.0,44,F44:18971,F120180713_KP_THP1_BB72_P7.raw,1,1.0,O95477|ABCA1_HUMAN,,,PEAKS DB,2,YVDDIFLRV,False,,,N
SLQDRVIAL,0.404,SB,,3292,SLQDRVIAL,25.31,1013.5869,9,0.9,507.8012,56.73,829000.0,28,F28:12906,F120180713_KP_THP1_BB72_P1.raw,1,1.0,Q6ZU80|CE128_HUMAN,,,PEAKS DB,2,SLQDRVIAL,False,,,N
ILYDLQQNL,0.404,SB,,173,ILYDLQQNL,17.11,1118.5972,9,0.7,560.3063,78.21,2750000.0,29,F29:19323,F120180713_KP_THP1_BB72_P2.raw,1,1.0,,,,PEAKS DB,2,ILYDLQQNL,False,,,N
KLYESELTL,0.404,SB,,3163,KLYESELTL,29.0,1094.5859,9,0.9,548.3007,56.45,18600000.0,28,F28:12800,F120180713_KP_THP1_BB72_P1.raw,1,1.0,Q6EKJ0|GTD2B_HUMAN:Q86UP8|GTD2A_HUMAN,,,PEAKS DB,2,KLYESELTL,False,,,N
AAHLAQAL,0.405,SB,,765,AAHLAQAL,17.76,793.4446,8,-0.6,397.7293,31.88,,7,F7:6164,F120180713_KP_THP1_w632_P7.raw,1,,Q14966|ZN638_HUMAN,,,PEAKS DB,2,AAHLAQAL,False,203000.0,1.0,N
VLLSTIHEL,0.406,SB,,3166,VLLSTIHEL,22.59,1023.5964,9,0.5,512.8057,59.72,28100000.0,29,F29:12346,F120180713_KP_THP1_BB72_P2.raw,1,1.0,Q6I9Y2|THOC7_HUMAN,,,PEAKS DB,2,VLLSTIHEL,False,,,N
YLGDLIMAL,0.406,SB,,2818,YLGDLIMAL,20.42,1023.5311,9,1.2,512.7734,109.64,5730000.0,31,F31:22619,F120180713_KP_THP1_BB72_P4.raw,2,2.0,Q14739|LBR_HUMAN:O76062|ERG24_HUMAN,Oxidation (M),M7:Oxidation (M):1000.00,PEAKS DB,2,YLGDLIM(+15.99)AL,False,,,N
YVDDVFLRV,0.406,SB,,3502,YVDDVFLRV,22.52,1124.5865,9,1.0,563.3011,84.65,545000.0,32,F32:17027,F120180713_KP_THP1_BB72_P5.raw,1,1.0,Q8IZY2|ABCA7_HUMAN,,,PEAKS DB,2,YVDDVFLRV,False,,,N
FPHLESLAL,0.406,SB,,4375,FPHLESLAL,20.98,1025.5546,9,-1.0,513.7841,73.79,,6,F6:17907,F120180713_KP_THP1_w632_P6.raw,1,,Q96RT8|GCP5_HUMAN,,,PEAKS DB,2,FPHLESLAL,False,4890000.0,1.0,N
LAHVGPRL,0.407,SB,,372,LAHVGPRL,17.8,861.5184,8,0.6,431.7668,28.62,,9,F9:4427,F120180713_KP_THP1_w632_P8.raw,1,,,,,PEAKS DB,2,LAHVGPRL,False,5810000.0,1.0,N
HSHVGYTL,0.407,SB,,929,HSHVGYTL,22.14,912.4454,8,0.6,457.2302,26.85,,9,F9:3963,F120180713_KP_THP1_w632_P8.raw,1,,Q96JZ2|HSH2D_HUMAN,,,PEAKS DB,2,HSHVGYTL,False,6940000.0,1.0,N
FVQSGSHL,0.409,SB,,551,FVQSGSHL,24.16,873.4344,8,0.5,437.7247,28.1,,6,F6:5794,F120180713_KP_THP1_w632_P6.raw,1,,P04040|CATA_HUMAN,,,PEAKS DB,2,FVQSGSHL,False,481000.0,1.0,N
MAPRTLIL,0.409,SB,,553,MAPRTLIL,30.86,929.5368,8,0.6,465.776,46.78,,3,F3:7425,F120180713_KP_THP1_w632_P3.raw,1,,P04222|1C03_HUMAN:P30504|1C04_HUMAN:P30510|1C14_HUMAN:P30508|1C12_HUMAN:Q29960|1C16_HUMAN,Oxidation (M),M1:Oxidation (M):1000.00,PEAKS DB,2,M(+15.99)APRTLIL,True,434000.0,1.0,N
YGYDNVKEY,0.410,SB,,1625,YGYDNVKEY,15.08,1149.4978,9,0.1,575.7562,39.67,,7,F7:9114,F120180713_KP_THP1_w632_P7.raw,1,,,,,PEAKS DB,2,YGYDNVKEY,False,2010000.0,1.0,N
HLIEESVKL,0.411,SB,,4778,HLIEESVKL,23.41,1066.6022,9,1.2,534.309,57.48,4290000.0,121,F121:11260,F120180713_KP_THP1_BB72_P10new.raw,1,1.0,Q9Y4B4|ARIP4_HUMAN,,,PEAKS DB,2,HLIEESVKL,False,,,N
SGIARSASL,0.411,SB,,4085,SGIARSASL,24.92,860.4716,9,0.1,431.2431,28.93,,6,F6:6119,F120180713_KP_THP1_w632_P6.raw,1,,Q8TF40|FNIP1_HUMAN,,,PEAKS DB,2,SGIARSASL,False,701000.0,1.0,N
KVADLVLML,0.412,SB,,2809,KVADLVLML,21.73,1016.594,9,-0.3,509.3041,84.65,3600000.0,121,F121:21898,F120180713_KP_THP1_BB72_P10new.raw,1,1.0,Q14692|BMS1_HUMAN:Q5VTM2|AGAP9_HUMAN,Oxidation (M),M8:Oxidation (M):1000.00,PEAKS DB,2,KVADLVLM(+15.99)L,False,,,N
MLDKYSHYL,0.412,SB,,3057,MLDKYSHYL,23.85,1184.5536,9,1.3,593.2849,51.34,1810000.0,121,F121:8831,F120180713_KP_THP1_BB72_P10new.raw,2,2.0,Q5JSL3|DOC11_HUMAN,Oxidation (M),M1:Oxidation (M):1000.00,PEAKS DB,2,M(+15.99)LDKYSHYL,False,,,N
FLAPVKTEV,0.412,SB,,4973,FLAPVKTEV,22.23,1002.575,9,1.4,502.2955,47.57,,10,F10:10782,F120180713_KP_THP1_w632_P9.raw,1,,Q9UMS6|SYNP2_HUMAN,,,PEAKS DB,2,FLAPVKTEV,False,1570000.0,1.0,N
ILDISEHTL,0.413,SB,,4515,ILDISEHTL,24.94,1039.5549,9,1.5,520.7855,58.24,8900000.0,28,F28:13497,F120180713_KP_THP1_BB72_P1.raw,1,1.0,Q9UBU7|DBF4A_HUMAN,,,PEAKS DB,2,ILDISEHTL,False,,,N
SANIGPFL,0.413,SB,,743,SANIGPFL,26.45,817.4333,8,0.5,818.441,77.56,,2,F2:13265,F120180713_KP_THP1_w632_P2.raw,2,,Q13772|NCOA4_HUMAN,,,PEAKS DB,1,SANIGPFL,False,2060000.0,2.0,N
TVYVSMIAL,0.413,SB,,3361,TVYVSMIAL,14.95,1011.5311,9,-0.1,506.7728,76.05,,7,F7:18710,F120180713_KP_THP1_w632_P7.raw,1,,Q15008|PSMD6_HUMAN,Oxidation (M),M6:Oxidation (M):1000.00,PEAKS DB,2,TVYVSM(+15.99)IAL,False,153000.0,1.0,N
AAHVAPQL,0.413,SB,,949,AAHVAPQL,21.4,805.4446,8,-0.3,403.7295,30.82,,7,F7:5770,F120180713_KP_THP1_w632_P7.raw,1,,Q99856|ARI3A_HUMAN,,,PEAKS DB,2,AAHVAPQL,False,197000.0,1.0,N
MVDGTLLLL,0.414,SB,,1702,MVDGTLLLL,17.83,989.5467,9,1.8,990.5558,101.95,102000000.0,122,F122:15886,F120180713_KP_THP1_BB72_P8.raw,4,4.0,P13747|HLAE_HUMAN,Oxidation (M),M1:Oxidation (M):1000.00,PEAKS DB,1,M(+15.99)VDGTLLLL,False,,,N
MSEIEGIQSL,0.415,SB,,3287,MSEIEGIQSL,17.58,1106.5165,10,1.6,554.2664,73.13,339000.0,121,F121:17510,F120180713_KP_THP1_BB72_P10new.raw,1,1.0,Q6ZSZ5|ARHGI_HUMAN,Deamidation (NQ),Q8:Deamidation (NQ):1000.00,PEAKS DB,2,MSEIEGIQ(+.98)SL,False,,,N
KLMEEIREL,0.415,SB,,4212,KLMEEIREL,21.26,1175.6219,9,1.2,392.8817,35.56,8960000.0,28,F28:5262,F120180713_KP_THP1_BB72_P1.raw,2,2.0,Q9H582|ZN644_HUMAN,Oxidation (M),M3:Oxidation (M):1000.00,PEAKS DB,3,KLM(+15.99)EEIREL,False,,,N
VILDPVHSV,0.416,SB,,3484,VILDPVHSV,24.3,977.5546,9,0.9,489.785,60.7,2380000.0,121,F121:12543,F120180713_KP_THP1_BB72_P10new.raw,1,1.0,Q8IXX5|T183A_HUMAN:Q1AE95|T183B_HUMAN,,,PEAKS DB,2,VILDPVHSV,False,,,N
YAKNGQDL,0.416,SB,,711,YAKNGQDL,25.6,907.4399,8,-0.2,454.7272,22.4,,4,F4:3563,F120180713_KP_THP1_w632_P4.raw,2,,Q00839|HNRPU_HUMAN,,,PEAKS DB,2,YAKNGQDL,False,2570000.0,2.0,N
FSHVAMIL,0.416,SB,,903,FSHVAMIL,15.46,932.4789,8,-0.1,467.2467,48.9,,2,F2:7029,F120180713_KP_THP1_w632_P2.raw,1,,Q92600|RCD1_HUMAN,Oxidation (M),M6:Oxidation (M):1000.00,PEAKS DB,2,FSHVAM(+15.99)IL,False,678000.0,1.0,N
YLYHNVPDL,0.417,SB,,3499,YLYHNVPDL,23.82,1132.5553,9,1.7,567.2859,54.57,3950000.0,28,F28:12059,F120180713_KP_THP1_BB72_P1.raw,1,1.0,Q8IZQ1|WDFY3_HUMAN,,,PEAKS DB,2,YLYHNVPDL,False,,,N
TVIPNSHVY,0.417,SB,,4657,TVIPNSHVY,27.9,1028.5291,9,0.6,515.2721,38.68,,7,F7:8734,F120180713_KP_THP1_w632_P7.raw,1,,Q9H9Y2|RPF1_HUMAN,,,PEAKS DB,2,TVIPNSHVY,False,2810000.0,1.0,N
FLDPSKSSV,0.418,SB,,3550,FLDPSKSSV,24.38,978.5022,9,0.2,490.2585,49.34,7170000.0,44,F44:9321,F120180713_KP_THP1_BB72_P7.raw,1,1.0,Q8NCC3|PAG15_HUMAN,,,PEAKS DB,2,FLDPSKSSV,False,,,N
TLNEKLTAL,0.418,SB,,3658,TLNEKLTAL,27.98,1001.5757,9,1.3,501.7958,57.05,3560000.0,121,F121:11087,F120180713_KP_THP1_BB72_P10new.raw,1,1.0,Q8WUW1|BRK1_HUMAN,,,PEAKS DB,2,TLNEKLTAL,False,,,N
SASDPINL,0.418,SB,,450,SASDPINL,14.09,815.4025,8,-0.6,816.4092,34.65,,5,F5:7978,F120180713_KP_THP1_w632_P5.raw,2,,,,,PEAKS DB,1,SASDPINL,False,5620000.0,2.0,N
RAHKGPVL,0.418,SB,,284,RAHKGPVL,14.85,876.5294,8,-0.3,439.2718,20.52,,6,F6:2838,F120180713_KP_THP1_w632_P6.raw,1,,,,,PEAKS DB,2,RAHKGPVL,False,1200000.0,1.0,N
VIFDLPTTV,0.420,SB,,1189,VIFDLPTTV,18.39,1003.559,9,-0.1,1004.5661,99.03,6000000.0,43,F43:20088,F120180713_KP_THP1_BB72_P6.raw,1,1.0,O60303|K0556_HUMAN,,,PEAKS DB,1,VIFDLPTTV,False,,,N
YIRILTTVL,0.420,SB,,510,YIRILTTVL,17.43,1090.675,9,6.1,546.3481,79.3,55100.0,121,F121:19932,F120180713_KP_THP1_BB72_P10new.raw,1,1.0,,,,PEAKS DB,2,YIRILTTVL,False,,,N
TLSDIMVSL,0.421,SB,,4419,TLSDIMVSL,24.65,993.5052,9,0.4,994.5129,83.49,33300000.0,43,F43:16481,F120180713_KP_THP1_BB72_P6.raw,3,3.0,Q9NXF1|TEX10_HUMAN,Oxidation (M),M6:Oxidation (M):1000.00,PEAKS DB,1,TLSDIM(+15.99)VSL,False,,,N
QLIETSPVL,0.421,SB,,4343,QLIETSPVL,16.91,998.5648,9,1.1,500.2903,72.19,711000.0,28,F28:18714,F120180713_KP_THP1_BB72_P1.raw,1,1.0,Q9NRR4|RNC_HUMAN,,,PEAKS DB,2,QLIETSPVL,False,,,N
QILEGVHYL,0.421,SB,,4716,QILEGVHYL,25.07,1070.576,9,1.5,536.2961,60.0,5270000.0,29,F29:12454,F120180713_KP_THP1_BB72_P2.raw,1,1.0,Q9Y2U5|M3K2_HUMAN,,,PEAKS DB,2,QILEGVHYL,False,,,N
RIAEFTTNL,0.421,SB,,1960,RIAEFTTNL,26.0,1063.5662,9,1.0,532.7909,51.66,8520000.0,28,F28:10920,F120180713_KP_THP1_BB72_P1.raw,2,2.0,P35579|MYH9_HUMAN,,,PEAKS DB,2,RIAEFTTNL,False,,,N
FLPPLPTSV,0.421,SB,,2644,FLPPLPTSV,28.92,969.5535,9,1.0,485.7845,109.89,3790000.0,30,F30:21490,F120180713_KP_THP1_BB72_P3.raw,1,1.0,Q13057|COASY_HUMAN,,,PEAKS DB,2,FLPPLPTSV,False,,,N
HPKKPGPSL,0.421,SB,,1367,HPKKPGPSL,15.2,959.5552,9,0.9,480.7853,20.33,,6,F6:2778,F120180713_KP_THP1_w632_P6.raw,1,,,,,PEAKS DB,2,HPKKPGPSL,False,1380000.0,1.0,N
SILEQRQYL,0.421,SB,,3718,SILEQRQYL,16.88,1148.6189,9,1.9,575.3178,53.54,1160000.0,28,F28:11646,F120180713_KP_THP1_BB72_P1.raw,1,1.0,Q92620|PRP16_HUMAN,,,PEAKS DB,2,SILEQRQYL,False,,,N
VLVEATVKL,0.422,SB,,1166,VLVEATVKL,22.59,970.6063,9,1.0,486.3109,54.38,1910000.0,28,F28:11982,F120180713_KP_THP1_BB72_P1.raw,1,1.0,O60239|3BP5_HUMAN,,,PEAKS DB,2,VLVEATVKL,False,,,N
AAYRAQPSASL,0.422,SB,,5888,AAYRAQPSASL,19.35,1133.5829,11,0.7,567.7991,32.27,,6,F6:7432,F120180713_KP_THP1_w632_P6.raw,1,,Q96PK6|RBM14_HUMAN,,,PEAKS DB,2,AAYRAQPSASL,False,364000.0,1.0,N
HPNGNITEL,0.422,SB,,3751,HPNGNITEL,17.71,993.4879,9,1.4,497.7519,34.38,,9,F9:6204,F120180713_KP_THP1_w632_P8.raw,2,,Q7KZF4|SND1_HUMAN,,,PEAKS DB,2,HPNGNITEL,False,4220000.0,2.0,N
ISNPTRHVY,0.423,SB,,3086,ISNPTRHVY,30.29,1085.5618,9,0.2,543.7883,24.37,,6,F6:4321,F120180713_KP_THP1_w632_P6.raw,1,,Q04726|TLE3_HUMAN:Q04727|TLE4_HUMAN,,,PEAKS DB,2,ISNPTRHVY,False,557000.0,1.0,N
LMMDPLTGL,0.424,SB,,628,LMMDPLTGL,18.77,1021.4824,9,0.4,511.7487,80.58,903000.0,31,F31:13983,F120180713_KP_THP1_BB72_P4.raw,1,1.0,,Oxidation (M),M2:Oxidation (M):1000.00;M3:Oxidation (M):1000.00,PEAKS DB,2,LM(+15.99)M(+15.99)DPLTGL,False,,,N
RTFSPTYGL,0.424,SB,,1046,RTFSPTYGL,16.8,1120.4954,9,0.1,561.255,70.6,2210000.0,121,F121:16494,F120180713_KP_THP1_BB72_P10new.raw,1,1.0,O15061|SYNEM_HUMAN,Phosphorylation (STY),S4:Phosphorylation (STY):0.00,PEAKS DB,2,RTFS(+79.97)PTYGL,False,,,N
YAIHDETSY,0.424,SB,,2808,YAIHDETSY,15.75,1097.4666,9,0.0,549.7405,35.27,,6,F6:8479,F120180713_KP_THP1_w632_P6.raw,1,,P51587|BRCA2_HUMAN,,,PEAKS DB,2,YAIHDETSY,False,1810000.0,1.0,N
KVVDVDVKL,0.424,SB,,1049,KVVDVDVKL,26.17,1013.6121,9,1.2,507.8139,54.12,3040000.0,121,F121:9913,F120180713_KP_THP1_BB72_P10new.raw,1,1.0,O15066|KIF3B_HUMAN,,,PEAKS DB,2,KVVDVDVKL,False,,,N
YPLEKGHLF,0.425,SB,,1649,YPLEKGHLF,14.16,1102.5811,9,1.1,552.2984,46.11,,1,F1:8280,F120180713_KP_THP1_w632_P1.raw,1,,,,,PEAKS DB,2,YPLEKGHLF,False,346000.0,1.0,N
YLSLLNQQL,0.428,SB,,1295,YLSLLNQQL,33.69,1090.6023,9,0.5,546.3087,95.78,2420000.0,31,F31:18508,F120180713_KP_THP1_BB72_P4.raw,1,1.0,O75643|U520_HUMAN,,,PEAKS DB,2,YLSLLNQQL,False,,,N
AVLELKNEL,0.428,SB,,3296,AVLELKNEL,17.12,1027.5913,9,1.2,514.8035,56.3,,1,F1:12075,F120180713_KP_THP1_w632_P1.raw,1,,Q14289|FAK2_HUMAN,,,PEAKS DB,2,AVLELKNEL,False,8170000.0,1.0,N
YLYPDGRSY,0.428,SB,,3181,YLYPDGRSY,21.19,1132.5189,9,-1.4,567.2659,44.42,,9,F9:9974,F120180713_KP_THP1_w632_P8.raw,1,,Q13191|CBLB_HUMAN,,,PEAKS DB,2,YLYPDGRSY,False,1330000.0,1.0,N
TLDQHSFSL,0.429,SB,,1108,TLDQHSFSL,31.28,1046.5033,9,1.4,524.2596,62.26,2290000.0,121,F121:13168,F120180713_KP_THP1_BB72_P10new.raw,1,1.0,O43264|ZW10_HUMAN,,,PEAKS DB,2,TLDQHSFSL,False,,,N
FQHVGQTL,0.430,SB,,1004,FQHVGQTL,26.4,928.4767,8,-0.1,929.4839,33.44,,7,F7:6763,F120180713_KP_THP1_w632_P7.raw,2,,Q9NU22|MDN1_HUMAN,,,PEAKS DB,1,FQHVGQTL,False,8150000.0,2.0,N
FLMKQQSLL,0.431,SB,,304,FLMKQQSLL,18.18,1122.6107,9,0.0,562.3126,47.47,4670000.0,29,F29:8073,F120180713_KP_THP1_BB72_P2.raw,1,1.0,,Oxidation (M),M3:Oxidation (M):1000.00,PEAKS DB,2,FLM(+15.99)KQQSLL,False,,,N
TLASSLHTL,0.431,SB,,2886,TLASSLHTL,24.53,941.5182,9,0.8,471.7667,57.95,4470000.0,121,F121:11451,F120180713_KP_THP1_BB72_P10new.raw,1,1.0,Q15345|LRC41_HUMAN,,,PEAKS DB,2,TLASSLHTL,False,,,N
LSKGPGLEV,0.432,SB,,5125,LSKGPGLEV,24.66,898.5123,9,0.6,450.2637,37.03,,9,F9:7108,F120180713_KP_THP1_w632_P8.raw,1,,Q9Y613|FHOD1_HUMAN,,,PEAKS DB,2,LSKGPGLEV,False,6000000.0,1.0,N
HMLDPVFYL,0.433,SB,,125,HMLDPVFYL,17.4,1149.5529,9,0.8,575.7842,75.92,777000.0,28,F28:20194,F120180713_KP_THP1_BB72_P1.raw,1,1.0,,Oxidation (M),M2:Oxidation (M):1000.00,PEAKS DB,2,HM(+15.99)LDPVFYL,False,,,N
YQLSKEYTL,0.435,SB,,2263,YQLSKEYTL,24.9,1143.5812,9,1.3,572.7986,58.18,2800000.0,121,F121:11543,F120180713_KP_THP1_BB72_P10new.raw,1,1.0,P54577|SYYC_HUMAN,,,PEAKS DB,2,YQLSKEYTL,False,,,N
MLLEGHTLL,0.436,SB,,3879,MLLEGHTLL,17.79,1041.5529,9,0.9,521.7842,82.43,567000.0,31,F31:14507,F120180713_KP_THP1_BB72_P4.raw,1,1.0,Q96JI7|SPTCS_HUMAN,Oxidation (M),M1:Oxidation (M):1000.00,PEAKS DB,2,M(+15.99)LLEGHTLL,False,,,N
ILLEHNYAL,0.437,SB,,1041,ILLEHNYAL,28.77,1084.5917,9,0.4,543.3033,57.01,8540000.0,28,F28:13016,F120180713_KP_THP1_BB72_P1.raw,1,1.0,O15047|SET1A_HUMAN,,,PEAKS DB,2,ILLEHNYAL,False,,,N
FLSEHPNVTL,0.437,SB,,4536,FLSEHPNVTL,37.3,1155.5924,10,1.4,578.8043,63.83,26700000.0,121,F121:13797,F120180713_KP_THP1_BB72_P10new.raw,2,2.0,Q9UH17|ABC3B_HUMAN,,,PEAKS DB,2,FLSEHPNVTL,False,,,N
FPKENHEVF,0.437,SB,,4736,FPKENHEVF,34.7,1145.5505,9,1.0,573.7831,33.3,,10,F10:5278,F120180713_KP_THP1_w632_P9.raw,1,,Q9NRY4|RHG35_HUMAN,,,PEAKS DB,2,FPKENHEVF,False,11800000.0,1.0,N
YSVEYLPKV,0.437,SB,,1262,YSVEYLPKV,28.33,1096.5804,9,2.8,549.299,58.79,414000.0,28,F28:13718,F120180713_KP_THP1_BB72_P1.raw,1,1.0,O75369|FLNB_HUMAN,,,PEAKS DB,2,YSVEYLPKV,False,,,N
HVIHHTTVV,0.438,SB,,1076,HVIHHTTVV,36.65,1041.572,9,0.4,521.7935,21.37,,6,F6:3132,F120180713_KP_THP1_w632_P6.raw,1,,A1KXE4|F168B_HUMAN:Q92567|F168A_HUMAN,,,PEAKS DB,2,HVIHHTTVV,False,2340000.0,1.0,N
YANSSLIKY,0.438,SB,,1656,YANSSLIKY,14.44,1057.5444,9,0.9,529.78,42.93,,10,F10:8956,F120180713_KP_THP1_w632_P9.raw,1,,,,,PEAKS DB,2,YANSSLIKY,False,199000.0,1.0,N
FLSTLEHHL,0.439,SB,,3782,FLSTLEHHL,28.83,1095.5713,9,0.9,548.7934,43.68,25900000.0,28,F28:7893,F120180713_KP_THP1_BB72_P1.raw,1,1.0,Q969V3|NCLN_HUMAN,,,PEAKS DB,2,FLSTLEHHL,False,,,N
ATMPVVPSV,0.440,SB,,44,ATMPVVPSV,16.08,915.4736,9,0.6,458.7443,57.7,2850000.0,121,F121:11351,F120180713_KP_THP1_BB72_P10new.raw,2,2.0,,Oxidation (M),M3:Oxidation (M):1000.00,PEAKS DB,2,ATM(+15.99)PVVPSV,False,,,N
AIIEDVQRL,0.441,SB,,627,AIIEDVQRL,18.89,1055.5974,9,1.4,528.8067,55.88,223000.0,28,F28:12578,F120180713_KP_THP1_BB72_P1.raw,1,1.0,,,,PEAKS DB,2,AIIEDVQRL,False,,,N
TSYVGLVL,0.441,SB,,382,TSYVGLVL,18.66,850.48,8,0.0,851.4872,83.02,,4,F4:14870,F120180713_KP_THP1_w632_P4.raw,1,,,,,PEAKS DB,1,TSYVGLVL,False,6180000.0,1.0,N
SLYDYNPNL,0.444,SB,,3983,SLYDYNPNL,33.03,1097.5029,9,1.5,1098.5118,74.61,956000000.0,121,F121:18103,F120180713_KP_THP1_BB72_P10new.raw,2,2.0,Q99613|EIF3C_HUMAN:B5ME19|EIFCL_HUMAN,,,PEAKS DB,1,SLYDYNPNL,False,,,N
MLTESLVAL,0.445,SB,,3826,MLTESLVAL,25.17,991.526,9,0.5,496.7705,89.43,947000.0,31,F31:16271,F120180713_KP_THP1_BB72_P4.raw,1,1.0,Q96EP1|CHFR_HUMAN,Oxidation (M),M1:Oxidation (M):1000.00,PEAKS DB,2,M(+15.99)LTESLVAL,False,,,N
SLTEYIHHL,0.446,SB,,1385,SLTEYIHHL,29.07,1111.5662,9,0.5,556.7906,49.39,1750000.0,29,F29:8664,F120180713_KP_THP1_BB72_P2.raw,1,1.0,O95613|PCNT_HUMAN,,,PEAKS DB,2,SLTEYIHHL,False,,,N
FPAELGIVF,0.446,SB,,3875,FPAELGIVF,20.03,991.5378,9,0.4,992.5455,104.68,,1,F1:27514,F120180713_KP_THP1_w632_P1.raw,1,,Q86YV0|RASL3_HUMAN,,,PEAKS DB,1,FPAELGIVF,False,6090000.0,1.0,N
SVIQNLRTV,0.446,SB,,3963,SVIQNLRTV,23.11,1028.5978,9,1.9,515.3071,57.0,1480000.0,121,F121:11067,F120180713_KP_THP1_BB72_P10new.raw,1,1.0,Q99460|PSMD1_HUMAN,,,PEAKS DB,2,SVIQNLRTV,False,,,N
MPMTPGAAL,0.446,SB,,5100,MPMTPGAAL,12.76,903.4194,9,1.4,904.428,52.84,,8,F8:11084,F120180713_KP_THP1_w632_P10.raw,1,,Q9Y4H2|IRS2_HUMAN,Oxidation (M),M1:Oxidation (M):14.04,PEAKS DB,1,M(+15.99)PMTPGAAL,False,689000.0,1.0,N
FAITGHAEA,0.446,SB,,1283,FAITGHAEA,12.97,915.445,9,0.7,458.7301,34.63,,7,F7:7199,F120180713_KP_THP1_w632_P7.raw,1,,,,,PEAKS DB,2,FAITGHAEA,False,192000.0,1.0,N
AMHGFSVTL,0.447,SB,,4070,AMHGFSVTL,21.79,977.4641,9,1.0,489.7398,50.7,1370000.0,29,F29:9142,F120180713_KP_THP1_BB72_P2.raw,1,1.0,Q9BT22|ALG1_HUMAN,Oxidation (M),M2:Oxidation (M):1000.00,PEAKS DB,2,AM(+15.99)HGFSVTL,False,,,N
HLADFTPRL,0.448,SB,,1250,HLADFTPRL,21.36,1068.5715,9,1.1,535.2936,48.0,2560000.0,28,F28:9532,F120180713_KP_THP1_BB72_P1.raw,1,1.0,O75165|DJC13_HUMAN,,,PEAKS DB,2,HLADFTPRL,False,,,N
HPIDSQVAM,0.448,SB,,2052,HPIDSQVAM,22.28,1012.4648,9,0.6,507.24,24.16,,6,F6:4235,F120180713_KP_THP1_w632_P6.raw,1,,O60879|DIAP2_HUMAN,Oxidation (M),M9:Oxidation (M):1000.00,PEAKS DB,2,HPIDSQVAM(+15.99),False,2860000.0,1.0,N
SLVDTVYAL,0.449,SB,,2867,SLVDTVYAL,23.97,979.5226,9,0.9,980.5308,97.95,109000000.0,31,F31:19378,F120180713_KP_THP1_BB72_P4.raw,2,2.0,Q15052|ARHG6_HUMAN,,,PEAKS DB,1,SLVDTVYAL,False,,,N
LLQDQQHSL,0.449,SB,,4693,LLQDQQHSL,20.98,1080.5564,9,0.0,541.2855,43.47,804000.0,44,F44:7089,F120180713_KP_THP1_BB72_P7.raw,1,1.0,Q9Y264|ANGP4_HUMAN,,,PEAKS DB,2,LLQDQQHSL,False,,,N
FATRQAAEV,0.449,SB,,4793,FATRQAAEV,30.27,991.5087,9,0.0,496.7616,28.55,,6,F6:5971,F120180713_KP_THP1_w632_P6.raw,1,,Q9NW64|RBM22_HUMAN,,,PEAKS DB,2,FATRQAAEV,False,271000.0,1.0,N
GANHISPFL,0.450,SB,,3418,GANHISPFL,23.39,954.4923,9,0.5,478.2537,54.01,,3,F3:9778,F120180713_KP_THP1_w632_P3.raw,1,,Q15652|JHD2C_HUMAN,,,PEAKS DB,2,GANHISPFL,False,1140000.0,1.0,N
LAQAQQDAL,0.450,SB,,1509,LAQAQQDAL,13.44,956.4927,9,4.4,479.2557,67.9,,8,F8:16537,F120180713_KP_THP1_w632_P10.raw,1,,,,,PEAKS DB,2,LAQAQQDAL,False,321000.0,1.0,N
SLLSVSHAL,0.452,SB,,3941,SLLSVSHAL,25.38,925.5233,9,0.6,926.5311,54.13,1260000.0,29,F29:10248,F120180713_KP_THP1_BB72_P2.raw,2,2.0,Q96S15|WDR24_HUMAN,,,PEAKS DB,1,SLLSVSHAL,False,,,N
KVTDAIVLL,0.452,SB,,1646,KVTDAIVLL,17.49,970.6063,9,0.7,486.3107,93.36,1410000.0,31,F31:17576,F120180713_KP_THP1_BB72_P4.raw,1,1.0,P11172|UMPS_HUMAN,,,PEAKS DB,2,KVTDAIVLL,False,,,N
AAAERGAVEL,0.452,SB,,5575,AAAERGAVEL,24.56,985.5192,10,-0.6,493.7666,32.13,,7,F7:6259,F120180713_KP_THP1_w632_P7.raw,1,,Q8NBJ4|GOLM1_HUMAN,,,PEAKS DB,2,AAAERGAVEL,False,832000.0,1.0,N
MLDPLEVHL,0.453,SB,,3199,MLDPLEVHL,27.53,1081.5477,9,0.7,541.7815,81.19,4670000.0,44,F44:17586,F120180713_KP_THP1_BB72_P7.raw,2,2.0,Q6P2Q9|PRP8_HUMAN,Oxidation (M),M1:Oxidation (M):1000.00,PEAKS DB,2,M(+15.99)LDPLEVHL,False,,,N
FTMDPKLSA,0.453,SB,,2530,FTMDPKLSA,25.29,1008.495,9,1.5,505.2556,50.56,,10,F10:11955,F120180713_KP_THP1_w632_P9.raw,1,,P26640|SYVC_HUMAN,,,PEAKS DB,2,FTMDPKLSA,False,806000.0,1.0,N
ILDEAALHL,0.454,SB,,3805,ILDEAALHL,28.98,993.5494,9,1.1,497.7825,65.56,1070000.0,29,F29:14640,F120180713_KP_THP1_BB72_P2.raw,1,1.0,Q96BY7|ATG2B_HUMAN,,,PEAKS DB,2,ILDEAALHL,False,,,N
QINGASRAL,0.454,SB,,3294,QINGASRAL,21.09,928.509,9,0.4,465.262,27.01,,6,F6:5374,F120180713_KP_THP1_w632_P6.raw,1,,Q14258|TRI25_HUMAN,,,PEAKS DB,2,QINGASRAL,False,445000.0,1.0,N
FPVGPGTGF,0.454,SB,,4504,FPVGPGTGF,22.28,877.4333,9,1.0,878.4415,74.92,,1,F1:19078,F120180713_KP_THP1_w632_P1.raw,2,,Q9BUN8|DERL1_HUMAN,,,PEAKS DB,1,FPVGPGTGF,False,4910000.0,2.0,N
YPLEDHTEF,0.456,SB,,4124,YPLEDHTEF,36.37,1149.4978,9,1.0,575.7568,52.83,,10,F10:12828,F120180713_KP_THP1_w632_P9.raw,2,,Q8WXG6|MADD_HUMAN,,,PEAKS DB,2,YPLEDHTEF,False,64300000.0,2.0,N
AIEESVRQL,0.457,SB,,3606,AIEESVRQL,23.2,1043.561,9,0.8,522.7882,39.66,,9,F9:8139,F120180713_KP_THP1_w632_P8.raw,1,,Q5VT06|CE350_HUMAN,,,PEAKS DB,2,AIEESVRQL,False,1190000.0,1.0,N
LLAETHYQL,0.457,SB,,2123,LLAETHYQL,32.26,1086.5709,9,0.9,544.2932,60.07,46500000.0,121,F121:12290,F120180713_KP_THP1_BB72_P10new.raw,1,1.0,P49321|NASP_HUMAN,,,PEAKS DB,2,LLAETHYQL,False,,,N
HAADVFEAY,0.458,SB,,3577,HAADVFEAY,26.95,1021.4504,9,1.5,511.7333,49.08,,8,F8:9608,F120180713_KP_THP1_w632_P10.raw,2,,Q5T4S7|UBR4_HUMAN,,,PEAKS DB,2,HAADVFEAY,False,8890000.0,2.0,N
VINTLQPVL,0.459,SB,,3781,VINTLQPVL,16.12,996.5855,9,-0.1,997.5927,79.64,,3,F3:18693,F120180713_KP_THP1_w632_P3.raw,1,,Q7Z3B3|KANL1_HUMAN,Deamidation (NQ),N3:Deamidation (NQ):28.36,PEAKS DB,1,VIN(+.98)TLQPVL,False,14500000.0,1.0,N
FVSEGKIL,0.459,SB,,327,FVSEGKIL,19.18,891.5065,8,0.7,446.7608,44.05,,10,F10:9394,F120180713_KP_THP1_w632_P9.raw,1,,,,,PEAKS DB,2,FVSEGKIL,False,2900000.0,1.0,N
IQHDLIFSL,0.460,SB,,3464,IQHDLIFSL,23.16,1084.5917,9,0.9,543.3036,75.52,,9,F9:19836,F120180713_KP_THP1_w632_P8.raw,1,,Q16665|HIF1A_HUMAN,,,PEAKS DB,2,IQHDLIFSL,False,5400000.0,1.0,N
KIMDYSLLL,0.460,SB,,1032,KIMDYSLLL,23.65,1110.5995,9,0.5,556.3073,84.54,7170000.0,44,F44:18234,F120180713_KP_THP1_BB72_P7.raw,2,2.0,O14986|PI51B_HUMAN,Oxidation (M),M3:Oxidation (M):1000.00,PEAKS DB,2,KIM(+15.99)DYSLLL,False,,,N
AVMDAAIFL,0.460,SB,,4678,AVMDAAIFL,22.82,949.4943,9,0.2,950.5017,108.95,5290000.0,123,F123:23233,F120180713_KP_THP1_BB72_P9new.raw,1,1.0,Q9Y217|MTMR6_HUMAN,,,PEAKS DB,1,AVMDAAIFL,False,,,N
MLDEILLQL,0.460,SB,,2109,MLDEILLQL,20.01,1102.5944,9,1.0,552.305,110.48,1750000.0,31,F31:22957,F120180713_KP_THP1_BB72_P4.raw,2,2.0,P49005|DPOD2_HUMAN,Oxidation (M),M1:Oxidation (M):1000.00,PEAKS DB,2,M(+15.99)LDEILLQL,False,,,N
HAAEALLL,0.461,SB,,337,HAAEALLL,14.75,836.4756,8,1.7,419.2458,50.52,,3,F3:8671,F120180713_KP_THP1_w632_P3.raw,1,,,,,PEAKS DB,2,HAAEALLL,False,321000.0,1.0,N
DAAKNQVAL,0.461,SB,,2336,DAAKNQVAL,20.0,928.4977,9,1.6,465.2569,32.11,,6,F6:7369,F120180713_KP_THP1_w632_P6.raw,1,,P0DMV9|HS71B_HUMAN:P0DMV8|HS71A_HUMAN,,,PEAKS DB,2,DAAKNQVAL,False,253000.0,1.0,N
QLVDTTVEL,0.462,SB,,1282,QLVDTTVEL,16.75,1016.539,9,1.4,509.2775,73.17,8850000.0,28,F28:19107,F120180713_KP_THP1_BB72_P1.raw,1,1.0,O75533|SF3B1_HUMAN,,,PEAKS DB,2,QLVDTTVEL,False,,,N
YLGEQIQKL,0.462,SB,,2822,YLGEQIQKL,28.42,1090.6022,9,1.4,546.3091,61.98,3760000.0,121,F121:13052,F120180713_KP_THP1_BB72_P10new.raw,1,1.0,Q14746|COG2_HUMAN,,,PEAKS DB,2,YLGEQIQKL,False,,,N
LALDASQHSSL,0.465,SB,,5887,LALDASQHSSL,27.04,1140.5775,11,0.8,571.2965,43.44,,9,F9:9598,F120180713_KP_THP1_w632_P8.raw,1,,Q96J42|TXD15_HUMAN,,,PEAKS DB,2,LALDASQHSSL,False,4070000.0,1.0,N
KIYDALIYM,0.465,SB,,2688,KIYDALIYM,18.81,1144.5839,9,0.5,573.2995,75.3,749000.0,32,F32:15107,F120180713_KP_THP1_BB72_P5.raw,2,2.0,Q13535|ATR_HUMAN,Oxidation (M),M9:Oxidation (M):1000.00,PEAKS DB,2,KIYDALIYM(+15.99),False,,,N
KMDEYVASL,0.465,SB,,1159,KMDEYVASL,23.85,1054.5005,9,1.4,528.2582,60.67,320000.0,121,F121:12528,F120180713_KP_THP1_BB72_P10new.raw,1,1.0,O43865|SAHH2_HUMAN,,,PEAKS DB,2,KMDEYVASL,False,,,N
ILDSVLHHL,0.465,SB,,3082,ILDSVLHHL,33.61,1045.592,9,0.8,523.8037,54.77,846000.0,29,F29:10491,F120180713_KP_THP1_BB72_P2.raw,1,1.0,Q5T447|HECD3_HUMAN,,,PEAKS DB,2,ILDSVLHHL,False,,,N
ASSPILTL,0.467,SB,,412,ASSPILTL,12.74,880.4307,8,-4.3,441.2207,47.61,,7,F7:11766,F120180713_KP_THP1_w632_P7.raw,1,,,Phosphorylation (STY),T7:Phosphorylation (STY):25.70,PEAKS DB,2,ASSPILT(+79.97)L,False,127000.0,1.0,N
FPGPAGPSF,0.467,SB,,1778,FPGPAGPSF,25.41,875.4177,9,1.6,876.4264,70.66,,8,F8:17630,F120180713_KP_THP1_w632_P10.raw,3,,O00115|DNS2A_HUMAN,,,PEAKS DB,1,FPGPAGPSF,False,5260000.0,3.0,N
IPMTPTSSF,0.467,SB,,3815,IPMTPTSSF,36.56,979.4684,9,1.2,980.4769,66.51,,8,F8:15981,F120180713_KP_THP1_w632_P10.raw,4,,Q7Z5L9|I2BP2_HUMAN,,,PEAKS DB,1,IPMTPTSSF,False,327000000.0,4.0,N
SGNPIKVSF,0.468,SB,,2635,SGNPIKVSF,35.61,947.5076,9,1.3,474.7617,49.19,,8,F8:9649,F120180713_KP_THP1_w632_P10.raw,2,,P35637|FUS_HUMAN,,,PEAKS DB,2,SGNPIKVSF,False,22700000.0,2.0,N
IVVGRITEV,0.469,SB,,2716,IVVGRITEV,24.2,984.5967,9,1.4,493.3063,58.24,1550000.0,121,F121:11567,F120180713_KP_THP1_BB72_P10new.raw,1,1.0,Q13868|EXOS2_HUMAN,,,PEAKS DB,2,IVVGRITEV,False,,,N
FAIVASDTRL,0.470,SB,,5366,FAIVASDTRL,16.61,1091.5974,10,0.3,546.8062,57.19,,1,F1:12421,F120180713_KP_THP1_w632_P1.raw,1,,P20618|PSB1_HUMAN,,,PEAKS DB,2,FAIVASDTRL,False,3700000.0,1.0,N
SLVDIYSQL,0.472,SB,,2017,SLVDIYSQL,23.82,1036.5441,9,0.8,1037.5521,100.39,26400000.0,31,F31:20265,F120180713_KP_THP1_BB72_P4.raw,2,2.0,P42226|STAT6_HUMAN,,,PEAKS DB,1,SLVDIYSQL,False,,,N
LPNGPTHAF,0.473,SB,,4947,LPNGPTHAF,30.71,952.4766,9,1.1,477.2461,38.56,,9,F9:7704,F120180713_KP_THP1_w632_P8.raw,2,,Q9ULJ7|ANR50_HUMAN,,,PEAKS DB,2,LPNGPTHAF,False,12900000.0,2.0,N
VMLDVPIRL,0.473,SB,,4575,VMLDVPIRL,23.69,1070.6157,9,1.8,536.3161,84.34,56300000.0,44,F44:18193,F120180713_KP_THP1_BB72_P7.raw,2,2.0,Q9UJF2|NGAP_HUMAN,Oxidation (M),M2:Oxidation (M):1000.00,PEAKS DB,2,VM(+15.99)LDVPIRL,False,,,N
VMFNGKVYL,0.473,SB,,3080,VMFNGKVYL,33.59,1085.558,9,-0.1,543.7862,54.67,18600000.0,29,F29:10455,F120180713_KP_THP1_BB72_P2.raw,2,2.0,Q5T3J3|LRIF1_HUMAN,Oxidation (M),M2:Oxidation (M):1000.00,PEAKS DB,2,VM(+15.99)FNGKVYL,False,,,N
FPYGDASKF,0.473,SB,,4968,FPYGDASKF,36.04,1030.476,9,1.0,516.2458,52.41,,10,F10:12673,F120180713_KP_THP1_w632_P9.raw,2,,Q9UM19|HPCL4_HUMAN:P62760|VISL1_HUMAN:P84074|HPCA_HUMAN:P61601|NCALD_HUMAN:P37235|HPCL1_HUMAN,,,PEAKS DB,2,FPYGDASKF,False,30700000.0,2.0,N
FLSEKDSLL,0.474,SB,,2875,FLSEKDSLL,16.51,1050.5597,9,0.8,526.2875,59.15,1930000.0,28,F28:13856,F120180713_KP_THP1_BB72_P1.raw,1,1.0,Q15149|PLEC_HUMAN,,,PEAKS DB,2,FLSEKDSLL,False,,,N
TTFDKEFLL,0.475,SB,,1190,TTFDKEFLL,30.24,1112.5753,9,0.2,557.295,85.51,6710000.0,32,F32:17235,F120180713_KP_THP1_BB72_P5.raw,1,1.0,O60306|AQR_HUMAN,,,PEAKS DB,2,TTFDKEFLL,False,,,N
QGYPDHMVF,0.476,SB,,4176,QGYPDHMVF,14.78,1092.4698,9,0.6,547.2426,55.58,,1,F1:11799,F120180713_KP_THP1_w632_P1.raw,1,,Q92614|MY18A_HUMAN,,,PEAKS DB,2,QGYPDHMVF,False,1170000.0,1.0,N
FIPDGRVSV,0.476,SB,,4620,FIPDGRVSV,13.09,988.5341,9,1.6,495.2751,47.56,,10,F10:10775,F120180713_KP_THP1_w632_P9.raw,1,,Q9H3M7|TXNIP_HUMAN,,,PEAKS DB,2,FIPDGRVSV,False,351000.0,1.0,N
KLLPSVTEL,0.476,SB,,1807,KLLPSVTEL,29.2,998.6012,9,1.1,500.3084,60.56,6270000.0,29,F29:12668,F120180713_KP_THP1_BB72_P2.raw,1,1.0,P21675|TAF1_HUMAN:Q8IZX4|TAF1L_HUMAN,,,PEAKS DB,2,KLLPSVTEL,False,,,N
IPRPEVQAL,0.477,SB,,3535,IPRPEVQAL,19.19,1021.592,9,1.9,511.8042,46.01,,10,F10:10164,F120180713_KP_THP1_w632_P9.raw,1,,Q58EX7|PKHG4_HUMAN,,,PEAKS DB,2,IPRPEVQAL,False,828000.0,1.0,N
HVYPAQVQY,0.477,SB,,2736,HVYPAQVQY,29.27,1103.5399,9,-0.2,552.7771,38.01,,7,F7:8494,F120180713_KP_THP1_w632_P7.raw,1,,P48380|RFX3_HUMAN:P48378|RFX2_HUMAN,,,PEAKS DB,2,HVYPAQVQY,False,1100000.0,1.0,N
FPSNLVTEM,0.478,SB,,1430,FPSNLVTEM,13.3,1052.4849,9,0.7,527.2501,62.27,,3,F3:12632,F120180713_KP_THP1_w632_P3.raw,1,,,Oxidation (M),M9:Oxidation (M):1000.00,PEAKS DB,2,FPSNLVTEM(+15.99),False,1250000.0,1.0,N
ALPEIFTEL,0.479,SB,,2009,ALPEIFTEL,20.48,1031.5538,9,0.9,1032.562,101.99,50100000.0,28,F28:29628,F120180713_KP_THP1_BB72_P1.raw,1,1.0,P41091|IF2G_HUMAN:Q2VIR3|IF2GL_HUMAN,,,PEAKS DB,1,ALPEIFTEL,False,,,N
YITERIIAV,0.479,SB,,3147,YITERIIAV,32.32,1076.6229,9,0.9,539.3192,57.8,15000000.0,28,F28:13327,F120180713_KP_THP1_BB72_P1.raw,2,2.0,Q68CZ2|TENS3_HUMAN,,,PEAKS DB,2,YITERIIAV,False,,,N
HSHVALAL,0.480,SB,,342,HSHVALAL,18.11,846.4712,8,1.6,424.2436,31.79,,8,F8:4121,F120180713_KP_THP1_w632_P10.raw,1,,,,,PEAKS DB,2,HSHVALAL,False,577000.0,1.0,N
SLAEGRLYL,0.480,SB,,3343,SLAEGRLYL,30.07,1020.5604,9,0.5,511.2877,55.29,14600000.0,29,F29:10688,F120180713_KP_THP1_BB72_P2.raw,2,2.0,Q7Z3E5|ARMC9_HUMAN,,,PEAKS DB,2,SLAEGRLYL,False,,,N
SLFKDQMEL,0.480,SB,,472,SLFKDQMEL,16.1,1125.5376,9,0.8,563.7766,48.63,4760000.0,29,F29:8446,F120180713_KP_THP1_BB72_P2.raw,1,1.0,,Oxidation (M),M7:Oxidation (M):1000.00,PEAKS DB,2,SLFKDQM(+15.99)EL,False,,,N
IAVEPGNQW,0.480,SB,,1968,IAVEPGNQW,24.36,1012.4978,9,1.4,507.2569,60.79,,10,F10:15857,F120180713_KP_THP1_w632_P9.raw,1,,O43660|PLRG1_HUMAN,,,PEAKS DB,2,IAVEPGNQW,False,3890000.0,1.0,N
FPANNIVKF,0.481,SB,,2703,FPANNIVKF,34.88,1048.5706,9,0.9,525.293,60.06,,3,F3:11804,F120180713_KP_THP1_w632_P3.raw,1,,P43307|SSRA_HUMAN,,,PEAKS DB,2,FPANNIVKF,False,2430000.0,1.0,N
QLNEQVHSL,0.481,SB,,2904,QLNEQVHSL,26.81,1066.5408,9,-0.7,534.2773,43.17,2590000.0,44,F44:6982,F120180713_KP_THP1_BB72_P7.raw,1,1.0,Q15555|MARE2_HUMAN,,,PEAKS DB,2,QLNEQVHSL,False,,,N
SLADIAQKL,0.482,SB,,1106,SLADIAQKL,25.92,957.5494,9,0.4,479.7822,63.68,24300000.0,29,F29:13894,F120180713_KP_THP1_BB72_P2.raw,3,3.0,O43242|PSMD3_HUMAN,,,PEAKS DB,2,SLADIAQKL,False,,,N
FLNNQEYVL,0.482,SB,,2512,FLNNQEYVL,28.79,1138.5658,9,1.3,570.2909,76.64,34100000.0,29,F29:18699,F120180713_KP_THP1_BB72_P2.raw,2,2.0,Q01082|SPTB2_HUMAN,,,PEAKS DB,2,FLNNQEYVL,False,,,N
ALAEDPQEL,0.482,SB,,3470,ALAEDPQEL,22.17,984.4763,9,1.0,985.4846,57.51,13400000.0,44,F44:12444,F120180713_KP_THP1_BB72_P7.raw,1,1.0,Q8IX12|CCAR1_HUMAN,,,PEAKS DB,1,ALAEDPQEL,False,,,N
ALADVATVL,0.482,SB,,3695,ALADVATVL,19.13,871.5015,9,1.0,872.5096,80.35,174000000.0,29,F29:20172,F120180713_KP_THP1_BB72_P2.raw,1,1.0,Q92542|NICA_HUMAN,,,PEAKS DB,1,ALADVATVL,False,,,N
LPYQGHNSF,0.483,SB,,3807,LPYQGHNSF,37.77,1061.493,9,0.8,531.7542,38.25,,9,F9:7582,F120180713_KP_THP1_w632_P8.raw,2,,Q7Z4G4|TRM11_HUMAN,,,PEAKS DB,2,LPYQGHNSF,False,55600000.0,2.0,N
FPASTSTIF,0.483,SB,,4004,FPASTSTIF,24.39,969.4807,9,1.1,970.4891,76.14,,3,F3:17351,F120180713_KP_THP1_w632_P3.raw,2,,Q8NCL8|TM116_HUMAN,,,PEAKS DB,1,FPASTSTIF,False,8740000.0,2.0,N
SLARPGHPM,0.483,SB,,1984,SLARPGHPM,16.4,980.4861,9,-0.8,491.2499,19.78,,6,F6:2609,F120180713_KP_THP1_w632_P6.raw,1,,O43847|NRDC_HUMAN,Oxidation (M),M9:Oxidation (M):1000.00,PEAKS DB,2,SLARPGHPM(+15.99),False,287000.0,1.0,N
ITSEGRSL,0.483,SB,,957,ITSEGRSL,17.23,861.4556,8,-0.4,431.7349,24.73,,5,F5:4660,F120180713_KP_THP1_w632_P5.raw,1,,Q9BTE3|MCMBP_HUMAN,,,PEAKS DB,2,ITSEGRSL,False,307000.0,1.0,N
MTLEGDIRL,0.483,SB,,1318,MTLEGDIRL,22.89,1062.538,9,1.8,532.2772,54.33,882000.0,29,F29:10326,F120180713_KP_THP1_BB72_P2.raw,1,1.0,O94804|STK10_HUMAN,Oxidation (M),M1:Oxidation (M):1000.00,PEAKS DB,2,M(+15.99)TLEGDIRL,False,,,N
YVHETLTVY,0.485,SB,,4393,YVHETLTVY,30.82,1123.5549,9,0.3,562.7849,45.82,,10,F10:10091,F120180713_KP_THP1_w632_P9.raw,2,,Q96SW2|CRBN_HUMAN,,,PEAKS DB,2,YVHETLTVY,False,19000000.0,2.0,N
ISAKPLEM,0.485,SB,,998,ISAKPLEM,21.7,903.4735,8,0.8,452.7444,29.39,,9,F9:4643,F120180713_KP_THP1_w632_P8.raw,1,,Q9NQZ5|STAR7_HUMAN,Oxidation (M),M8:Oxidation (M):1000.00,PEAKS DB,2,ISAKPLEM(+15.99),False,327000.0,1.0,N
SVDSKPPVI,0.485,SB,,3289,SVDSKPPVI,32.76,940.5229,9,1.0,471.2692,45.66,1880000.0,44,F44:7901,F120180713_KP_THP1_BB72_P7.raw,1,1.0,Q6ZSZ5|ARHGI_HUMAN,,,PEAKS DB,2,SVDSKPPVI,False,,,N
FLAEHDYGL,0.485,SB,,3155,FLAEHDYGL,33.37,1063.4974,9,1.2,532.7567,56.78,2860000.0,28,F28:12926,F120180713_KP_THP1_BB72_P1.raw,1,1.0,Q69YN4|VIR_HUMAN,,,PEAKS DB,2,FLAEHDYGL,False,,,N
RLHDVLMEL,0.485,SB,,2083,RLHDVLMEL,19.18,1140.5961,9,0.2,571.3054,84.95,1640000.0,32,F32:17101,F120180713_KP_THP1_BB72_P5.raw,2,2.0,P46939|UTRO_HUMAN,Oxidation (M),M7:Oxidation (M):1000.00,PEAKS DB,2,RLHDVLM(+15.99)EL,False,,,N
FVYVFETL,0.487,SB,,333,FVYVFETL,17.8,1016.5219,8,-6.1,509.2651,70.84,157000.0,28,F28:18177,F120180713_KP_THP1_BB72_P1.raw,1,1.0,,,,PEAKS DB,2,FVYVFETL,False,,,N
YLLPYENLL,0.487,SB,,2621,YLLPYENLL,16.11,1136.6117,9,0.7,569.3135,104.89,10000000.0,28,F28:30713,F120180713_KP_THP1_BB72_P1.raw,1,1.0,Q12769|NU160_HUMAN,,,PEAKS DB,2,YLLPYENLL,False,,,N
YVVPFVAKV,0.488,SB,,10,YVVPFVAKV,31.37,1020.6008,9,0.6,511.30800000000005,109.6,28700000.0,30,F30:21375,F120180713_KP_THP1_BB72_P3.raw,1,1.0,A5YKK6|CNOT1_HUMAN,,,PEAKS DB,2,YVVPFVAKV,False,,,N
VIMGLSPIL,0.488,SB,,2575,VIMGLSPIL,17.55,957.5569,9,0.8,479.7861,84.01,,9,F9:21460,F120180713_KP_THP1_w632_P8.raw,1,,P30153|2AAA_HUMAN,Oxidation (M),M3:Oxidation (M):1000.00,PEAKS DB,2,VIM(+15.99)GLSPIL,False,955000.0,1.0,N
AITGNFKSL,0.489,SB,,2101,AITGNFKSL,21.91,949.5233,9,0.5,475.7691,43.79,,10,F10:9292,F120180713_KP_THP1_w632_P9.raw,1,,O75694|NU155_HUMAN,,,PEAKS DB,2,AITGNFKSL,False,689000.0,1.0,N
ILTKHLVEL,0.489,SB,,2671,ILTKHLVEL,18.3,1064.6593,9,0.7,533.3373,41.54,584000.0,28,F28:7107,F120180713_KP_THP1_BB72_P1.raw,1,1.0,Q13315|ATM_HUMAN,,,PEAKS DB,2,ILTKHLVEL,False,,,N
FLIDRSPEY,0.489,SB,,3760,FLIDRSPEY,27.48,1138.5658,9,0.6,570.2905,55.67,,8,F8:12175,F120180713_KP_THP1_w632_P10.raw,1,,Q7L273|KCTD9_HUMAN,,,PEAKS DB,2,FLIDRSPEY,False,1270000.0,1.0,N
ALISNSHQL,0.490,SB,,598,ALISNSHQL,14.33,981.5244,9,1.2,491.7701,47.19,1090000.0,122,F122:6493,F120180713_KP_THP1_BB72_P8.raw,1,1.0,,,,PEAKS DB,2,ALISNSHQL,False,,,N
YVGPHIPSSL,0.490,SB,,5542,YVGPHIPSSL,16.34,1068.5603,10,1.7,535.2883,55.25,,1,F1:11670,F120180713_KP_THP1_w632_P1.raw,1,,Q6W2J9|BCOR_HUMAN,,,PEAKS DB,2,YVGPHIPSSL,False,694000.0,1.0,N
HIIENIVAV,0.491,SB,,1311,HIIENIVAV,30.53,1006.5811,9,0.5,1007.5889,58.21,211000000.0,28,F28:13485,F120180713_KP_THP1_BB72_P1.raw,2,2.0,O76021|RL1D1_HUMAN,,,PEAKS DB,1,HIIENIVAV,False,,,N
FAAVAAAAY,0.491,SB,,2731,FAAVAAAAY,17.51,853.4333,9,1.2,854.4417,57.32,,9,F9:14987,F120180713_KP_THP1_w632_P8.raw,1,,P47974|TISD_HUMAN,,,PEAKS DB,1,FAAVAAAAY,False,5160000.0,1.0,N
HPIPGNYTF,0.491,SB,,4606,HPIPGNYTF,24.4,1044.5028,9,1.7,523.2596,48.24,,10,F10:11042,F120180713_KP_THP1_w632_P9.raw,2,,Q9H2S1|KCNN2_HUMAN,,,PEAKS DB,2,HPIPGNYTF,False,2250000.0,2.0,N
YAAQQHPQA,0.492,SB,,4346,YAAQQHPQA,27.96,1012.4726,9,-0.8,507.2432,20.4,,4,F4:2901,F120180713_KP_THP1_w632_P4.raw,2,,Q96PK6|RBM14_HUMAN,,,PEAKS DB,2,YAAQQHPQA,False,1430000.0,2.0,N
VLSDIIQNL,0.492,SB,,2275,VLSDIIQNL,22.27,1013.5757,9,0.3,507.7953,97.22,29000000.0,32,F32:20588,F120180713_KP_THP1_BB72_P5.raw,2,2.0,P55160|NCKPL_HUMAN,,,PEAKS DB,2,VLSDIIQNL,False,,,N
FVAEQKVEY,0.492,SB,,3072,FVAEQKVEY,40.09,1111.5549,9,0.2,556.7849,38.61,,7,F7:8706,F120180713_KP_THP1_w632_P7.raw,2,,Q04637|IF4G1_HUMAN,,,PEAKS DB,2,FVAEQKVEY,False,119000000.0,2.0,N
HLMLHTAAL,0.493,SB,,3557,HLMLHTAAL,24.92,1021.5379,9,1.4,511.7769,52.11,1240000.0,121,F121:9117,F120180713_KP_THP1_BB72_P10new.raw,1,1.0,Q8NDX5|PHC3_HUMAN,Oxidation (M),M3:Oxidation (M):1000.00,PEAKS DB,2,HLM(+15.99)LHTAAL,False,,,N
KMDDSALQL,0.493,SB,,3932,KMDDSALQL,20.87,1035.4906,9,1.2,518.7532,49.01,2230000.0,121,F121:7947,F120180713_KP_THP1_BB72_P10new.raw,1,1.0,Q96RF0|SNX18_HUMAN,Oxidation (M),M2:Oxidation (M):1000.00,PEAKS DB,2,KM(+15.99)DDSALQL,False,,,N
RAYALLLLL,0.493,SB,,169,RAYALLLLL,15.23,1044.6696,9,-9.9,1045.6665,88.72,852000.0,29,F29:23028,F120180713_KP_THP1_BB72_P2.raw,1,1.0,,,,PEAKS DB,1,RAYALLLLL,False,,,N
RLPPPFPGL,0.494,SB,,2703,RLPPPFPGL,29.95,992.5807,9,1.1,497.2982,97.55,4030000.0,31,F31:19216,F120180713_KP_THP1_BB72_P4.raw,2,2.0,Q13596|SNX1_HUMAN,,,PEAKS DB,2,RLPPPFPGL,False,,,N
QGFPNRVVF,0.494,SB,,1961,QGFPNRVVF,20.76,1062.561,9,0.8,532.2882,56.61,615000.0,29,F29:11151,F120180713_KP_THP1_BB72_P2.raw,1,1.0,P35579|MYH9_HUMAN,,,PEAKS DB,2,QGFPNRVVF,False,,,N
MAYGASFLSF,0.494,SB,,5513,MAYGASFLSF,22.28,1108.4899,10,0.6,555.2526,92.58,,10,F10:23760,F120180713_KP_THP1_w632_P9.raw,1,,Q5SWH9|TMM69_HUMAN,Oxidation (M),M1:Oxidation (M):1000.00,PEAKS DB,2,M(+15.99)AYGASFLSF,False,6560000.0,1.0,N
SLLTNHVTL,0.495,SB,,3432,SLLTNHVTL,17.51,996.5604,9,0.6,499.2878,54.31,1640000.0,29,F29:10316,F120180713_KP_THP1_BB72_P2.raw,1,1.0,Q86Z02|HIPK1_HUMAN,,,PEAKS DB,2,SLLTNHVTL,False,,,N
HPFSGPSVF,0.495,SB,,4134,HPFSGPSVF,19.9,973.4657,9,0.9,487.7405,53.43,,1,F1:10975,F120180713_KP_THP1_w632_P1.raw,1,,Q8WYQ9|ZCH14_HUMAN,,,PEAKS DB,2,HPFSGPSVF,False,711000.0,1.0,N
FLQEYVANL,0.496,SB,,1026,FLQEYVANL,21.44,1095.5601,9,-0.4,548.7871,109.73,4960000.0,30,F30:21429,F120180713_KP_THP1_BB72_P3.raw,1,1.0,O14980|XPO1_HUMAN,,,PEAKS DB,2,FLQEYVANL,False,,,N
ASHQGPTL,0.496,SB,,870,ASHQGPTL,22.93,809.4031,8,-0.2,405.7088,24.65,,6,F6:4433,F120180713_KP_THP1_w632_P6.raw,1,,Q8N1W2|ZN710_HUMAN,,,PEAKS DB,2,ASHQGPTL,False,223000.0,1.0,N
SIYDAIKEV,0.496,SB,,3666,SIYDAIKEV,24.49,1036.5441,9,0.7,519.2797,65.81,4210000.0,28,F28:16357,F120180713_KP_THP1_BB72_P1.raw,1,1.0,Q8WWW0|RASF5_HUMAN,,,PEAKS DB,2,SIYDAIKEV,False,,,N
ALMPQLVQL,0.497,SB,,4793,ALMPQLVQL,19.13,1027.5736,9,0.0,514.7941,83.73,6590000.0,43,F43:16531,F120180713_KP_THP1_BB72_P6.raw,2,2.0,Q9Y4D8|HECD4_HUMAN,Oxidation (M),M3:Oxidation (M):1000.00,PEAKS DB,2,ALM(+15.99)PQLVQL,False,,,N
LLQEHNNAL,0.497,SB,,3817,LLQEHNNAL,27.59,1050.5458,9,0.3,526.2803,45.0,1660000.0,44,F44:7647,F120180713_KP_THP1_BB72_P7.raw,1,1.0,Q96CV9|OPTN_HUMAN,,,PEAKS DB,2,LLQEHNNAL,False,,,N
ILQHPGAVL,0.497,SB,,2563,ILQHPGAVL,20.29,946.56,9,1.7,474.2881,41.81,,10,F10:8508,F120180713_KP_THP1_w632_P9.raw,1,,P29558|RBMS1_HUMAN,,,PEAKS DB,2,ILQHPGAVL,False,200000.0,1.0,N
HLDEARTLL,0.498,SB,,3121,HLDEARTLL,29.0,1066.577,9,0.8,534.2962,53.49,25800000.0,121,F121:9658,F120180713_KP_THP1_BB72_P10new.raw,1,1.0,Q5VTR2|BRE1A_HUMAN,,,PEAKS DB,2,HLDEARTLL,False,,,N
HGIAESAAL,0.498,SB,,4019,HGIAESAAL,21.49,867.445,9,0.3,434.7299,34.02,,7,F7:6973,F120180713_KP_THP1_w632_P7.raw,1,,Q8NEZ4|KMT2C_HUMAN,,,PEAKS DB,2,HGIAESAAL,False,78100.0,1.0,N
DAGPPTHAF,0.499,SB,,4285,DAGPPTHAF,23.82,911.4137,9,0.1,456.7142,37.66,,7,F7:8363,F120180713_KP_THP1_w632_P7.raw,1,,Q96FA3|PELI1_HUMAN:Q9HAT8|PELI2_HUMAN,,,PEAKS DB,2,DAGPPTHAF,False,179000.0,1.0,N
MAAMPQTVY,0.500,WB,,4089,MAAMPQTVY,25.34,1010.4565,9,0.8,506.236,59.53,,9,F9:15864,F120180713_KP_THP1_w632_P8.raw,1,,Q8WU79|SMAP2_HUMAN,,,PEAKS DB,2,MAAMPQTVY,False,4500000.0,1.0,N
ATTHLSPEL,0.501,WB,,4407,ATTHLSPEL,24.9,967.4974,9,0.6,484.7563,37.95,,9,F9:7462,F120180713_KP_THP1_w632_P8.raw,1,,Q96T76|MMS19_HUMAN,,,PEAKS DB,2,ATTHLSPEL,False,1310000.0,1.0,N
FPIPGEPGF,0.501,WB,,1891,FPIPGEPGF,25.14,959.4752,9,0.0,960.4825,87.19,,4,F4:16021,F120180713_KP_THP1_w632_P4.raw,13,,O15145|ARPC3_HUMAN,,,PEAKS DB,1,FPIPGEPGF,False,23000000.0,13.0,N
LLSDTVQHL,0.503,WB,,2018,LLSDTVQHL,16.78,1024.5553,9,1.3,513.2856,85.6,624000.0,123,F123:15272,F120180713_KP_THP1_BB72_P9new.raw,1,1.0,P42226|STAT6_HUMAN,,,PEAKS DB,2,LLSDTVQHL,False,,,N
VLADLKVQL,0.504,WB,,4314,VLADLKVQL,24.9,997.6171,9,0.7,499.8162,109.51,16200000.0,30,F30:21339,F120180713_KP_THP1_BB72_P3.raw,2,2.0,Q9NQP4|PFD4_HUMAN,,,PEAKS DB,2,VLADLKVQL,False,,,N
YLLTRNPHL,0.505,WB,,2096,YLLTRNPHL,20.97,1125.6294,9,1.5,563.8228,54.41,707000.0,121,F121:10028,F120180713_KP_THP1_BB72_P10new.raw,1,1.0,P48163|MAOX_HUMAN,,,PEAKS DB,2,YLLTRNPHL,False,,,N
IADPFFRSA,0.507,WB,,1819,IADPFFRSA,23.38,1022.5185,9,-0.1,512.2665,58.4,,3,F3:11189,F120180713_KP_THP1_w632_P3.raw,2,,O00478|BT3A3_HUMAN:P78410|BT3A2_HUMAN:O00481|BT3A1_HUMAN,,,PEAKS DB,2,IADPFFRSA,False,1780000.0,2.0,N
FMMPRIVNV,0.508,WB,,3445,FMMPRIVNV,30.91,1137.5675,9,0.7,569.7914,66.11,3400000.0,32,F32:13195,F120180713_KP_THP1_BB72_P5.raw,2,2.0,Q8IWI9|MGAP_HUMAN,Oxidation (M),M2:Oxidation (M):1000.00;M3:Oxidation (M):1000.00,PEAKS DB,2,FM(+15.99)M(+15.99)PRIVNV,False,,,N
ILYSKTEHL,0.509,WB,,2843,ILYSKTEHL,23.54,1102.6023,9,0.8,552.3088,46.12,200000.0,122,F122:6301,F120180713_KP_THP1_BB72_P8.raw,1,1.0,Q14997|PSME4_HUMAN,,,PEAKS DB,2,ILYSKTEHL,False,,,N
AMYGSGIYL,0.512,WB,,785,AMYGSGIYL,18.06,989.4528,9,0.2,990.4603,68.49,27900000.0,29,F29:15735,F120180713_KP_THP1_BB72_P2.raw,1,1.0,,Oxidation (M),M2:Oxidation (M):1000.00,PEAKS DB,1,AM(+15.99)YGSGIYL,False,,,N
SVYGSLASV,0.513,WB,,2527,SVYGSLASV,25.33,881.4494,9,1.2,882.4577,69.26,20000000.0,121,F121:15958,F120180713_KP_THP1_BB72_P10new.raw,1,1.0,Q01581|HMCS1_HUMAN,,,PEAKS DB,1,SVYGSLASV,False,,,N
RIFEKMFAM,0.514,WB,,2274,RIFEKMFAM,20.2,1203.578,9,1.5,402.2006,71.31,168000.0,31,F31:11863,F120180713_KP_THP1_BB72_P4.raw,1,1.0,P55160|NCKPL_HUMAN,Oxidation (M),M6:Oxidation (M):1000.00;M9:Oxidation (M):1000.00,PEAKS DB,3,RIFEKM(+15.99)FAM(+15.99),False,,,N
VTDELPPSI,0.514,WB,,1665,VTDELPPSI,14.26,969.5018,9,1.1,485.7587,75.47,,1,F1:19293,F120180713_KP_THP1_w632_P1.raw,1,,,,,PEAKS DB,2,VTDELPPSI,False,245000.0,1.0,N
LAKVGIAL,0.514,WB,,905,LAKVGIAL,19.4,783.5218,8,0.4,392.7683,49.57,,1,F1:9546,F120180713_KP_THP1_w632_P1.raw,1,,Q92616|GCN1_HUMAN,,,PEAKS DB,2,LAKVGIAL,False,3700000.0,1.0,N
VIIKPSEL,0.514,WB,,660,VIIKPSEL,14.37,897.5535,8,1.5,449.7847,45.56,,8,F8:8235,F120180713_KP_THP1_w632_P10.raw,1,,P51648|AL3A2_HUMAN,,,PEAKS DB,2,VIIKPSEL,False,440000.0,1.0,N
YVSDINSVY,0.514,WB,,4856,YVSDINSVY,16.05,1058.4921,9,1.5,530.2541,60.0,,9,F9:16050,F120180713_KP_THP1_w632_P8.raw,1,,Q9P2D0|IBTK_HUMAN,,,PEAKS DB,2,YVSDINSVY,False,3250000.0,1.0,N
LGIPNTAHF,0.515,WB,,3148,LGIPNTAHF,20.14,968.5079,9,1.4,485.2619,54.52,,8,F8:11725,F120180713_KP_THP1_w632_P10.raw,1,,Q12874|SF3A3_HUMAN,,,PEAKS DB,2,LGIPNTAHF,False,460000.0,1.0,N
QGVDPRSTF,0.517,WB,,3321,QGVDPRSTF,28.15,1005.4879,9,-0.1,503.7512,39.58,,7,F7:9078,F120180713_KP_THP1_w632_P7.raw,1,,Q14674|ESPL1_HUMAN,,,PEAKS DB,2,QGVDPRSTF,False,6760000.0,1.0,N
SLAEMIATL,0.518,WB,,4609,SLAEMIATL,16.03,963.4947,9,0.5,964.5024,78.15,8800000.0,29,F29:19299,F120180713_KP_THP1_BB72_P2.raw,1,1.0,Q9ULH0|KDIS_HUMAN,Oxidation (M),M5:Oxidation (M):1000.00,PEAKS DB,1,SLAEM(+15.99)IATL,False,,,N
TLAESALQL,0.520,WB,,4753,TLAESALQL,20.15,944.5178,9,1.5,473.2669,73.11,892000.0,28,F28:19084,F120180713_KP_THP1_BB72_P1.raw,1,1.0,Q9Y490|TLN1_HUMAN,,,PEAKS DB,2,TLAESALQL,False,,,N
HPFENMVAF,0.521,WB,,3944,HPFENMVAF,30.5,1106.4855,9,0.1,554.2501,51.34,,2,F2:7520,F120180713_KP_THP1_w632_P2.raw,2,,Q8N157|AHI1_HUMAN,Oxidation (M),M6:Oxidation (M):1000.00,PEAKS DB,2,HPFENM(+15.99)VAF,False,7500000.0,2.0,N
TLMEALHYM,0.525,WB,,1028,TLMEALHYM,26.16,1139.4991,9,0.5,570.7571,54.44,2230000.0,43,F43:10929,F120180713_KP_THP1_BB72_P6.raw,2,2.0,O14980|XPO1_HUMAN,Oxidation (M),M3:Oxidation (M):1000.00;M9:Oxidation (M):1000.00,PEAKS DB,2,TLM(+15.99)EALHYM(+15.99),False,,,N
QLFEKQLQL,0.525,WB,,2567,QLFEKQLQL,32.2,1145.6444,9,0.9,573.83,60.8,36700000.0,29,F29:12763,F120180713_KP_THP1_BB72_P2.raw,1,1.0,Q05209|PTN12_HUMAN,,,PEAKS DB,2,QLFEKQLQL,False,,,N
DANPETHAF,0.525,WB,,4449,DANPETHAF,28.93,1000.425,9,-0.1,501.2197,34.5,,6,F6:8237,F120180713_KP_THP1_w632_P6.raw,1,,Q99798|ACON_HUMAN,,,PEAKS DB,2,DANPETHAF,False,1730000.0,1.0,N
ILWETVPSM,0.526,WB,,3020,ILWETVPSM,27.49,1090.5369,9,0.4,546.2759,82.2,26200000.0,32,F32:16466,F120180713_KP_THP1_BB72_P5.raw,3,3.0,Q53EP0|FND3B_HUMAN,Oxidation (M),M9:Oxidation (M):1000.00,PEAKS DB,2,ILWETVPSM(+15.99),False,,,N
FPNAYNTAM,0.526,WB,,2056,FPNAYNTAM,24.87,1043.4382,9,1.3,522.7271,46.63,,9,F9:10805,F120180713_KP_THP1_w632_P8.raw,2,,O60942|MCE1_HUMAN,Oxidation (M),M9:Oxidation (M):1000.00,PEAKS DB,2,FPNAYNTAM(+15.99),False,1430000.0,2.0,N
YPLDVQKEF,0.527,WB,,4265,YPLDVQKEF,20.44,1137.5706,9,1.2,569.7932,58.34,,1,F1:12865,F120180713_KP_THP1_w632_P1.raw,1,,Q96CW6|S7A6O_HUMAN,,,PEAKS DB,2,YPLDVQKEF,False,635000.0,1.0,N
RPRDPTPSF,0.527,WB,,3258,RPRDPTPSF,16.14,1071.5461,9,-0.4,536.7802,28.13,,7,F7:4815,F120180713_KP_THP1_w632_P7.raw,1,,Q14137|BOP1_HUMAN,,,PEAKS DB,2,RPRDPTPSF,False,1840000.0,1.0,N
IIITPGYGL,0.528,WB,,3201,IIITPGYGL,23.23,945.5535,9,0.6,946.5613,82.84,,2,F2:14915,F120180713_KP_THP1_w632_P2.raw,2,,Q13423|NNTM_HUMAN,,,PEAKS DB,1,IIITPGYGL,False,5340000.0,2.0,N
YLFAVNIKL,0.528,WB,,3510,YLFAVNIKL,26.33,1079.6379,9,0.3,540.8264,91.26,2000000.0,121,F121:24449,F120180713_KP_THP1_BB72_P10new.raw,1,1.0,Q8N1G2|CMTR1_HUMAN,,,PEAKS DB,2,YLFAVNIKL,False,,,N
YLVSHPNEV,0.529,WB,,2817,YLVSHPNEV,37.48,1056.5239,9,0.7,529.2696,46.62,13000000.0,44,F44:8277,F120180713_KP_THP1_BB72_P7.raw,1,1.0,Q14739|LBR_HUMAN,,,PEAKS DB,2,YLVSHPNEV,False,,,N
SLVDASWEL,0.530,WB,,4154,SLVDASWEL,21.61,1018.4971,9,1.1,1019.5055,97.54,4550000.0,32,F32:20695,F120180713_KP_THP1_BB72_P5.raw,1,1.0,Q9H040|SPRTN_HUMAN,,,PEAKS DB,1,SLVDASWEL,False,,,N
VSYKGSISY,0.531,WB,,3690,VSYKGSISY,27.54,1002.5022,9,-0.3,502.2582,36.93,,7,F7:8099,F120180713_KP_THP1_w632_P7.raw,1,,Q6SPF0|SAMD1_HUMAN,,,PEAKS DB,2,VSYKGSISY,False,1390000.0,1.0,N
RLIQESPTL,0.531,WB,,3660,RLIQESPTL,18.79,1055.5975,9,0.7,528.8064,43.49,,10,F10:9172,F120180713_KP_THP1_w632_P9.raw,1,,Q6P1A2|MBOA5_HUMAN,,,PEAKS DB,2,RLIQESPTL,False,3300000.0,1.0,N
ILDDQTNKL,0.532,WB,,2486,ILDDQTNKL,23.65,1058.5608,9,-0.7,530.2873,46.35,5360000.0,44,F44:8172,F120180713_KP_THP1_BB72_P7.raw,1,1.0,P98082|DAB2_HUMAN,,,PEAKS DB,2,ILDDQTNKL,False,,,N
VLDDSTAKL,0.533,WB,,4462,VLDDSTAKL,25.48,960.5128,9,0.3,481.2638,45.23,5980000.0,44,F44:7735,F120180713_KP_THP1_BB72_P7.raw,1,1.0,Q9P219|DAPLE_HUMAN,,,PEAKS DB,2,VLDDSTAKL,False,,,N
YPYEAPPSY,0.534,WB,,3974,YPYEAPPSY,33.12,1085.4706,9,0.0,543.7426,57.4,,7,F7:15276,F120180713_KP_THP1_w632_P7.raw,5,,Q8N5I2|ARRD1_HUMAN,,,PEAKS DB,2,YPYEAPPSY,False,36300000.0,5.0,N
AVMEQIPEI,0.535,WB,,4258,AVMEQIPEI,18.62,1028.5212,9,0.8,515.2683,76.41,1260000.0,28,F28:20373,F120180713_KP_THP1_BB72_P1.raw,1,1.0,Q9HAV4|XPO5_HUMAN,,,PEAKS DB,2,AVMEQIPEI,False,,,N
SVLDQKILL,0.535,WB,,1184,SVLDQKILL,17.6,1027.6277,9,0.7,514.8215,109.76,6160000.0,30,F30:21440,F120180713_KP_THP1_BB72_P3.raw,1,1.0,O60287|NPA1P_HUMAN,,,PEAKS DB,2,SVLDQKILL,False,,,N
YVLDNLVNV,0.536,WB,,2649,YVLDNLVNV,17.82,1047.5601,9,0.8,524.7877,95.16,891000.0,31,F31:18264,F120180713_KP_THP1_BB72_P4.raw,1,1.0,Q13085|ACACA_HUMAN,,,PEAKS DB,2,YVLDNLVNV,False,,,N
TLANVVTSL,0.537,WB,,2113,TLANVVTSL,24.8,916.5229,9,-0.1,917.5302,108.96,105000000.0,30,F30:21118,F120180713_KP_THP1_BB72_P3.raw,1,1.0,P49116|NR2C2_HUMAN,,,PEAKS DB,1,TLANVVTSL,False,,,N
FNDSTRLIL,0.538,WB,,2845,FNDSTRLIL,28.63,1077.5818,9,0.4,539.7984,59.0,,3,F3:11405,F120180713_KP_THP1_w632_P3.raw,1,,P53350|PLK1_HUMAN,,,PEAKS DB,2,FNDSTRLIL,False,1410000.0,1.0,N
QAYSGIQQY,0.539,WB,,2163,QAYSGIQQY,34.35,1056.4875,9,-0.1,529.251,46.43,,6,F6:12444,F120180713_KP_THP1_w632_P6.raw,2,,O95319|CELF2_HUMAN,,,PEAKS DB,2,QAYSGIQQY,False,15500000.0,2.0,N
KLDETGVAL,0.540,WB,,2542,KLDETGVAL,18.2,944.5178,9,0.7,473.2665,54.37,1410000.0,122,F122:8162,F120180713_KP_THP1_BB72_P8.raw,1,1.0,Q02880|TOP2B_HUMAN,,,PEAKS DB,2,KLDETGVAL,False,,,N
VILPTVHEV,0.540,WB,,3443,VILPTVHEV,21.11,1005.5859,9,1.5,503.801,62.46,27200000.0,121,F121:13245,F120180713_KP_THP1_BB72_P10new.raw,2,2.0,Q8IWF6|DEN6A_HUMAN,,,PEAKS DB,2,VILPTVHEV,False,,,N
TLAPVVAKL,0.540,WB,,3444,TLAPVVAKL,24.77,910.5851,9,1.0,456.3003,51.74,299000.0,28,F28:10950,F120180713_KP_THP1_BB72_P1.raw,1,1.0,Q8IWI9|MGAP_HUMAN,,,PEAKS DB,2,TLAPVVAKL,False,,,N
SVSEGIRAV,0.541,WB,,2820,SVSEGIRAV,17.17,916.4977,9,0.0,459.2562,42.36,469000.0,44,F44:6696,F120180713_KP_THP1_BB72_P7.raw,1,1.0,Q14746|COG2_HUMAN,,,PEAKS DB,2,SVSEGIRAV,False,,,N
VIIDQLPDL,0.541,WB,,198,VIIDQLPDL,15.31,1024.5804,9,1.2,513.2981,98.57,1470000.0,31,F31:19615,F120180713_KP_THP1_BB72_P4.raw,1,1.0,,,,PEAKS DB,2,VIIDQLPDL,False,,,N
FPYPFQVVY,0.543,WB,,3099,FPYPFQVVY,32.33,1158.575,9,0.7,1159.583,100.86,,10,F10:25594,F120180713_KP_THP1_w632_P9.raw,4,,Q06187|BTK_HUMAN,,,PEAKS DB,1,FPYPFQVVY,False,241000000.0,4.0,N
HLLEEPIYL,0.544,WB,,4075,HLLEEPIYL,25.72,1125.6069,9,0.4,563.811,93.82,4010000.0,32,F32:19420,F120180713_KP_THP1_BB72_P5.raw,2,2.0,Q9BUB4|ADAT1_HUMAN,,,PEAKS DB,2,HLLEEPIYL,False,,,N
LPVPSGVAF,0.546,WB,,1181,LPVPSGVAF,18.98,885.4960000000002,9,1.0,886.5042,78.89,,3,F3:18399,F120180713_KP_THP1_w632_P3.raw,1,,,,,PEAKS DB,1,LPVPSGVAF,False,4850000.0,1.0,N
YIHSPGNVY,0.546,WB,,1627,YIHSPGNVY,12.91,1048.4978,9,1.2,1049.5063,43.38,,10,F10:9130,F120180713_KP_THP1_w632_P9.raw,1,,,,,PEAKS DB,1,YIHSPGNVY,False,1310000.0,1.0,N
GAVLPSGNTL,0.547,WB,,5518,GAVLPSGNTL,14.83,927.5025,10,1.2,464.7591,57.94,,9,F9:15236,F120180713_KP_THP1_w632_P8.raw,1,,Q5TBA9|FRY_HUMAN,,,PEAKS DB,2,GAVLPSGNTL,False,1080000.0,1.0,N
TVADHIQKV,0.550,WB,,4842,TVADHIQKV,35.14,1009.5556,9,-0.1,505.785,38.67,6780000.0,43,F43:5995,F120180713_KP_THP1_BB72_P6.raw,1,1.0,Q9Y678|COPG1_HUMAN,,,PEAKS DB,2,TVADHIQKV,False,,,N
SLIRSVVAL,0.550,WB,,2811,SLIRSVVAL,14.05,956.6018,9,1.1,479.3087,61.36,,2,F2:9616,F120180713_KP_THP1_w632_P2.raw,1,,P51665|PSMD7_HUMAN,,,PEAKS DB,2,SLIRSVVAL,False,223000.0,1.0,N
VIFDEVHYI,0.550,WB,,2899,VIFDEVHYI,32.39,1133.5757,9,1.1,567.7957,92.83,20900000.0,31,F31:17379,F120180713_KP_THP1_BB72_P4.raw,1,1.0,Q15477|SKIV2_HUMAN,,,PEAKS DB,2,VIFDEVHYI,True,,,N
SLLESVQKL,0.551,WB,,2686,SLLESVQKL,24.05,1015.5913,9,0.7,508.8033,60.88,13200000.0,29,F29:12796,F120180713_KP_THP1_BB72_P2.raw,1,1.0,Q13535|ATR_HUMAN,,,PEAKS DB,2,SLLESVQKL,False,,,N
MMAGPMAAF,0.552,WB,,1201,MMAGPMAAF,17.3,973.3707,9,0.7,487.693,45.38,,2,F2:6401,F120180713_KP_THP1_w632_P2.raw,1,,,Oxidation (M),M1:Oxidation (M):1000.00;M2:Oxidation (M):1000.00;M6:Oxidation (M):1000.00,PEAKS DB,2,M(+15.99)M(+15.99)AGPM(+15.99)AAF,False,477000.0,1.0,N
ILSEFSSKL,0.552,WB,,3523,ILSEFSSKL,26.62,1022.5648,9,0.6,512.29,54.76,5740000.0,28,F28:12135,F120180713_KP_THP1_BB72_P1.raw,1,1.0,Q8N3U4|STAG2_HUMAN,,,PEAKS DB,2,ILSEFSSKL,False,,,N
YLFENGQRV,0.553,WB,,4684,YLFENGQRV,21.47,1125.5454,9,0.6,563.7803,58.67,8900000.0,121,F121:11734,F120180713_KP_THP1_BB72_P10new.raw,2,2.0,Q9Y240|CLC11_HUMAN,Deamidation (NQ),N5:Deamidation (NQ):14.04,PEAKS DB,2,YLFEN(+.98)GQRV,False,,,N
FSINSRLASSL,0.554,WB,,5914,FSINSRLASSL,22.24,1193.6404,11,0.6,597.8278,61.28,,3,F3:12264,F120180713_KP_THP1_w632_P3.raw,1,,Q9UNH5|CC14A_HUMAN,,,PEAKS DB,2,FSINSRLASSL,False,828000.0,1.0,N
YINLGNVL,0.555,WB,,494,YINLGNVL,13.1,904.5018,8,0.1,905.5092,84.06,,4,F4:15134,F120180713_KP_THP1_w632_P4.raw,1,,O15294|OGT1_HUMAN,,,PEAKS DB,1,YINLGNVL,False,930000.0,1.0,N
FLLALEPEL,0.555,WB,,1484,FLLALEPEL,17.06,1043.5902,9,0.3,522.8026,105.05,30400000.0,28,F28:30773,F120180713_KP_THP1_BB72_P1.raw,3,3.0,P04843|RPN1_HUMAN,,,PEAKS DB,2,FLLALEPEL,False,,,N
VLAQQIATL,0.556,WB,,2936,VLAQQIATL,14.91,955.5702,9,1.2,956.5786,68.61,20000000.0,28,F28:17350,F120180713_KP_THP1_BB72_P1.raw,1,1.0,Q15833|STXB2_HUMAN,,,PEAKS DB,1,VLAQQIATL,False,,,N
FQIDDTYSV,0.556,WB,,325,FQIDDTYSV,17.3,1086.4869,9,1.0,544.2513,76.89,686000.0,121,F121:19005,F120180713_KP_THP1_BB72_P10new.raw,1,1.0,,,,PEAKS DB,2,FQIDDTYSV,False,,,N
ALSEVTAAL,0.556,WB,,760,ALSEVTAAL,15.33,873.4807,9,0.5,874.4885,71.7,41300000.0,121,F121:16937,F120180713_KP_THP1_BB72_P10new.raw,1,1.0,,,,PEAKS DB,1,ALSEVTAAL,False,,,N
QVIPQLQTV,0.557,WB,,2537,QVIPQLQTV,21.06,1024.5917,9,0.7,513.3035,73.79,856000.0,121,F121:17773,F120180713_KP_THP1_BB72_P10new.raw,1,1.0,Q02446|SP4_HUMAN,,,PEAKS DB,2,QVIPQLQTV,False,,,N
LLDVTPLSL,0.557,WB,,1644,LLDVTPLSL,15.48,969.5746,9,0.9,970.5828,102.03,98500000.0,44,F44:22192,F120180713_KP_THP1_BB72_P7.raw,1,1.0,P11142|HSP7C_HUMAN:P38646|GRP75_HUMAN,,,PEAKS DB,1,LLDVTPLSL,False,,,N
VAEDGSRVY,0.557,WB,,1533,VAEDGSRVY,16.44,994.4719,9,2.4,498.2444,26.37,,5,F5:5277,F120180713_KP_THP1_w632_P5.raw,1,,,,,PEAKS DB,2,VAEDGSRVY,False,126000.0,1.0,N
HLFEYYHRL,0.558,WB,,930,HLFEYYHRL,29.99,1276.6353,9,1.0,426.5528,40.08,1550000.0,28,F28:6573,F120180713_KP_THP1_BB72_P1.raw,1,1.0,O00182|LEG9_HUMAN,,,PEAKS DB,3,HLFEYYHRL,False,,,N
LLASIVSEL,0.558,WB,,1290,LLASIVSEL,15.57,943.559,9,0.8,944.567,106.07,1470000.0,123,F123:22147,F120180713_KP_THP1_BB72_P9new.raw,1,1.0,O75592|MYCB2_HUMAN,,,PEAKS DB,1,LLASIVSEL,False,,,N
MARSPGRAY,0.558,WB,,3255,MARSPGRAY,18.82,1007.4971,9,0.8,504.7562,20.42,,5,F5:2983,F120180713_KP_THP1_w632_P5.raw,1,,Q14126|DSG2_HUMAN,,,PEAKS DB,2,MARSPGRAY,False,648000.0,1.0,N
YLSSLQPRL,0.558,WB,,2712,YLSSLQPRL,21.26,1075.6025,9,0.3,538.8087,52.95,1980000.0,28,F28:11414,F120180713_KP_THP1_BB72_P1.raw,1,1.0,Q13769|THOC5_HUMAN,,,PEAKS DB,2,YLSSLQPRL,False,,,N
RSFPGSKEY,0.558,WB,,3304,RSFPGSKEY,22.7,1069.5192,9,0.1,535.7669,24.93,,6,F6:4544,F120180713_KP_THP1_w632_P6.raw,1,,Q14517|FAT1_HUMAN,,,PEAKS DB,2,RSFPGSKEY,False,926000.0,1.0,N
YPVEKMVPF,0.560,WB,,3808,YPVEKMVPF,25.29,1124.5576,9,0.7,563.2865,50.21,,2,F2:7308,F120180713_KP_THP1_w632_P2.raw,1,,Q7Z4G4|TRM11_HUMAN,Oxidation (M),M6:Oxidation (M):1000.00,PEAKS DB,2,YPVEKM(+15.99)VPF,False,1970000.0,1.0,N
FPHGDLTEF,0.560,WB,,5040,FPHGDLTEF,27.06,1061.4818,9,0.9,531.7487,59.74,,1,F1:13405,F120180713_KP_THP1_w632_P1.raw,2,,Q9Y2I1|NISCH_HUMAN,,,PEAKS DB,2,FPHGDLTEF,False,10800000.0,2.0,N
ALYDNVEKL,0.563,WB,,1567,ALYDNVEKL,31.48,1063.5549,9,1.2,532.7854,60.91,259000000.0,121,F121:12625,F120180713_KP_THP1_BB72_P10new.raw,2,2.0,P08243|ASNS_HUMAN,,,PEAKS DB,2,ALYDNVEKL,False,,,N
MMLDDLLQL,0.564,WB,,4002,MMLDDLLQL,18.71,1122.53,9,0.3,562.2725,100.9,1380000.0,32,F32:21733,F120180713_KP_THP1_BB72_P5.raw,2,2.0,Q99832|TCPH_HUMAN,Oxidation (M),M1:Oxidation (M):1000.00;M2:Oxidation (M):1000.00,PEAKS DB,2,M(+15.99)M(+15.99)LDDLLQL,False,,,N
YLAKVKSLL,0.564,WB,,1853,YLAKVKSLL,31.17,1033.6536,9,0.9,517.8345,42.02,2220000.0,28,F28:7273,F120180713_KP_THP1_BB72_P1.raw,1,1.0,P26358|DNMT1_HUMAN,,,PEAKS DB,2,YLAKVKSLL,False,,,N
ALMERMQQL,0.565,WB,,2296,ALMERMQQL,15.09,1134.5525,9,0.8,568.284,47.85,681000.0,121,F121:7583,F120180713_KP_THP1_BB72_P10new.raw,1,1.0,P58004|SESN2_HUMAN,Oxidation (M),M3:Oxidation (M):19.05,PEAKS DB,2,ALM(+15.99)ERMQQL,False,,,N
VLHDISSLL,0.566,WB,,1309,VLHDISSLL,24.73,995.5651,9,1.3,498.7905,92.11,2620000.0,31,F31:17121,F120180713_KP_THP1_BB72_P4.raw,1,1.0,O75787|RENR_HUMAN,,,PEAKS DB,2,VLHDISSLL,False,,,N
TADFPSIL,0.567,WB,,404,TADFPSIL,16.44,862.4436,8,-0.9,863.4501,82.48,,2,F2:14809,F120180713_KP_THP1_w632_P2.raw,1,,,,,PEAKS DB,1,TADFPSIL,False,9500000.0,1.0,N
TPSPATTTF,0.567,WB,,4312,TPSPATTTF,27.21,921.4443,9,0.5,922.4521,47.75,,7,F7:11818,F120180713_KP_THP1_w632_P7.raw,2,,Q96KR1|ZFR_HUMAN,,,PEAKS DB,1,TPSPATTTF,False,3850000.0,2.0,N
YLYGQTTTY,0.569,WB,,2360,YLYGQTTTY,24.23,1108.5077,9,1.3,555.2618,55.51,,9,F9:14263,F120180713_KP_THP1_w632_P8.raw,1,,P11388|TOP2A_HUMAN,,,PEAKS DB,2,YLYGQTTTY,False,63900000.0,1.0,N
EALERTEKL,0.570,WB,,1684,EALERTEKL,17.07,1087.5873,9,1.0,544.8015,44.26,2690000.0,44,F44:7361,F120180713_KP_THP1_BB72_P7.raw,1,1.0,P12814|ACTN1_HUMAN,,,PEAKS DB,2,EALERTEKL,False,,,N
SPYQGGVFF,0.570,WB,,2899,SPYQGGVFF,33.29,1000.4654,9,0.7,1001.4734,81.13,,2,F2:14340,F120180713_KP_THP1_w632_P2.raw,3,,P61077|UB2D3_HUMAN:Q9Y2X8|UB2D4_HUMAN:P62837|UB2D2_HUMAN,,,PEAKS DB,1,SPYQGGVFF,False,35500000.0,3.0,N
KLIEYYQQL,0.570,WB,,4579,KLIEYYQQL,29.74,1196.644,9,0.4,599.3295,56.0,2180000.0,28,F28:12624,F120180713_KP_THP1_BB72_P1.raw,1,1.0,Q9UJW0|DCTN4_HUMAN,,,PEAKS DB,2,KLIEYYQQL,False,,,N
FPIPEEYTF,0.570,WB,,3026,FPIPEEYTF,13.38,1141.5331,9,0.5,571.7741,93.2,,5,F5:20060,F120180713_KP_THP1_w632_P5.raw,1,,Q00839|HNRPU_HUMAN,,,PEAKS DB,2,FPIPEEYTF,False,205000.0,1.0,N
LPFPQGTHF,0.571,WB,,3812,LPFPQGTHF,20.03,1042.5236,9,1.1,522.2697,59.8,,3,F3:11703,F120180713_KP_THP1_w632_P3.raw,1,,Q7Z5J4|RAI1_HUMAN,,,PEAKS DB,2,LPFPQGTHF,False,279000.0,1.0,N
ILDHEVPSL,0.571,WB,,3187,ILDHEVPSL,24.69,1021.5444,9,0.9,511.7799,64.19,6140000.0,121,F121:13941,F120180713_KP_THP1_BB72_P10new.raw,1,1.0,Q6NZ36|FAP20_HUMAN,,,PEAKS DB,2,ILDHEVPSL,False,,,N
RLYQGINQL,0.571,WB,,2058,RLYQGINQL,23.73,1103.6088,9,1.4,552.8124,60.49,6700000.0,121,F121:12459,F120180713_KP_THP1_BB72_P10new.raw,1,1.0,P43246|MSH2_HUMAN,,,PEAKS DB,2,RLYQGINQL,False,,,N
EPDSPPVAL,0.571,WB,,2627,EPDSPPVAL,14.88,923.46,9,4.3,924.4712,46.79,539000.0,44,F44:8345,F120180713_KP_THP1_BB72_P7.raw,1,1.0,Q12772|SRBP2_HUMAN,,,PEAKS DB,1,EPDSPPVAL,False,,,N
IPIVPTAEF,0.572,WB,,2760,IPIVPTAEF,20.02,985.5484,9,0.5,986.5562,84.87,,2,F2:15519,F120180713_KP_THP1_w632_P2.raw,2,,P49448|DHE4_HUMAN:P00367|DHE3_HUMAN,,,PEAKS DB,1,IPIVPTAEF,False,4740000.0,2.0,N
SVIEQIVYV,0.573,WB,,2507,SVIEQIVYV,25.47,1048.5804,9,0.6,525.2978,96.64,6210000.0,31,F31:18853,F120180713_KP_THP1_BB72_P4.raw,2,2.0,Q00653|NFKB2_HUMAN,,,PEAKS DB,2,SVIEQIVYV,False,,,N
YANAKGIGY,0.573,WB,,1075,YANAKGIGY,33.91,955.4763,9,0.2,478.7455,31.21,,6,F6:7020,F120180713_KP_THP1_w632_P6.raw,1,,A1KXE4|F168B_HUMAN,,,PEAKS DB,2,YANAKGIGY,False,2740000.0,1.0,N
ILDEMRAQL,0.575,WB,,4856,ILDEMRAQL,21.02,1087.5696,9,1.3,544.7928,66.17,1020000.0,121,F121:14732,F120180713_KP_THP1_BB72_P10new.raw,1,1.0,Q9Y6K5|OAS3_HUMAN,,,PEAKS DB,2,ILDEMRAQL,False,,,N
SLQEQNTTL,0.576,WB,,3003,SLQEQNTTL,27.49,1032.5088,9,0.1,517.2617,46.03,1310000.0,43,F43:8479,F120180713_KP_THP1_BB72_P6.raw,1,1.0,Q3V6T2|GRDN_HUMAN,,,PEAKS DB,2,SLQEQNTTL,False,,,N
ILLEGTMNL,0.576,WB,,1269,ILLEGTMNL,28.19,1018.5369,9,0.5,1019.5447,79.52,88800000.0,31,F31:13720,F120180713_KP_THP1_BB72_P4.raw,6,6.0,O75448|MED24_HUMAN,Oxidation (M),M7:Oxidation (M):1000.00,PEAKS DB,1,ILLEGTM(+15.99)NL,False,,,N
SLMDPPGTAL,0.576,WB,,1270,SLMDPPGTAL,23.65,1016.4848,10,2.2,509.2508,60.83,2360000.0,121,F121:12593,F120180713_KP_THP1_BB72_P10new.raw,2,2.0,O75448|MED24_HUMAN,Oxidation (M),M3:Oxidation (M):1000.00,PEAKS DB,2,SLM(+15.99)DPPGTAL,False,,,N
KILDYEVTL,0.577,WB,,1991,KILDYEVTL,29.31,1092.6067,9,-0.2,547.3105,67.45,16900000.0,29,F29:15356,F120180713_KP_THP1_BB72_P2.raw,1,1.0,P40189|IL6RB_HUMAN,,,PEAKS DB,2,KILDYEVTL,False,,,N
RIFAHKIYL,0.578,WB,,4124,RIFAHKIYL,27.67,1159.6865,9,1.0,387.5698,37.06,494000.0,28,F28:5657,F120180713_KP_THP1_BB72_P1.raw,1,1.0,Q9BYZ6|RHBT2_HUMAN,,,PEAKS DB,3,RIFAHKIYL,False,,,N
QASIVLTL,0.578,WB,,754,QASIVLTL,12.62,843.5065,8,-1.2,844.5128,75.29,,4,F4:13434,F120180713_KP_THP1_w632_P4.raw,1,,Q14517|FAT1_HUMAN,,,PEAKS DB,1,QASIVLTL,False,232000.0,1.0,N
ITTVGPEL,0.578,WB,,1018,ITTVGPEL,18.48,828.4593,8,1.9,829.4681,59.2,,10,F10:15231,F120180713_KP_THP1_w632_P9.raw,1,,Q9P2D3|HTR5B_HUMAN,,,PEAKS DB,1,ITTVGPEL,False,8810000.0,1.0,N
YLREEVKTF,0.579,WB,,3740,YLREEVKTF,32.42,1183.6237,9,1.2,592.8198,35.21,,10,F10:5963,F120180713_KP_THP1_w632_P9.raw,1,,Q71RC2|LARP4_HUMAN,,,PEAKS DB,2,YLREEVKTF,False,31500000.0,1.0,N
YLTAATHGL,0.579,WB,,2247,YLTAATHGL,26.99,945.4919,9,1.5,473.754,50.51,495000.0,122,F122:7211,F120180713_KP_THP1_BB72_P8.raw,1,1.0,P53621|COPA_HUMAN,,,PEAKS DB,2,YLTAATHGL,False,,,N
ILLGKVQQL,0.580,WB,,200,ILLGKVQQL,18.77,1010.6488,9,1.5,506.3324,53.24,2420000.0,28,F28:11530,F120180713_KP_THP1_BB72_P1.raw,1,1.0,,,,PEAKS DB,2,ILLGKVQQL,False,,,N
FQGASNLTL,0.580,WB,,4410,FQGASNLTL,28.62,949.4869,9,0.7,950.4948,69.07,19500000.0,121,F121:15883,F120180713_KP_THP1_BB72_P10new.raw,2,2.0,Q9NVP1|DDX18_HUMAN,,,PEAKS DB,1,FQGASNLTL,False,,,N
SLDKTSPEM,0.581,WB,,3113,SLDKTSPEM,20.29,1022.459,9,-0.1,512.2367,24.17,382000.0,32,F32:3072,F120180713_KP_THP1_BB72_P5.raw,1,1.0,Q5UIP0|RIF1_HUMAN,Oxidation (M),M9:Oxidation (M):1000.00,PEAKS DB,2,SLDKTSPEM(+15.99),False,,,N
YLLTESSKL,0.581,WB,,3414,YLLTESSKL,23.44,1052.5753,9,1.3,527.2956,59.03,17400000.0,121,F121:11877,F120180713_KP_THP1_BB72_P10new.raw,2,2.0,Q86X83|COMD2_HUMAN,,,PEAKS DB,2,YLLTESSKL,False,,,N
APAPIHNQF,0.582,WB,,3363,APAPIHNQF,20.57,993.5032,9,-0.7,497.7585,33.74,,7,F7:6873,F120180713_KP_THP1_w632_P7.raw,1,,Q15011|HERP1_HUMAN,,,PEAKS DB,2,APAPIHNQF,False,1310000.0,1.0,N
ITAPPGTAA,0.582,WB,,1332,ITAPPGTAA,18.4,797.4283,9,-0.1,399.7214,34.97,,5,F5:8081,F120180713_KP_THP1_w632_P5.raw,2,,,,,PEAKS DB,2,ITAPPGTAA,False,687000.0,2.0,N
TQIELNPYL,0.584,WB,,4095,TQIELNPYL,23.55,1089.5706,9,1.4,545.7933,79.68,5280000.0,29,F29:19909,F120180713_KP_THP1_BB72_P2.raw,2,2.0,Q9BVV6|TALD3_HUMAN,,,PEAKS DB,2,TQIELNPYL,False,,,N
SAVEFLAPV,0.585,WB,,105,SAVEFLAPV,16.41,931.5015,9,1.4,932.5101,100.72,1770000.0,31,F31:20365,F120180713_KP_THP1_BB72_P4.raw,1,1.0,,,,PEAKS DB,1,SAVEFLAPV,False,,,N
FIDEYVETV,0.585,WB,,3296,FIDEYVETV,20.19,1113.5229,9,0.7,557.7692,76.61,752000.0,28,F28:20450,F120180713_KP_THP1_BB72_P1.raw,1,1.0,Q6ZUJ8|BCAP_HUMAN,,,PEAKS DB,2,FIDEYVETV,False,,,N
YPNVNIHNF,0.587,WB,,3031,YPNVNIHNF,38.89,1116.5353,9,0.6,559.2753,53.92,,1,F1:11167,F120180713_KP_THP1_w632_P1.raw,2,,Q01082|SPTB2_HUMAN,,,PEAKS DB,2,YPNVNIHNF,False,15800000.0,2.0,N
FLFDGSPTYVL,0.587,WB,,2130,FLFDGSPTYVL,26.55,1257.6281,11,0.8,629.8218,110.46,24800000.0,121,F121:32081,F120180713_KP_THP1_BB72_P10new.raw,2,2.0,P49327|FAS_HUMAN,,,PEAKS DB,2,FLFDGSPTYVL,False,,,N
NAIEGLTEY,0.588,WB,,2224,NAIEGLTEY,26.71,1008.4764,9,1.9,1009.4856,65.99,,8,F8:15778,F120180713_KP_THP1_w632_P10.raw,1,,P01031|CO5_HUMAN,,,PEAKS DB,1,NAIEGLTEY,False,63900000.0,1.0,N
LMQDSRLYL,0.588,WB,,1510,LMQDSRLYL,24.6,1153.5801,9,1.9,577.7984,48.62,767000.0,28,F28:9774,F120180713_KP_THP1_BB72_P1.raw,1,1.0,P06493|CDK1_HUMAN,Oxidation (M),M2:Oxidation (M):1000.00,PEAKS DB,2,LM(+15.99)QDSRLYL,False,,,N
FPAAQQTVF,0.589,WB,,4441,FPAAQQTVF,26.23,1007.5076,9,1.6,504.7619,66.73,,8,F8:16071,F120180713_KP_THP1_w632_P10.raw,2,,Q99700|ATX2_HUMAN,,,PEAKS DB,2,FPAAQQTVF,False,2840000.0,2.0,N
TPVSPGSTF,0.589,WB,,3894,TPVSPGSTF,18.17,971.4001,9,0.7,486.7077,71.96,,7,F7:17980,F120180713_KP_THP1_w632_P7.raw,1,,Q8IWI9|MGAP_HUMAN,Phosphorylation (STY),S4:Phosphorylation (STY):5.77,PEAKS DB,2,TPVS(+79.97)PGSTF,False,741000.0,1.0,N
FIFEQVQNV,0.590,WB,,3954,FIFEQVQNV,28.44,1122.5709,9,1.0,562.2933,80.39,1520000.0,29,F29:20190,F120180713_KP_THP1_BB72_P2.raw,1,1.0,Q96T68|SETB2_HUMAN,,,PEAKS DB,2,FIFEQVQNV,False,,,N
ILADATAKM,0.590,WB,,4760,ILADATAKM,24.71,948.495,9,0.2,475.2549,30.71,959000.0,44,F44:4075,F120180713_KP_THP1_BB72_P7.raw,2,2.0,Q9Y490|TLN1_HUMAN,Oxidation (M),M9:Oxidation (M):1000.00,PEAKS DB,2,ILADATAKM(+15.99),False,,,N
AATEGHPL,0.590,WB,,826,AATEGHPL,12.99,794.3922,8,0.3,398.2035,22.51,,5,F5:3804,F120180713_KP_THP1_w632_P5.raw,1,,Q6ZS81|WDFY4_HUMAN,,,PEAKS DB,2,AATEGHPL,False,130000.0,1.0,N
KIYEGQVEV,0.590,WB,,2071,KIYEGQVEV,30.91,1063.5549,9,1.5,1064.5638,82.33,178000000.0,123,F123:14257,F120180713_KP_THP1_BB72_P9new.raw,6,6.0,P46777|RL5_HUMAN,,,PEAKS DB,1,KIYEGQVEV,False,,,N
HIIAGAGEL,0.591,WB,,2398,HIIAGAGEL,17.3,879.4814,9,1.4,440.7486,41.29,,10,F10:8305,F120180713_KP_THP1_w632_P9.raw,1,,P13639|EF2_HUMAN,,,PEAKS DB,2,HIIAGAGEL,False,136000.0,1.0,N
YLPDIQERL,0.592,WB,,3065,YLPDIQERL,20.69,1145.608,9,1.9,573.8124,58.76,244000.0,28,F28:13706,F120180713_KP_THP1_BB72_P1.raw,1,1.0,Q5JWR5|DOP1_HUMAN,,,PEAKS DB,2,YLPDIQERL,False,,,N
SLTSKIPAL,0.592,WB,,2757,SLTSKIPAL,20.33,928.5593,9,0.3,465.2871,52.91,1470000.0,28,F28:11401,F120180713_KP_THP1_BB72_P1.raw,1,1.0,Q14157|UBP2L_HUMAN,,,PEAKS DB,2,SLTSKIPAL,False,,,N
KVATPPPSV,0.593,WB,,3148,KVATPPPSV,22.5,894.5175,9,0.0,448.266,37.37,248000.0,32,F32:6558,F120180713_KP_THP1_BB72_P5.raw,1,1.0,Q68CZ2|TENS3_HUMAN,,,PEAKS DB,2,KVATPPPSV,False,,,N
HLSDMLQQL,0.593,WB,,2242,HLSDMLQQL,26.76,1099.5332,9,0.5,550.7742,48.25,398000.0,29,F29:8316,F120180713_KP_THP1_BB72_P2.raw,1,1.0,P53350|PLK1_HUMAN,Oxidation (M),M5:Oxidation (M):1000.00,PEAKS DB,2,HLSDM(+15.99)LQQL,False,,,N
TVFEHTFHV,0.593,WB,,2012,TVFEHTFHV,37.17,1115.54,9,1.0,558.7778,44.91,20300000.0,28,F28:8369,F120180713_KP_THP1_BB72_P1.raw,1,1.0,P41250|SYG_HUMAN,,,PEAKS DB,2,TVFEHTFHV,False,,,N
FLMQYPGRSL,0.593,WB,,4152,FLMQYPGRSL,26.04,1226.6117,10,1.0,614.3137,48.63,3950000.0,29,F29:8444,F120180713_KP_THP1_BB72_P2.raw,1,1.0,Q9GZR7|DDX24_HUMAN,Oxidation (M),M3:Oxidation (M):1000.00,PEAKS DB,2,FLM(+15.99)QYPGRSL,False,,,N
TLTGKTITL,0.593,WB,,2418,TLTGKTITL,27.49,946.5699,9,1.4,474.2929,55.57,7620000.0,121,F121:10497,F120180713_KP_THP1_BB72_P10new.raw,2,2.0,P62987|RL40_HUMAN:P62979|RS27A_HUMAN:P0CG47|UBB_HUMAN:P0CG48|UBC_HUMAN,,,PEAKS DB,2,TLTGKTITL,False,,,N
RAVGRLEAV,0.594,WB,,2518,RAVGRLEAV,14.88,969.5719,9,0.4,485.7934,47.94,705000.0,44,F44:8797,F120180713_KP_THP1_BB72_P7.raw,1,1.0,Q01518|CAP1_HUMAN,,,PEAKS DB,2,RAVGRLEAV,False,,,N
TLMTSLPAL,0.595,WB,,4497,TLMTSLPAL,23.75,961.5154,9,0.0,481.765,81.81,1870000.0,32,F32:16384,F120180713_KP_THP1_BB72_P5.raw,1,1.0,Q9UBB6|NCDN_HUMAN,Oxidation (M),M3:Oxidation (M):1000.00,PEAKS DB,2,TLM(+15.99)TSLPAL,False,,,N
IIINHVISV,0.597,WB,,3844,IIINHVISV,28.35,1006.6175,9,-0.3,504.3159,58.53,978000.0,29,F29:11874,F120180713_KP_THP1_BB72_P2.raw,1,1.0,Q96GM5|SMRD1_HUMAN,,,PEAKS DB,2,IIINHVISV,False,,,N
ALDEPTTNL,0.597,WB,,3739,ALDEPTTNL,14.69,972.4764,9,0.6,973.4843,57.62,11400000.0,44,F44:12486,F120180713_KP_THP1_BB72_P7.raw,1,1.0,Q92878|RAD50_HUMAN,,,PEAKS DB,1,ALDEPTTNL,False,,,N
TLLGKVVAL,0.597,WB,,4804,TLLGKVVAL,20.16,912.6008,9,0.6,457.30800000000005,95.61,1110000.0,31,F31:18439,F120180713_KP_THP1_BB72_P4.raw,1,1.0,Q9Y4R8|TELO2_HUMAN,,,PEAKS DB,2,TLLGKVVAL,False,,,N
KLDETGNSL,0.597,WB,,1653,KLDETGNSL,27.93,975.4872,9,0.1,488.7509,39.07,4960000.0,43,F43:6126,F120180713_KP_THP1_BB72_P6.raw,1,1.0,P11388|TOP2A_HUMAN,,,PEAKS DB,2,KLDETGNSL,False,,,N
YLQNHFVGL,0.599,WB,,3867,YLQNHFVGL,32.76,1089.5607,9,0.4,545.7878,56.6,13900000.0,29,F29:11149,F120180713_KP_THP1_BB72_P2.raw,1,1.0,Q96IP4|FA46A_HUMAN,,,PEAKS DB,2,YLQNHFVGL,False,,,N
YPRPRDTSF,0.600,WB,,4475,YPRPRDTSF,23.96,1137.5566,9,0.2,569.7857,30.39,,7,F7:5607,F120180713_KP_THP1_w632_P7.raw,1,,Q9BRT2|UQCC2_HUMAN,,,PEAKS DB,2,YPRPRDTSF,False,21600000.0,1.0,N
ALDSRVRAL,0.600,WB,,1673,ALDSRVRAL,15.39,999.5825,9,0.2,500.7986,24.4,,6,F6:4333,F120180713_KP_THP1_w632_P6.raw,1,,,,,PEAKS DB,2,ALDSRVRAL,False,4640000.0,1.0,N
YLDGRLEPL,0.603,WB,,2152,YLDGRLEPL,31.06,1074.5709,9,0.9,538.2932,59.6,15100000.0,28,F28:14029,F120180713_KP_THP1_BB72_P1.raw,1,1.0,P49715|CEBPA_HUMAN,,,PEAKS DB,2,YLDGRLEPL,False,,,N
KMLEKLPEL,0.603,WB,,4384,KMLEKLPEL,26.93,1099.6311,9,0.5,550.8231,47.4,1790000.0,28,F28:9314,F120180713_KP_THP1_BB72_P1.raw,1,1.0,Q9NUQ8|ABCF3_HUMAN,,,PEAKS DB,2,KMLEKLPEL,False,,,N
MAHSFGESY,0.605,WB,,3795,MAHSFGESY,21.76,1043.4019,9,-0.4,522.7080000000002,30.7,,7,F7:5722,F120180713_KP_THP1_w632_P7.raw,1,,Q7Z403|TMC6_HUMAN,Oxidation (M),M1:Oxidation (M):1000.00,PEAKS DB,2,M(+15.99)AHSFGESY,False,6550000.0,1.0,N
IGNGVVIHL,0.605,WB,,2581,IGNGVVIHL,15.71,920.5443,9,0.6,461.2797,56.06,,3,F3:10426,F120180713_KP_THP1_w632_P3.raw,1,,P30520|PURA2_HUMAN,,,PEAKS DB,2,IGNGVVIHL,False,194000.0,1.0,N
ALDATHQQL,0.606,WB,,4718,ALDATHQQL,22.26,995.5036,9,0.7,498.7594,40.59,965000.0,43,F43:6635,F120180713_KP_THP1_BB72_P6.raw,1,1.0,Q9Y2X9|ZN281_HUMAN,,,PEAKS DB,2,ALDATHQQL,False,,,N
ALLDQLHTL,0.609,WB,,5150,ALLDQLHTL,12.68,1022.576,9,0.2,512.2954,70.47,,2,F2:11834,F120180713_KP_THP1_w632_P2.raw,1,,Q9Y6Q9|NCOA3_HUMAN,,,PEAKS DB,2,ALLDQLHTL,False,230000.0,1.0,N
HLYDIHVTV,0.610,WB,,34,HLYDIHVTV,33.24,1095.5713,9,0.8,548.7933,51.27,14100000.0,28,F28:10773,F120180713_KP_THP1_BB72_P1.raw,1,1.0,A8MXV4|NUD19_HUMAN,,,PEAKS DB,2,HLYDIHVTV,False,,,N
TLMGHMLYL,0.612,WB,,4746,TLMGHMLYL,19.0,1109.5249,9,1.4,555.7705,63.24,1710000.0,122,F122:10239,F120180713_KP_THP1_BB72_P8.raw,2,2.0,Q9Y450|HBS1L_HUMAN,Oxidation (M),M3:Oxidation (M):1000.00;M6:Oxidation (M):1000.00,PEAKS DB,2,TLM(+15.99)GHM(+15.99)LYL,False,,,N
NAAGVPKQSL,0.612,WB,,5607,NAAGVPKQSL,20.8,983.54,10,0.4,492.7775,28.29,,6,F6:5867,F120180713_KP_THP1_w632_P6.raw,1,,Q92794|KAT6A_HUMAN,,,PEAKS DB,2,NAAGVPKQSL,False,164000.0,1.0,N
SPKPPTSMF,0.612,WB,,4411,SPKPPTSMF,16.34,990.4844,9,2.0,496.2505,44.56,,8,F8:7846,F120180713_KP_THP1_w632_P10.raw,1,,Q99081|HTF4_HUMAN,,,PEAKS DB,2,SPKPPTSMF,False,232000.0,1.0,N
HVADFAPEV,0.612,WB,,1412,HVADFAPEV,14.92,983.4712,9,2.5,492.7441,48.19,,10,F10:11021,F120180713_KP_THP1_w632_P9.raw,1,,,,,PEAKS DB,2,HVADFAPEV,False,726000.0,1.0,N
LAAPPPAPA,0.613,WB,,3234,LAAPPPAPA,25.94,803.4541,9,0.6,804.4619,47.82,2930000.0,43,F43:9074,F120180713_KP_THP1_BB72_P6.raw,2,2.0,Q6SPF0|SAMD1_HUMAN,,,PEAKS DB,1,LAAPPPAPA,False,,,N
LALARSEL,0.613,WB,,373,LALARSEL,17.71,871.5127,8,1.5,872.5212,49.15,,8,F8:9632,F120180713_KP_THP1_w632_P10.raw,1,,,,,PEAKS DB,1,LALARSEL,False,9010000.0,1.0,N
VLAVHLNTL,0.613,WB,,1990,VLAVHLNTL,21.89,978.5862,9,0.7,490.3007,57.04,642000.0,29,F29:11316,F120180713_KP_THP1_BB72_P2.raw,1,1.0,P40121|CAPG_HUMAN,,,PEAKS DB,2,VLAVHLNTL,False,,,N
FAMIPAKEA,0.614,WB,,4498,FAMIPAKEA,28.87,976.5051,9,0.8,489.2602,44.48,,10,F10:9560,F120180713_KP_THP1_w632_P9.raw,1,,Q9BUI4|RPC3_HUMAN,,,PEAKS DB,2,FAMIPAKEA,False,891000.0,1.0,N
YLTDRVMTV,0.614,WB,,1088,YLTDRVMTV,26.51,1096.5587,9,0.9,549.2871,62.75,4300000.0,121,F121:13363,F120180713_KP_THP1_BB72_P10new.raw,1,1.0,O15379|HDAC3_HUMAN,,,PEAKS DB,2,YLTDRVMTV,False,,,N
LTTDISLIF,0.615,WB,,3686,LTTDISLIF,13.59,1021.5695,9,0.5,1022.5773,104.19,,1,F1:27367,F120180713_KP_THP1_w632_P1.raw,1,,Q6PKG0|LARP1_HUMAN,,,PEAKS DB,1,LTTDISLIF,False,4650000.0,1.0,N
YPYPGELTMM,0.615,WB,,5323,YPYPGELTMM,24.73,1232.5093,10,0.6,617.2623,63.13,,2,F2:10053,F120180713_KP_THP1_w632_P2.raw,1,,O75626|PRDM1_HUMAN,Oxidation (M),M9:Oxidation (M):1000.00;M10:Oxidation (M):1000.00,PEAKS DB,2,YPYPGELTM(+15.99)M(+15.99),False,2990000.0,1.0,N
ALAERQSEL,0.615,WB,,672,ALAERQSEL,14.32,1015.5298,9,-0.1,508.7721,39.96,324000.0,43,F43:6409,F120180713_KP_THP1_BB72_P6.raw,1,1.0,,,,PEAKS DB,2,ALAERQSEL,False,,,N
FPFPMDNQF,0.616,WB,,4444,FPFPMDNQF,22.61,1157.4851,9,0.5,579.7501,85.98,,7,F7:20406,F120180713_KP_THP1_w632_P7.raw,2,,Q99708|CTIP_HUMAN,Oxidation (M),M5:Oxidation (M):1000.00,PEAKS DB,2,FPFPM(+15.99)DNQF,False,891000.0,2.0,N
AALKYIPSV,0.616,WB,,3707,AALKYIPSV,26.36,960.5644,9,1.9,481.2904,63.78,895000.0,121,F121:13775,F120180713_KP_THP1_BB72_P10new.raw,1,1.0,Q92608|DOCK2_HUMAN,,,PEAKS DB,2,AALKYIPSV,False,,,N
YLINVCKSL,0.617,WB,,2363,YLINVCKSL,12.76,1051.5736,9,-6.4,526.7907,39.7,,9,F9:8154,F120180713_KP_THP1_w632_P8.raw,1,,P11717|MPRI_HUMAN,,,PEAKS DB,2,YLINVCKSL,False,383000.0,1.0,N
GMAERIPEL,0.620,WB,,1380,GMAERIPEL,31.21,1030.5117,9,1.2,516.2637,44.88,36500000.0,28,F28:8356,F120180713_KP_THP1_BB72_P1.raw,2,2.0,O95573|ACSL3_HUMAN,Oxidation (M),M2:Oxidation (M):1000.00,PEAKS DB,2,GM(+15.99)AERIPEL,False,,,N
SLFPGQVVI,0.623,WB,,2764,SLFPGQVVI,25.48,958.5487,9,0.3,480.2818,98.13,1480000.0,32,F32:20907,F120180713_KP_THP1_BB72_P5.raw,1,1.0,Q14181|DPOA2_HUMAN,,,PEAKS DB,2,SLFPGQVVI,False,,,N
RLADSSLHL,0.624,WB,,3699,RLADSSLHL,15.38,1010.5508,9,0.9,506.2831,52.48,4250000.0,121,F121:9258,F120180713_KP_THP1_BB72_P10new.raw,1,1.0,Q92585|MAML1_HUMAN,,,PEAKS DB,2,RLADSSLHL,False,,,N
KTGPVAKEL,0.624,WB,,3036,KTGPVAKEL,27.78,941.5546,9,0.0,471.7845,22.7,,6,F6:3660,F120180713_KP_THP1_w632_P6.raw,2,,Q01518|CAP1_HUMAN,,,PEAKS DB,2,KTGPVAKEL,False,4230000.0,2.0,N
SLHNGVIQL,0.624,WB,,2251,SLHNGVIQL,22.57,979.545,9,1.7,490.7806,48.49,641000.0,28,F28:9726,F120180713_KP_THP1_BB72_P1.raw,1,1.0,P53621|COPA_HUMAN,,,PEAKS DB,2,SLHNGVIQL,False,,,N
KLFEDELTL,0.625,WB,,774,KLFEDELTL,17.45,1106.5859,9,1.2,554.3009,96.35,1110000.0,31,F31:18737,F120180713_KP_THP1_BB72_P4.raw,1,1.0,,,,PEAKS DB,2,KLFEDELTL,False,,,N
NSYGAQGSSL,0.625,WB,,5622,NSYGAQGSSL,25.29,982.4355,10,1.2,492.2256,36.05,,5,F5:8460,F120180713_KP_THP1_w632_P5.raw,1,,Q96PK6|RBM14_HUMAN,,,PEAKS DB,2,NSYGAQGSSL,False,285000.0,1.0,N
IVNGQIHSV,0.628,WB,,2288,IVNGQIHSV,23.44,965.5294,9,1.0,483.7725,38.88,719000.0,43,F43:6067,F120180713_KP_THP1_BB72_P6.raw,1,1.0,P56589|PEX3_HUMAN,,,PEAKS DB,2,IVNGQIHSV,False,,,N
MIIEDETEF,0.628,WB,,1194,MIIEDETEF,13.57,1141.4849,9,0.7,571.7501,66.32,,1,F1:15789,F120180713_KP_THP1_w632_P1.raw,1,,,Oxidation (M),M1:Oxidation (M):1000.00,PEAKS DB,2,M(+15.99)IIEDETEF,False,1420000.0,1.0,N
SLVDLKAEL,0.628,WB,,272,SLVDLKAEL,16.66,986.5648,9,1.1,494.2902,66.29,1260000.0,29,F29:14926,F120180713_KP_THP1_BB72_P2.raw,1,1.0,,,,PEAKS DB,2,SLVDLKAEL,False,,,N
YLITSVELL,0.629,WB,,1202,YLITSVELL,22.52,1049.6008,9,1.7,1050.6099,109.15,9990000.0,123,F123:23313,F120180713_KP_THP1_BB72_P9new.raw,1,1.0,O60488|ACSL4_HUMAN,,,PEAKS DB,1,YLITSVELL,False,,,N
MPVETFSEF,0.631,WB,,3578,MPVETFSEF,15.86,1085.4739,9,0.3,1086.4814,81.66,,2,F2:14507,F120180713_KP_THP1_w632_P2.raw,1,,Q5T4S7|UBR4_HUMAN,,,PEAKS DB,1,MPVETFSEF,False,2870000.0,1.0,N
KLMGQIHQL,0.632,WB,,3609,KLMGQIHQL,18.02,1082.5907,9,0.5,542.3029,45.46,632000.0,44,F44:7822,F120180713_KP_THP1_BB72_P7.raw,1,1.0,Q8TBA6|GOGA5_HUMAN,Oxidation (M),M3:Oxidation (M):1000.00,PEAKS DB,2,KLM(+15.99)GQIHQL,False,,,N
GLIPISSEL,0.632,WB,,3621,GLIPISSEL,24.17,927.5276,9,1.3,928.5361,96.59,14000000.0,31,F31:18831,F120180713_KP_THP1_BB72_P4.raw,1,1.0,Q8TCU6|PREX1_HUMAN,,,PEAKS DB,1,GLIPISSEL,False,,,N
LSHLSSEL,0.632,WB,,252,LSHLSSEL,14.85,884.4603,8,0.9,443.2379,36.27,,9,F9:6839,F120180713_KP_THP1_w632_P8.raw,1,,,,,PEAKS DB,2,LSHLSSEL,False,1760000.0,1.0,N
YVLDQDFGL,0.632,WB,,3405,YVLDQDFGL,25.89,1068.5127,9,0.2,535.2637,98.77,1910000.0,31,F31:19690,F120180713_KP_THP1_BB72_P4.raw,2,2.0,Q86W11|ZSC30_HUMAN,,,PEAKS DB,2,YVLDQDFGL,False,,,N
SLYEENNKL,0.637,WB,,3453,SLYEENNKL,32.02,1108.54,9,0.4,555.2775,46.07,15800000.0,44,F44:8061,F120180713_KP_THP1_BB72_P7.raw,1,1.0,Q8IWJ2|GCC2_HUMAN,,,PEAKS DB,2,SLYEENNKL,False,,,N
FSYAPPSEDLFL,0.637,WB,,5984,FSYAPPSEDLFL,23.87,1384.655,12,1.0,693.3354,99.22,,9,F9:24402,F120180713_KP_THP1_w632_P8.raw,1,,Q96BR1|SGK3_HUMAN,,,PEAKS DB,2,FSYAPPSEDLFL,False,3370000.0,1.0,N
YLAVESPFL,0.637,WB,,2177,YLAVESPFL,28.99,1037.5433,9,0.1,519.779,99.02,34500000.0,43,F43:20086,F120180713_KP_THP1_BB72_P6.raw,2,2.0,P50416|CPT1A_HUMAN,,,PEAKS DB,2,YLAVESPFL,False,,,N
QAHLELRTF,0.637,WB,,4415,QAHLELRTF,16.45,1113.593,9,1.2,557.8044,40.0,,8,F8:6337,F120180713_KP_THP1_w632_P10.raw,1,,Q99459|CDC5L_HUMAN,,,PEAKS DB,2,QAHLELRTF,False,879000.0,1.0,N
ILDEVIFKL,0.638,WB,,2866,ILDEVIFKL,28.91,1088.6481,9,1.1,545.3319,93.54,28400000.0,121,F121:25355,F120180713_KP_THP1_BB72_P10new.raw,2,2.0,Q15051|IQCB1_HUMAN,,,PEAKS DB,2,ILDEVIFKL,False,,,N
KLLDKISEL,0.639,WB,,3947,KLLDKISEL,21.52,1057.6383,9,1.1,529.827,51.1,7350000.0,28,F28:10710,F120180713_KP_THP1_BB72_P1.raw,1,1.0,Q96SB3|NEB2_HUMAN,,,PEAKS DB,2,KLLDKISEL,False,,,N
ILSESVMNL,0.639,WB,,4545,ILSESVMNL,20.82,1020.5161,9,0.1,511.2654,61.0,1010000.0,29,F29:12844,F120180713_KP_THP1_BB72_P2.raw,1,1.0,Q9UHV7|MED13_HUMAN,Oxidation (M),M7:Oxidation (M):1000.00,PEAKS DB,2,ILSESVM(+15.99)NL,False,,,N
HVHSEFESF,0.639,WB,,2453,HVHSEFESF,30.38,1117.4828,9,1.0,559.7492,35.17,,10,F10:5947,F120180713_KP_THP1_w632_P9.raw,2,,P17947|SPI1_HUMAN,,,PEAKS DB,2,HVHSEFESF,False,14000000.0,2.0,N
FQNKKRVLL,0.639,WB,,2928,FQNKKRVLL,29.87,1144.708,9,1.6,382.5772,25.64,,10,F10:3370,F120180713_KP_THP1_w632_P9.raw,4,,P62280|RS11_HUMAN,,,PEAKS DB,3,FQNKKRVLL,False,9280000.0,4.0,N
SSVGPPAKV,0.640,WB,,340,SSVGPPAKV,17.77,840.4705,9,-6.7,421.2397,36.36,257000.0,32,F32:6213,F120180713_KP_THP1_BB72_P5.raw,1,1.0,,,,PEAKS DB,2,SSVGPPAKV,False,,,N
MPFMHSLSF,0.640,WB,,4723,MPFMHSLSF,29.83,1127.478,9,0.5,564.7466,53.5,,7,F7:14053,F120180713_KP_THP1_w632_P7.raw,2,,Q9NR48|ASH1L_HUMAN,Oxidation (M),M1:Oxidation (M):1000.00;M4:Oxidation (M):1000.00,PEAKS DB,2,M(+15.99)PFM(+15.99)HSLSF,False,8270000.0,2.0,N
TLVDNTINL,0.640,WB,,3338,TLVDNTINL,16.99,1001.5393,9,1.2,501.7775,74.47,11300000.0,28,F28:19626,F120180713_KP_THP1_BB72_P1.raw,2,2.0,Q7Z333|SETX_HUMAN,,,PEAKS DB,2,TLVDNTINL,False,,,N
RALLGPAL,0.641,WB,,282,RALLGPAL,17.02,809.5123,8,0.7,405.7637,49.03,,1,F1:9362,F120180713_KP_THP1_w632_P1.raw,1,,,,,PEAKS DB,2,RALLGPAL,False,453000.0,1.0,N
FPSEVLTIF,0.641,WB,,4810,FPSEVLTIF,21.98,1051.559,9,0.4,1052.5667,105.19,,3,F3:25398,F120180713_KP_THP1_w632_P3.raw,2,,Q9NXL9|MCM9_HUMAN,,,PEAKS DB,1,FPSEVLTIF,False,8360000.0,2.0,N
SLANETHQL,0.641,WB,,3580,SLANETHQL,26.55,1011.4985,9,-0.1,506.7565,42.29,25800000.0,44,F44:6670,F120180713_KP_THP1_BB72_P7.raw,1,1.0,Q8NFZ5|TNIP2_HUMAN,,,PEAKS DB,2,SLANETHQL,False,,,N
ALADFLPVM,0.641,WB,,4613,ALADFLPVM,18.94,975.5099,9,0.8,976.5179,110.23,9680000.0,121,F121:31988,F120180713_KP_THP1_BB72_P10new.raw,1,1.0,Q9ULK4|MED23_HUMAN,,,PEAKS DB,1,ALADFLPVM,False,,,N
TVLPFVSTV,0.642,WB,,1847,TVLPFVSTV,20.35,961.5484,9,0.9,962.5565,96.32,21500000.0,32,F32:20257,F120180713_KP_THP1_BB72_P5.raw,1,1.0,P26010|ITB7_HUMAN,,,PEAKS DB,1,TVLPFVSTV,False,,,N
NAISVTTSY,0.644,WB,,3676,NAISVTTSY,30.51,954.4658,9,0.3,955.4734,51.78,,7,F7:13406,F120180713_KP_THP1_w632_P7.raw,7,,Q6PD62|CTR9_HUMAN,,,PEAKS DB,1,NAISVTTSY,False,360000000.0,7.0,N
YPSPVTTSY,0.644,WB,,2463,YPSPVTTSY,16.61,1013.4706,9,0.1,1014.478,52.08,,7,F7:13524,F120180713_KP_THP1_w632_P7.raw,1,,P18146|EGR1_HUMAN,,,PEAKS DB,1,YPSPVTTSY,False,3190000.0,1.0,N
SLKETIEEL,0.644,WB,,3402,SLKETIEEL,20.3,1060.5652,9,1.1,531.2905,57.3,1570000.0,28,F28:13127,F120180713_KP_THP1_BB72_P1.raw,1,1.0,Q86VS8|HOOK3_HUMAN,,,PEAKS DB,2,SLKETIEEL,False,,,N
TLSELKTVL,0.646,WB,,469,TLSELKTVL,18.59,1002.5961,9,1.0,502.3058,56.73,2530000.0,29,F29:11196,F120180713_KP_THP1_BB72_P2.raw,1,1.0,,,,PEAKS DB,2,TLSELKTVL,False,,,N
AMLERLLSL,0.646,WB,,2825,AMLERLLSL,24.43,1060.5951,9,1.0,531.3054,69.44,695000.0,28,F28:17649,F120180713_KP_THP1_BB72_P1.raw,1,1.0,Q14807|KIF22_HUMAN,Oxidation (M),M2:Oxidation (M):1000.00,PEAKS DB,2,AM(+15.99)LERLLSL,False,,,N
MLIEVIEKL,0.646,WB,,939,MLIEVIEKL,24.77,1102.6307,9,1.3,552.3234,74.25,14300000.0,28,F28:19537,F120180713_KP_THP1_BB72_P1.raw,1,1.0,O00203|AP3B1_HUMAN,Oxidation (M),M1:Oxidation (M):1000.00,PEAKS DB,2,M(+15.99)LIEVIEKL,False,,,N
FLAPLVTEY,0.647,WB,,4327,FLAPLVTEY,30.26,1051.559,9,-0.1,1052.5662,88.49,,4,F4:16377,F120180713_KP_THP1_w632_P4.raw,3,,Q96NL6|SCLT1_HUMAN,,,PEAKS DB,1,FLAPLVTEY,False,30600000.0,3.0,N
FLPPAQVTV,0.647,WB,,4224,FLPPAQVTV,20.58,970.5487,9,0.5,486.2819,75.02,1180000.0,121,F121:18264,F120180713_KP_THP1_BB72_P10new.raw,1,1.0,Q9H6R4|NOL6_HUMAN,,,PEAKS DB,2,FLPPAQVTV,False,,,N
AVFPKDHSSL,0.649,WB,,5525,AVFPKDHSSL,17.75,1099.5662,10,1.3,550.7911,36.04,,10,F10:6273,F120180713_KP_THP1_w632_P9.raw,1,,Q5VT52|RPRD2_HUMAN,,,PEAKS DB,2,AVFPKDHSSL,False,316000.0,1.0,N
HPYPPGPGVAL,0.650,WB,,5784,HPYPPGPGVAL,41.37,1103.5763,11,1.7,552.7964,48.23,,10,F10:11040,F120180713_KP_THP1_w632_P9.raw,2,,O43660|PLRG1_HUMAN,,,PEAKS DB,2,HPYPPGPGVAL,False,6300000.0,2.0,N
AQMDYQLRL,0.650,WB,,3530,AQMDYQLRL,21.67,1152.5597,9,0.4,577.2874,50.75,2600000.0,29,F29:9160,F120180713_KP_THP1_BB72_P2.raw,1,1.0,Q8N594|MPND_HUMAN,Oxidation (M),M3:Oxidation (M):1000.00,PEAKS DB,2,AQM(+15.99)DYQLRL,False,,,N
LADETLLKV,0.651,WB,,1798,LADETLLKV,27.51,1000.5804,9,1.3,501.2981,57.38,3990000.0,28,F28:13160,F120180713_KP_THP1_BB72_P1.raw,1,1.0,P20700|LMNB1_HUMAN,,,PEAKS DB,2,LADETLLKV,False,,,N
LPIAASSSL,0.651,WB,,4567,LPIAASSSL,27.21,857.4858,9,1.9,858.4947,60.3,,10,F10:15660,F120180713_KP_THP1_w632_P9.raw,1,,Q9GZS3|WDR61_HUMAN,,,PEAKS DB,1,LPIAASSSL,False,5520000.0,1.0,N
TPPDTPPAM,0.652,WB,,3498,TPPDTPPAM,14.1,941.4164,9,0.4,942.4241,46.05,,10,F10:10183,F120180713_KP_THP1_w632_P9.raw,1,,Q3KQU3|MA7D1_HUMAN,Oxidation (M),M9:Oxidation (M):1000.00,PEAKS DB,1,TPPDTPPAM(+15.99),False,409000.0,1.0,N
AIDPHLLL,0.652,WB,,788,AIDPHLLL,17.22,890.5225,8,1.3,891.5309,88.35,,8,F8:21427,F120180713_KP_THP1_w632_P10.raw,1,,Q29RF7|PDS5A_HUMAN,,,PEAKS DB,1,AIDPHLLL,False,1720000.0,1.0,N
YARDDLSLY,0.652,WB,,3722,YARDDLSLY,13.63,1114.5294,9,1.2,558.2726,52.39,,8,F8:10908,F120180713_KP_THP1_w632_P10.raw,1,,Q6ZRI6|CO039_HUMAN,,,PEAKS DB,2,YARDDLSLY,False,5270000.0,1.0,N
QLLDTIRSL,0.653,WB,,4008,QLLDTIRSL,18.07,1057.6132,9,0.8,529.8143,58.59,3090000.0,29,F29:11898,F120180713_KP_THP1_BB72_P2.raw,1,1.0,Q99871|HAUS7_HUMAN,,,PEAKS DB,2,QLLDTIRSL,False,,,N
MPADIATLL,0.654,WB,,4637,MPADIATLL,18.76,959.4998,9,-0.8,960.5063,84.3,,6,F6:19826,F120180713_KP_THP1_w632_P6.raw,1,,Q9H4L7|SMRCD_HUMAN,Oxidation (M),M1:Oxidation (M):1000.00,PEAKS DB,1,M(+15.99)PADIATLL,False,3950000.0,1.0,N
MILDEVHTI,0.654,WB,,1788,MILDEVHTI,20.58,1085.5427,9,0.5,543.7789,57.52,1330000.0,29,F29:11498,F120180713_KP_THP1_BB72_P2.raw,1,1.0,P19447|ERCC3_HUMAN,Oxidation (M),M1:Oxidation (M):1000.00,PEAKS DB,2,M(+15.99)ILDEVHTI,False,,,N
KVIDQQNGL,0.656,WB,,1869,KVIDQQNGL,27.6,1013.5505,9,0.4,507.7827,41.52,830000.0,43,F43:6944,F120180713_KP_THP1_BB72_P6.raw,1,1.0,P27694|RFA1_HUMAN,,,PEAKS DB,2,KVIDQQNGL,False,,,N
MTLGQIYYL,0.657,WB,,2887,MTLGQIYYL,16.26,1116.5525,9,0.5,559.2838,90.13,513000.0,44,F44:19340,F120180713_KP_THP1_BB72_P7.raw,1,1.0,Q15363|TMED2_HUMAN,Oxidation (M),M1:Oxidation (M):1000.00,PEAKS DB,2,M(+15.99)TLGQIYYL,False,,,N
FMAPAQMAY,0.658,WB,,4093,FMAPAQMAY,24.17,1044.4409,9,0.4,523.2280000000002,61.36,,8,F8:14046,F120180713_KP_THP1_w632_P10.raw,1,,Q8WU79|SMAP2_HUMAN,Oxidation (M),M2:Oxidation (M):56.99,PEAKS DB,2,FM(+15.99)APAQMAY,False,1800000.0,1.0,N
SLPDIKVYL,0.659,WB,,1139,SLPDIKVYL,21.95,1046.6012,9,0.7,524.3082,87.92,4220000.0,32,F32:17820,F120180713_KP_THP1_BB72_P5.raw,1,1.0,O43566|RGS14_HUMAN,,,PEAKS DB,2,SLPDIKVYL,False,,,N
QAAQALEL,0.659,WB,,499,QAAQALEL,19.95,842.4498,8,1.6,843.4584,56.55,,10,F10:14214,F120180713_KP_THP1_w632_P9.raw,2,,O15417|TNC18_HUMAN,,,PEAKS DB,1,QAAQALEL,False,32200000.0,2.0,N
SVQESTVTV,0.659,WB,,1767,SVQESTVTV,14.18,948.4764,9,2.2,475.2465,44.73,795000.0,43,F43:8020,F120180713_KP_THP1_BB72_P6.raw,1,1.0,P18583|SON_HUMAN,,,PEAKS DB,2,SVQESTVTV,False,,,N
KLIDDVHRL,0.660,WB,,2311,KLIDDVHRL,21.52,1107.64,9,1.1,554.8279,33.83,,10,F10:5478,F120180713_KP_THP1_w632_P9.raw,1,,P08240|SRPRA_HUMAN,,,PEAKS DB,2,KLIDDVHRL,False,5450000.0,1.0,N
IIHDVGITV,0.660,WB,,3190,IIHDVGITV,21.27,965.5546,9,1.2,483.7851,60.6,2330000.0,121,F121:12501,F120180713_KP_THP1_BB72_P10new.raw,1,1.0,Q6P1M9|ARMX5_HUMAN,,,PEAKS DB,2,IIHDVGITV,False,,,N
SLYDQAEKL,0.660,WB,,1943,SLYDQAEKL,19.69,1065.5342,9,1.6,533.7752,50.44,,10,F10:11909,F120180713_KP_THP1_w632_P9.raw,1,,O43242|PSMD3_HUMAN,,,PEAKS DB,2,SLYDQAEKL,False,436000.0,1.0,N
AVNPHLHL,0.660,WB,,807,AVNPHLHL,24.47,899.4977,8,0.7,450.7564,37.49,,8,F8:5605,F120180713_KP_THP1_w632_P10.raw,1,,Q68DH5|LMBD2_HUMAN,,,PEAKS DB,2,AVNPHLHL,False,239000.0,1.0,N
FPNDPHVQY,0.661,WB,,3390,FPNDPHVQY,38.49,1115.5035,9,-0.1,558.759,44.16,,9,F9:9878,F120180713_KP_THP1_w632_P8.raw,1,,Q15283|RASA2_HUMAN,,,PEAKS DB,2,FPNDPHVQY,False,8550000.0,1.0,N
MPIHELLSL,0.661,WB,,3941,MPIHELLSL,17.92,1067.5685,9,0.0,534.7915,64.14,,7,F7:16636,F120180713_KP_THP1_w632_P7.raw,1,,Q8N108|MIER1_HUMAN,Oxidation (M),M1:Oxidation (M):1000.00,PEAKS DB,2,M(+15.99)PIHELLSL,False,975000.0,1.0,N
HPIYNIKSL,0.662,WB,,3226,HPIYNIKSL,21.42,1083.6077,9,-0.2,542.811,37.65,,8,F8:5646,F120180713_KP_THP1_w632_P10.raw,1,,Q13601|KRR1_HUMAN,,,PEAKS DB,2,HPIYNIKSL,False,726000.0,1.0,N
FANIDQETY,0.662,WB,,3298,FANIDQETY,27.94,1099.4822,9,1.0,550.7489,57.24,,9,F9:14954,F120180713_KP_THP1_w632_P8.raw,1,,Q14289|FAK2_HUMAN,,,PEAKS DB,2,FANIDQETY,False,2420000.0,1.0,N
RLLEEIHAM,0.665,WB,,3559,RLLEEIHAM,17.53,1126.5804,9,1.6,564.2984,34.71,1750000.0,28,F28:5038,F120180713_KP_THP1_BB72_P1.raw,1,1.0,Q8NEF9|SRFB1_HUMAN,Oxidation (M),M9:Oxidation (M):1000.00,PEAKS DB,2,RLLEEIHAM(+15.99),False,,,N
NAAYPSVSY,0.666,WB,,2179,NAAYPSVSY,18.37,970.4396,9,0.1,486.2271,52.87,,7,F7:13813,F120180713_KP_THP1_w632_P7.raw,2,,O95487|SC24B_HUMAN,,,PEAKS DB,2,NAAYPSVSY,False,5440000.0,2.0,N
FPYGYHAGF,0.666,WB,,2136,FPYGYHAGF,26.47,1057.4657,9,0.3,529.7403,57.47,,1,F1:12526,F120180713_KP_THP1_w632_P1.raw,2,,O94953|KDM4B_HUMAN:Q9H3R0|KDM4C_HUMAN,,,PEAKS DB,2,FPYGYHAGF,False,1440000.0,2.0,N
ALNPLIYTL,0.667,WB,,3584,ALNPLIYTL,28.62,1016.5906,9,0.5,509.3028,101.95,1370000.0,44,F44:22168,F120180713_KP_THP1_BB72_P7.raw,1,1.0,Q8NGU4|OR2I1_HUMAN:Q8N628|OR2C3_HUMAN,,,PEAKS DB,2,ALNPLIYTL,True,,,N
FGADARAL,0.669,WB,,578,FGADARAL,19.52,819.4238,8,-0.8,410.7189,37.78,,7,F7:8408,F120180713_KP_THP1_w632_P7.raw,2,,P10809|CH60_HUMAN,,,PEAKS DB,2,FGADARAL,False,1720000.0,2.0,N
KLFPGSPAI,0.670,WB,,1009,KLFPGSPAI,20.67,928.5381,9,1.3,465.2769,54.98,253000.0,28,F28:12219,F120180713_KP_THP1_BB72_P1.raw,1,1.0,O14715|RGPD8_HUMAN:Q99666|RGPD5_HUMAN:P0DJD1|RGPD2_HUMAN:Q7Z3J3|RGPD4_HUMAN:A6NKT7|RGPD3_HUMAN:P49792|RBP2_HUMAN:P0DJD0|RGPD1_HUMAN,,,PEAKS DB,2,KLFPGSPAI,False,,,N
SIYPSPTGV,0.671,WB,,3196,SIYPSPTGV,27.78,919.4651,9,1.5,920.4738,62.61,13100000.0,122,F122:10101,F120180713_KP_THP1_BB72_P8.raw,3,3.0,Q6P2Q9|PRP8_HUMAN,,,PEAKS DB,1,SIYPSPTGV,False,,,N
LLMEHIQEI,0.672,WB,,3948,LLMEHIQEI,28.82,1140.5848,9,0.9,571.3002,49.34,14800000.0,29,F29:8650,F120180713_KP_THP1_BB72_P2.raw,2,2.0,Q96SN8|CK5P2_HUMAN,Oxidation (M),M3:Oxidation (M):1000.00,PEAKS DB,2,LLM(+15.99)EHIQEI,False,,,N
SLIENQILL,0.672,WB,,3157,SLIENQILL,20.13,1041.6069,9,0.4,521.811,96.18,3090000.0,32,F32:20208,F120180713_KP_THP1_BB72_P5.raw,1,1.0,Q6AWC2|WWC2_HUMAN,,,PEAKS DB,2,SLIENQILL,False,,,N
FIMEGGAMV,0.672,WB,,1937,FIMEGGAMV,14.95,985.4249,9,1.0,493.7202,47.52,2040000.0,28,F28:9358,F120180713_KP_THP1_BB72_P1.raw,1,1.0,P33992|MCM5_HUMAN,Oxidation (M),M3:Oxidation (M):1000.00;M8:Oxidation (M):1000.00,PEAKS DB,2,FIM(+15.99)EGGAM(+15.99)V,False,,,N
KVAPAPAVV,0.673,WB,,2375,KVAPAPAVV,31.01,850.5276,9,1.0,851.5357,45.24,23500000.0,43,F43:8213,F120180713_KP_THP1_BB72_P6.raw,2,2.0,P62424|RL7A_HUMAN,,,PEAKS DB,1,KVAPAPAVV,False,,,N
SLIERDLKL,0.674,WB,,1174,SLIERDLKL,25.49,1085.6444,9,1.3,543.8302,47.94,17500000.0,29,F29:8216,F120180713_KP_THP1_BB72_P2.raw,2,2.0,O60287|NPA1P_HUMAN,,,PEAKS DB,2,SLIERDLKL,False,,,N
SMAEVDAAM,0.675,WB,,1818,SMAEVDAAM,14.87,955.3627,9,-0.5,478.6884,26.96,193000.0,43,F43:3593,F120180713_KP_THP1_BB72_P6.raw,1,1.0,P22626|ROA2_HUMAN,Oxidation (M),M2:Oxidation (M):1000.00;M9:Oxidation (M):1000.00,PEAKS DB,2,SM(+15.99)AEVDAAM(+15.99),False,,,N
GVFDGLHTV,0.676,WB,,2059,GVFDGLHTV,23.66,943.4763,9,0.6,472.7457,61.7,2130000.0,28,F28:14844,F120180713_KP_THP1_BB72_P1.raw,1,1.0,P43251|BTD_HUMAN,,,PEAKS DB,2,GVFDGLHTV,False,,,N
FMLPDPQNI,0.677,WB,,3664,FMLPDPQNI,27.97,1089.5165,9,0.4,545.7657,89.41,9790000.0,31,F31:16262,F120180713_KP_THP1_BB72_P4.raw,2,2.0,Q8WW01|SEN15_HUMAN,Oxidation (M),M2:Oxidation (M):1000.00,PEAKS DB,2,FM(+15.99)LPDPQNI,False,,,N
FIATPGSSSSL,0.677,WB,,5903,FIATPGSSSSL,30.88,1065.5342,11,1.0,533.7749,58.9,,9,F9:15616,F120180713_KP_THP1_w632_P8.raw,3,,Q9H4D5|NXF3_HUMAN:Q9GZY0|NXF2_HUMAN,,,PEAKS DB,2,FIATPGSSSSL,False,9610000.0,3.0,N
ALDTRVVEL,0.677,WB,,4688,ALDTRVVEL,34.13,1014.5709,9,1.8,508.2937,63.77,269000000.0,121,F121:13771,F120180713_KP_THP1_BB72_P10new.raw,3,3.0,Q9Y240|CLC11_HUMAN,,,PEAKS DB,2,ALDTRVVEL,False,,,N
LLDSQSHHL,0.677,WB,,3266,LLDSQSHHL,25.45,1048.5302,9,-0.4,525.2722,42.24,1920000.0,44,F44:6651,F120180713_KP_THP1_BB72_P7.raw,1,1.0,Q6ZRI6|CO039_HUMAN,,,PEAKS DB,2,LLDSQSHHL,False,,,N
VLDNRIYVL,0.678,WB,,3029,VLDNRIYVL,28.66,1103.6339,9,1.3,552.825,64.4,878000.0,29,F29:14180,F120180713_KP_THP1_BB72_P2.raw,1,1.0,Q53GT1|KLH22_HUMAN,,,PEAKS DB,2,VLDNRIYVL,False,,,N
TSNYETQTF,0.678,WB,,3664,TSNYETQTF,20.9,1089.4614,9,0.3,545.7382,45.86,,7,F7:11112,F120180713_KP_THP1_w632_P7.raw,1,,Q6P2Q9|PRP8_HUMAN,,,PEAKS DB,2,TSNYETQTF,False,893000.0,1.0,N
SMVDVVMLL,0.678,WB,,2068,SMVDVVMLL,25.41,1021.5188,9,-1.3,511.766,108.81,12900000.0,43,F43:22412,F120180713_KP_THP1_BB72_P6.raw,7,7.0,P46379|BAG6_HUMAN,Oxidation (M),M7:Oxidation (M):30.64,PEAKS DB,2,SMVDVVM(+15.99)LL,False,,,N
TAGRVLEL,0.678,WB,,1019,TAGRVLEL,24.17,857.4971,8,0.9,429.7562,42.08,,8,F8:6996,F120180713_KP_THP1_w632_P10.raw,1,,Q9P2I0|CPSF2_HUMAN,,,PEAKS DB,2,TAGRVLEL,False,11100000.0,1.0,N
FQVDEIYTV,0.679,WB,,4103,FQVDEIYTV,25.63,1112.5389,9,1.0,557.2773,83.23,622000.0,29,F29:21299,F120180713_KP_THP1_BB72_P2.raw,1,1.0,Q9BX10|GTPB2_HUMAN,,,PEAKS DB,2,FQVDEIYTV,False,,,N
LPKDKLISL,0.680,WB,,2733,LPKDKLISL,21.28,1025.6484,9,1.0,513.832,44.28,,1,F1:7565,F120180713_KP_THP1_w632_P1.raw,1,,P48378|RFX2_HUMAN,,,PEAKS DB,2,LPKDKLISL,False,1900000.0,1.0,N
SLYGGTITI,0.680,WB,,3120,SLYGGTITI,20.09,923.4964,9,2.6,924.506,75.83,875000000.0,29,F29:18374,F120180713_KP_THP1_BB72_P2.raw,1,1.0,Q5VTR2|BRE1A_HUMAN,,,PEAKS DB,1,SLYGGTITI,False,,,N
RVYERLLYV,0.682,WB,,4773,RVYERLLYV,21.79,1209.687,9,1.2,404.2368,48.07,187000.0,29,F29:8253,F120180713_KP_THP1_BB72_P2.raw,1,1.0,Q9Y4A5|TRRAP_HUMAN,,,PEAKS DB,3,RVYERLLYV,False,,,N
YPQPPSQSY,0.683,WB,,2484,YPQPPSQSY,29.81,1065.4767,9,0.0,533.7456,44.57,,6,F6:11768,F120180713_KP_THP1_w632_P6.raw,1,,P20073|ANXA7_HUMAN,,,PEAKS DB,2,YPQPPSQSY,False,6360000.0,1.0,N
AIMNVLAEL,0.683,WB,,12,AIMNVLAEL,17.08,988.5263,9,0.2,989.5338,85.84,5790000.0,29,F29:22187,F120180713_KP_THP1_BB72_P2.raw,3,3.0,A5YKK6|CNOT1_HUMAN,Oxidation (M),M3:Oxidation (M):1000.00,PEAKS DB,1,AIM(+15.99)NVLAEL,False,,,N
MPINASNAL,0.684,WB,,4340,MPINASNAL,14.39,930.4481,9,1.4,931.4566,62.5,,10,F10:16543,F120180713_KP_THP1_w632_P9.raw,1,,Q96PE1|AGRA2_HUMAN,Deamidation (NQ),N4:Deamidation (NQ):28.36,PEAKS DB,1,MPIN(+.98)ASNAL,False,1630000.0,1.0,N
MPRGVVVTL,0.685,WB,,4958,MPRGVVVTL,14.79,986.5583,9,1.1,494.287,45.57,,1,F1:8073,F120180713_KP_THP1_w632_P1.raw,1,,Q9ULT8|HECD1_HUMAN,Oxidation (M),M1:Oxidation (M):1000.00,PEAKS DB,2,M(+15.99)PRGVVVTL,False,462000.0,1.0,N
LSNNNQAL,0.685,WB,,863,LSNNNQAL,24.21,872.4352,8,0.4,437.225,30.49,,5,F5:6551,F120180713_KP_THP1_w632_P5.raw,1,,Q8IZD2|KMT2E_HUMAN:Q13283|G3BP1_HUMAN,,,PEAKS DB,2,LSNNNQAL,False,958000.0,1.0,N
GIIDGSPRL,0.686,WB,,4228,GIIDGSPRL,20.4,926.5185,9,0.6,464.2668,60.5,3410000.0,121,F121:12461,F120180713_KP_THP1_BB72_P10new.raw,1,1.0,Q9H714|RUBCL_HUMAN,,,PEAKS DB,2,GIIDGSPRL,False,,,N
YARDETEFY,0.686,WB,,2458,YARDETEFY,26.07,1192.5037,9,0.8,597.2596,42.13,,9,F9:9088,F120180713_KP_THP1_w632_P8.raw,1,,P18077|RL35A_HUMAN,,,PEAKS DB,2,YARDETEFY,False,31600000.0,1.0,N
NLFEDQNTL,0.688,WB,,2269,NLFEDQNTL,15.14,1092.5088,9,1.0,547.2622,72.2,1080000.0,28,F28:18719,F120180713_KP_THP1_BB72_P1.raw,1,1.0,P55060|XPO2_HUMAN,,,PEAKS DB,2,NLFEDQNTL,False,,,N
GLSPSIQTL,0.688,WB,,2303,GLSPSIQTL,22.66,914.5073,9,1.3,915.5157,71.1,4800000.0,121,F121:16695,F120180713_KP_THP1_BB72_P10new.raw,1,1.0,P60510|PP4C_HUMAN,,,PEAKS DB,1,GLSPSIQTL,False,,,N
FLHEHKIVY,0.689,WB,,3454,FLHEHKIVY,37.64,1184.6342,9,1.2,593.3251,30.68,,10,F10:4423,F120180713_KP_THP1_w632_P9.raw,2,,Q16512|PKN1_HUMAN,,,PEAKS DB,2,FLHEHKIVY,False,24200000.0,2.0,N
SLQNHNHQL,0.689,WB,,3118,SLQNHNHQL,14.66,1089.5315,9,1.2,545.7737,34.77,2270000.0,32,F32:5668,F120180713_KP_THP1_BB72_P5.raw,1,1.0,Q5VTR2|BRE1A_HUMAN,,,PEAKS DB,2,SLQNHNHQL,False,,,N
SLLNTTHQL,0.691,WB,,4047,SLLNTTHQL,22.08,1026.5345,9,0.3,514.2747,61.17,9610000.0,121,F121:12729,F120180713_KP_THP1_BB72_P10new.raw,1,1.0,Q9BR26|OCSTP_HUMAN,Deamidation (NQ),N4:Deamidation (NQ):33.65,PEAKS DB,2,SLLN(+.98)TTHQL,False,,,N
ILMDERTFL,0.691,WB,,3301,ILMDERTFL,22.67,1152.5848,9,1.6,577.3006,79.0,4210000.0,31,F31:13588,F120180713_KP_THP1_BB72_P4.raw,2,2.0,Q70CQ2|UBP34_HUMAN,Oxidation (M),M3:Oxidation (M):1000.00,PEAKS DB,2,ILM(+15.99)DERTFL,False,,,N
SPYNEVLSF,0.691,WB,,2106,SPYNEVLSF,31.5,1054.4971,9,0.5,1055.5049,82.44,,2,F2:14794,F120180713_KP_THP1_w632_P2.raw,3,,O75844|FACE1_HUMAN,,,PEAKS DB,1,SPYNEVLSF,False,22800000.0,3.0,N
FLETNVPLL,0.692,WB,,1943,FLETNVPLL,25.18,1044.5856,9,-0.7,523.2997,99.9,10400000.0,43,F43:20387,F120180713_KP_THP1_BB72_P6.raw,2,2.0,P35221|CTNA1_HUMAN,,,PEAKS DB,2,FLETNVPLL,False,,,N
RLSSVIQEL,0.692,WB,,207,RLSSVIQEL,14.67,1043.5975,9,0.4,522.8063,55.81,552000.0,29,F29:10872,F120180713_KP_THP1_BB72_P2.raw,1,1.0,,,,PEAKS DB,2,RLSSVIQEL,False,,,N
MPSPSSNAF,0.693,WB,,1120,MPSPSSNAF,19.55,952.396,9,-0.5,477.205,39.23,,7,F7:8947,F120180713_KP_THP1_w632_P7.raw,3,,,Oxidation (M),M1:Oxidation (M):1000.00,PEAKS DB,2,M(+15.99)PSPSSNAF,False,2970000.0,3.0,N
SLAEHQANL,0.693,WB,,3914,SLAEHQANL,21.53,981.4879,9,0.5,491.7515,39.51,523000.0,43,F43:6269,F120180713_KP_THP1_BB72_P6.raw,1,1.0,Q96PV0|SYGP1_HUMAN,,,PEAKS DB,2,SLAEHQANL,False,,,N
TLQEQLRAL,0.693,WB,,3779,TLQEQLRAL,24.7,1070.6084,9,1.5,536.3123,54.2,1660000.0,28,F28:11908,F120180713_KP_THP1_BB72_P1.raw,1,1.0,Q969P6|TOP1M_HUMAN,,,PEAKS DB,2,TLQEQLRAL,False,,,N
SMKEEGITF,0.694,WB,,2109,SMKEEGITF,20.34,1040.4849,9,0.7,521.2501,47.73,,8,F8:9089,F120180713_KP_THP1_w632_P10.raw,1,,O75886|STAM2_HUMAN,,,PEAKS DB,2,SMKEEGITF,False,3260000.0,1.0,N
IIIPEIQKV,0.695,WB,,2271,IIIPEIQKV,24.9,1051.6641,9,0.9,526.8398,63.31,13900000.0,29,F29:13750,F120180713_KP_THP1_BB72_P2.raw,1,1.0,P55060|XPO2_HUMAN,,,PEAKS DB,2,IIIPEIQKV,False,,,N
MLHQDHITF,0.696,WB,,3285,MLHQDHITF,26.17,1156.5336,9,0.9,579.2746,34.21,,8,F8:4677,F120180713_KP_THP1_w632_P10.raw,4,,Q14204|DYHC1_HUMAN,Oxidation (M),M1:Oxidation (M):1000.00,PEAKS DB,2,M(+15.99)LHQDHITF,False,8740000.0,4.0,N
HPQPTQVQF,0.697,WB,,1371,HPQPTQVQF,19.11,1080.5353,9,0.7,541.2753,37.3,,9,F9:7209,F120180713_KP_THP1_w632_P8.raw,1,,,,,PEAKS DB,2,HPQPTQVQF,False,6370000.0,1.0,N
ALLPDLPAL,0.697,WB,,723,ALLPDLPAL,19.29,921.5535,9,0.6,922.5613,107.29,14600000.0,121,F121:30810,F120180713_KP_THP1_BB72_P10new.raw,1,1.0,,,,PEAKS DB,1,ALLPDLPAL,False,,,N
YGNPKNMAY,0.697,WB,,4165,YGNPKNMAY,29.73,1072.4647,9,0.7,537.24,24.23,,6,F6:4262,F120180713_KP_THP1_w632_P6.raw,1,,Q92567|F168A_HUMAN,Oxidation (M),M7:Oxidation (M):1000.00,PEAKS DB,2,YGNPKNM(+15.99)AY,False,1900000.0,1.0,N
ALYGHTQAV,0.700,WB,,3280,ALYGHTQAV,31.17,958.4872,9,0.0,480.2509,41.6,1310000.0,43,F43:6971,F120180713_KP_THP1_BB72_P6.raw,1,1.0,Q6ZS81|WDFY4_HUMAN,,,PEAKS DB,2,ALYGHTQAV,False,,,N
KIPPVTPSI,0.700,WB,,3555,KIPPVTPSI,28.11,950.58,9,-0.9,476.2969,47.58,1180000.0,28,F28:9377,F120180713_KP_THP1_BB72_P1.raw,3,3.0,Q8NCT1|ARRD4_HUMAN,,,PEAKS DB,2,KIPPVTPSI,False,,,N
VMNPVIQAV,0.701,WB,,3447,VMNPVIQAV,28.5,985.5267,9,-0.3,986.5337,62.99,6610000.0,121,F121:13460,F120180713_KP_THP1_BB72_P10new.raw,3,3.0,Q8IWI9|MGAP_HUMAN,Oxidation (M),M2:Oxidation (M):1000.00,PEAKS DB,1,VM(+15.99)NPVIQAV,False,,,N
SLTSVVLTL,0.701,WB,,3476,SLTSVVLTL,22.56,931.559,9,1.7,932.5678,106.41,5310000.0,123,F123:22261,F120180713_KP_THP1_BB72_P9new.raw,1,1.0,Q8IX18|DHX40_HUMAN,,,PEAKS DB,1,SLTSVVLTL,False,,,N
YLSDNVHLV,0.702,WB,,2957,YLSDNVHLV,29.31,1058.5397,9,0.4,530.2773,61.49,24900000.0,121,F121:12858,F120180713_KP_THP1_BB72_P10new.raw,1,1.0,Q16543|CDC37_HUMAN,,,PEAKS DB,2,YLSDNVHLV,False,,,N
VLAFLVHEL,0.702,WB,,4566,VLAFLVHEL,28.06,1039.6066,9,0.8,520.811,90.71,1160000.0,121,F121:24235,F120180713_KP_THP1_BB72_P10new.raw,1,1.0,Q9UIF9|BAZ2A_HUMAN,,,PEAKS DB,2,VLAFLVHEL,False,,,N
KLMDKVVRL,0.706,WB,,2663,KLMDKVVRL,18.12,1100.674,9,0.8,551.3447,57.3,3970000.0,121,F121:11189,F120180713_KP_THP1_BB72_P10new.raw,1,1.0,Q13191|CBLB_HUMAN,,,PEAKS DB,2,KLMDKVVRL,False,,,N
MLAEKLPNL,0.707,WB,,3730,MLAEKLPNL,27.4,1043.5685,9,0.2,522.7916,52.15,2800000.0,28,F28:11106,F120180713_KP_THP1_BB72_P1.raw,1,1.0,Q92688|AN32B_HUMAN,Oxidation (M),M1:Oxidation (M):1000.00,PEAKS DB,2,M(+15.99)LAEKLPNL,False,,,N
ILLDRLLYL,0.707,WB,,3829,ILLDRLLYL,20.71,1130.7063,9,0.8,566.3609,109.81,492000.0,32,F32:23642,F120180713_KP_THP1_BB72_P5.raw,1,1.0,Q96FB5|RRNAD_HUMAN,,,PEAKS DB,2,ILLDRLLYL,False,,,N
ILLEKEAEL,0.708,WB,,229,ILLEKEAEL,17.93,1056.6067,9,0.4,529.3109,63.35,18400000.0,121,F121:13606,F120180713_KP_THP1_BB72_P10new.raw,1,1.0,,,,PEAKS DB,2,ILLEKEAEL,False,,,N
VSTEVDARL,0.709,WB,,1977,VSTEVDARL,22.47,988.5189,9,1.3,495.2674,45.42,164000.0,44,F44:7808,F120180713_KP_THP1_BB72_P7.raw,1,1.0,P37837|TALDO_HUMAN,,,PEAKS DB,2,VSTEVDARL,False,,,N
IMHHIDITL,0.710,WB,,3174,IMHHIDITL,23.51,1107.5747,9,0.5,554.7949,42.69,1390000.0,29,F29:6722,F120180713_KP_THP1_BB72_P2.raw,1,1.0,Q6KC79|NIPBL_HUMAN,Oxidation (M),M2:Oxidation (M):1000.00,PEAKS DB,2,IM(+15.99)HHIDITL,False,,,N
TSSSPGSPI,0.712,WB,,1537,TSSSPGSPI,17.24,831.3974,9,0.9,832.4054,35.53,,5,F5:8283,F120180713_KP_THP1_w632_P5.raw,1,,,,,PEAKS DB,1,TSSSPGSPI,False,3900000.0,1.0,N
SAYGGDQNY,0.712,WB,,1856,SAYGGDQNY,14.28,973.3777,9,0.4,487.6963,33.12,,5,F5:7438,F120180713_KP_THP1_w632_P5.raw,1,,O14979|HNRDL_HUMAN,,,PEAKS DB,2,SAYGGDQNY,False,742000.0,1.0,N
MLTDLNTYL,0.713,WB,,4330,MLTDLNTYL,27.78,1098.5267,9,1.0,550.2712,89.27,1560000.0,31,F31:16213,F120180713_KP_THP1_BB72_P4.raw,1,1.0,Q9NRD5|PICK1_HUMAN,Oxidation (M),M1:Oxidation (M):1000.00,PEAKS DB,2,M(+15.99)LTDLNTYL,False,,,N
YASQKKTF,0.714,WB,,1721,YASQKKTF,15.96,972.4916,8,8.6,973.5073,21.92,22600000.0,29,F29:2832,F120180713_KP_THP1_BB72_P2.raw,1,1.0,P14625|ENPL_HUMAN,Deamidation (NQ),Q4:Deamidation (NQ):1000.00,PEAKS DB,1,YASQ(+.98)KKTF,False,,,N
SAFLSPTDV,0.715,WB,,2468,SAFLSPTDV,15.03,935.46,9,1.9,936.4691,72.22,2020000.0,121,F121:17145,F120180713_KP_THP1_BB72_P10new.raw,1,1.0,P82094|TMF1_HUMAN,,,PEAKS DB,1,SAFLSPTDV,False,,,N
SLFPGKLEV,0.715,WB,,473,SLFPGKLEV,15.39,988.5593,9,0.8,495.2873,89.45,1040000.0,31,F31:16277,F120180713_KP_THP1_BB72_P4.raw,1,1.0,,,,PEAKS DB,2,SLFPGKLEV,False,,,N
FSHVGWLL,0.718,WB,,479,FSHVGWLL,26.97,957.5072,8,1.1,479.7614,73.36,,10,F10:20077,F120180713_KP_THP1_w632_P9.raw,1,,O00767|ACOD_HUMAN,,,PEAKS DB,2,FSHVGWLL,False,1370000.0,1.0,N
NPYDRGSAF,0.718,WB,,4140,NPYDRGSAF,24.6,1025.4567,9,0.1,513.7357,35.51,,7,F7:7546,F120180713_KP_THP1_w632_P7.raw,1,,Q92499|DDX1_HUMAN,,,PEAKS DB,2,NPYDRGSAF,False,10200000.0,1.0,N
AAARGDGSSL,0.719,WB,,5505,AAARGDGSSL,25.93,903.441,10,0.2,452.7278,21.01,,4,F4:3122,F120180713_KP_THP1_w632_P4.raw,1,,Q496Y0|LONF3_HUMAN,,,PEAKS DB,2,AAARGDGSSL,False,265000.0,1.0,N
QLLEKVIEL,0.719,WB,,4371,QLLEKVIEL,23.23,1083.6539,9,0.9,542.8347,90.17,15100000.0,32,F32:18394,F120180713_KP_THP1_BB72_P5.raw,1,1.0,Q9NTX5|ECHD1_HUMAN,,,PEAKS DB,2,QLLEKVIEL,False,,,N
VNNPHFLIM,0.720,WB,,2164,VNNPHFLIM,24.39,1099.5485,9,0.1,550.7816,49.94,,2,F2:7213,F120180713_KP_THP1_w632_P2.raw,1,,O95347|SMC2_HUMAN,Oxidation (M),M9:Oxidation (M):1000.00,PEAKS DB,2,VNNPHFLIM(+15.99),False,778000.0,1.0,N
SIAPRMMSV,0.721,WB,,1903,SIAPRMMSV,26.24,990.499,9,1.5,496.2575,59.13,2530000.0,121,F121:11915,F120180713_KP_THP1_BB72_P10new.raw,1,1.0,P30876|RPB2_HUMAN,,,PEAKS DB,2,SIAPRMMSV,False,,,N
GLSPEIHTL,0.721,WB,,1738,GLSPEIHTL,24.63,965.5182,9,0.9,483.7668,57.05,790000.0,121,F121:11088,F120180713_KP_THP1_BB72_P10new.raw,1,1.0,P16298|PP2BB_HUMAN,,,PEAKS DB,2,GLSPEIHTL,False,,,N
GLYQDPVTL,0.722,WB,,3217,GLYQDPVTL,20.24,1004.5178,9,1.4,1005.5265,73.46,13900000.0,28,F28:19224,F120180713_KP_THP1_BB72_P1.raw,1,1.0,Q6PJ69|TRI65_HUMAN,,,PEAKS DB,1,GLYQDPVTL,False,,,N
LLYGHTVTV,0.723,WB,,3606,LLYGHTVTV,23.73,1001.5546,9,1.5,501.7853,57.58,2940000.0,121,F121:11302,F120180713_KP_THP1_BB72_P10new.raw,1,1.0,Q8TB61|S35B2_HUMAN,,,PEAKS DB,2,LLYGHTVTV,False,,,N
SIMPKPIMV,0.724,WB,,431,SIMPKPIMV,17.12,1046.5504,9,0.7,524.2828,40.67,115000.0,29,F29:6196,F120180713_KP_THP1_BB72_P2.raw,1,1.0,,Oxidation (M),M3:Oxidation (M):1000.00;M8:Oxidation (M):1000.00,PEAKS DB,2,SIM(+15.99)PKPIM(+15.99)V,False,,,N
QLSDTYVTL,0.724,WB,,1965,QLSDTYVTL,21.78,1038.5233,9,0.9,520.2694,71.91,2070000.0,28,F28:18605,F120180713_KP_THP1_BB72_P1.raw,1,1.0,P35612|ADDB_HUMAN,,,PEAKS DB,2,QLSDTYVTL,False,,,N
ALYGQPLLL,0.725,WB,,2652,ALYGQPLLL,25.66,986.58,9,1.6,987.5889,97.84,156000000.0,43,F43:19652,F120180713_KP_THP1_BB72_P6.raw,2,2.0,Q13107|UBP4_HUMAN,,,PEAKS DB,1,ALYGQPLLL,False,,,N
TLADYLHLL,0.726,WB,,4250,TLADYLHLL,26.59,1057.5808,9,1.2,529.7983,94.33,76400000.0,28,F28:27124,F120180713_KP_THP1_BB72_P1.raw,3,3.0,Q9HAB8|PPCS_HUMAN,,,PEAKS DB,2,TLADYLHLL,False,,,N
FIHNSHTAY,0.727,WB,,3520,FIHNSHTAY,40.81,1088.5039,9,0.4,545.2595,23.92,,6,F6:4141,F120180713_KP_THP1_w632_P6.raw,1,,Q53EP0|FND3B_HUMAN,,,PEAKS DB,2,FIHNSHTAY,False,3940000.0,1.0,N
SIIGRLLEV,0.727,WB,,2353,SIIGRLLEV,25.85,998.6124,9,0.5,999.6202,77.13,1300000000.0,28,F28:20649,F120180713_KP_THP1_BB72_P1.raw,3,3.0,P62136|PP1A_HUMAN,,,PEAKS DB,1,SIIGRLLEV,False,,,N
MAARPHSI,0.727,WB,,1816,MAARPHSI,17.02,897.449,8,0.0,449.7318,27.35,255000.0,43,F43:3653,F120180713_KP_THP1_BB72_P6.raw,1,1.0,P22626|ROA2_HUMAN,Oxidation (M),M1:Oxidation (M):1000.00,PEAKS DB,2,M(+15.99)AARPHSI,False,,,N
LAKGGTVEY,0.727,WB,,4142,LAKGGTVEY,27.09,936.4916,9,0.0,469.2531,27.55,,6,F6:5582,F120180713_KP_THP1_w632_P6.raw,2,,Q92508|PIEZ1_HUMAN,,,PEAKS DB,2,LAKGGTVEY,False,6880000.0,2.0,N
YLQDKIYEV,0.728,WB,,3534,YLQDKIYEV,28.55,1169.5968,9,0.4,585.8059,60.79,1510000.0,121,F121:12577,F120180713_KP_THP1_BB72_P10new.raw,1,1.0,Q8N8U2|CDYL2_HUMAN,,,PEAKS DB,2,YLQDKIYEV,False,,,N
DAAKNQVAM,0.729,WB,,2608,DAAKNQVAM,25.35,946.4542,9,-0.6,474.2341,25.75,,5,F5:5033,F120180713_KP_THP1_w632_P5.raw,1,,P34931|HS71L_HUMAN:P11142|HSP7C_HUMAN,,,PEAKS DB,2,DAAKNQVAM,False,985000.0,1.0,N
SLFGGTSGL,0.729,WB,,4792,SLFGGTSGL,20.3,837.4232,9,0.2,838.4307,74.57,12400000.0,29,F29:17886,F120180713_KP_THP1_BB72_P2.raw,1,1.0,Q9Y4D8|HECD4_HUMAN,,,PEAKS DB,1,SLFGGTSGL,False,,,N
FAKMLDHEY,0.730,WB,,2358,FAKMLDHEY,19.32,1152.5273,9,0.9,385.1834,36.3,,10,F10:6366,F120180713_KP_THP1_w632_P9.raw,1,,P11387|TOP1_HUMAN,,,PEAKS DB,3,FAKMLDHEY,False,570000.0,1.0,N
QVEDAFRYM,0.730,WB,,2755,QVEDAFRYM,16.43,1173.5125,9,1.0,587.7641,45.7,,1,F1:8127,F120180713_KP_THP1_w632_P1.raw,1,,P49327|FAS_HUMAN,Oxidation (M),M9:Oxidation (M):1000.00,PEAKS DB,2,QVEDAFRYM(+15.99),False,427000.0,1.0,N
SQSASLLEL,0.731,WB,,1773,SQSASLLEL,18.29,947.4811,9,1.0,948.4893,77.24,,3,F3:17776,F120180713_KP_THP1_w632_P3.raw,1,,,Deamidation (NQ),Q2:Deamidation (NQ):1000.00,PEAKS DB,1,SQ(+.98)SASLLEL,False,35300000.0,1.0,N
FLQATVAKL,0.733,WB,,4574,FLQATVAKL,20.64,989.5909,9,0.8,495.8032,52.05,669000.0,28,F28:11065,F120180713_KP_THP1_BB72_P1.raw,1,1.0,Q9UJF2|NGAP_HUMAN,,,PEAKS DB,2,FLQATVAKL,False,,,N
ALDDMISTL,0.734,WB,,2136,ALDDMISTL,15.54,993.4689,9,1.0,994.4771,72.82,2940000.0,121,F121:17385,F120180713_KP_THP1_BB72_P10new.raw,3,3.0,P49368|TCPG_HUMAN,Oxidation (M),M5:Oxidation (M):1000.00,PEAKS DB,1,ALDDM(+15.99)ISTL,False,,,N
YLTNEGIQYL,0.734,WB,,2077,YLTNEGIQYL,31.65,1212.6027,10,1.2,607.3093,77.41,53200000.0,29,F29:19009,F120180713_KP_THP1_BB72_P2.raw,1,1.0,P46783|RS10_HUMAN,,,PEAKS DB,2,YLTNEGIQYL,False,,,N
FLHRLPILL,0.734,WB,,447,FLHRLPILL,17.93,1120.712,9,1.3,561.364,89.99,306000.0,121,F121:23953,F120180713_KP_THP1_BB72_P10new.raw,1,1.0,,,,PEAKS DB,2,FLHRLPILL,False,,,N
YLTEALQSI,0.735,WB,,712,YLTEALQSI,17.3,1036.5441,9,0.8,519.2797,78.1,1030000.0,29,F29:19283,F120180713_KP_THP1_BB72_P2.raw,1,1.0,,,,PEAKS DB,2,YLTEALQSI,False,,,N
RLSEVQASL,0.736,WB,,4430,RLSEVQASL,19.18,1001.5505,9,1.1,501.7831,53.74,5880000.0,122,F122:8008,F120180713_KP_THP1_BB72_P8.raw,1,1.0,Q9NXW2|DJB12_HUMAN,,,PEAKS DB,2,RLSEVQASL,False,,,N
YAVDRAITH,0.738,WB,,2412,YAVDRAITH,40.1,1044.5352,9,0.1,523.2749,27.14,,6,F6:5426,F120180713_KP_THP1_w632_P6.raw,1,,P14866|HNRPL_HUMAN,,,PEAKS DB,2,YAVDRAITH,False,8390000.0,1.0,N
ALADVMSQL,0.738,WB,,3847,ALADVMSQL,20.89,946.4794,9,0.1,947.4868,108.33,1460000.0,30,F30:20867,F120180713_KP_THP1_BB72_P3.raw,1,1.0,Q96GQ7|DDX27_HUMAN,,,PEAKS DB,1,ALADVMSQL,False,,,N
LPAETNVSF,0.738,WB,,1439,LPAETNVSF,18.84,976.4865,9,1.3,489.2512,63.16,,10,F10:16808,F120180713_KP_THP1_w632_P9.raw,1,,,,,PEAKS DB,2,LPAETNVSF,False,3210000.0,1.0,N
HLDSMNVSL,0.740,WB,,3298,HLDSMNVSL,25.85,1030.4753,9,0.9,516.2454,46.95,1030000.0,121,F121:7344,F120180713_KP_THP1_BB72_P10new.raw,1,1.0,Q709C8|VP13C_HUMAN,Oxidation (M),M5:Oxidation (M):1000.00,PEAKS DB,2,HLDSM(+15.99)NVSL,False,,,N
LADYLHLL,0.740,WB,,4251,LADYLHLL,16.87,956.5331,8,0.2,957.5406,94.22,512000.0,28,F28:27079,F120180713_KP_THP1_BB72_P1.raw,1,1.0,Q9HAB8|PPCS_HUMAN,,,PEAKS DB,1,LADYLHLL,False,,,N
VLLATVTEL,0.740,WB,,828,VLLATVTEL,18.09,957.5746,9,1.8,958.5837,96.34,3930000.0,31,F31:18731,F120180713_KP_THP1_BB72_P4.raw,1,1.0,,,,PEAKS DB,1,VLLATVTEL,False,,,N
SALKSSPL,0.741,WB,,449,SALKSSPL,16.94,801.4596,8,0.8,401.7374,34.69,,9,F9:6298,F120180713_KP_THP1_w632_P8.raw,1,,,,,PEAKS DB,2,SALKSSPL,False,5610000.0,1.0,N
TAADIFKQY,0.741,WB,,3968,TAADIFKQY,24.89,1055.5287,9,1.7,528.7725,54.48,,8,F8:11711,F120180713_KP_THP1_w632_P10.raw,1,,Q8N3U4|STAG2_HUMAN,,,PEAKS DB,2,TAADIFKQY,False,3450000.0,1.0,N
AAVIAHDFL,0.742,WB,,2580,AAVIAHDFL,23.73,955.5127,9,0.0,478.7636,56.9,,3,F3:10691,F120180713_KP_THP1_w632_P3.raw,1,,P30281|CCND3_HUMAN,,,PEAKS DB,2,AAVIAHDFL,False,168000.0,1.0,N
SVMGNIIHV,0.743,WB,,4663,SVMGNIIHV,27.01,984.5062,9,0.6,493.2607,43.62,500000.0,29,F29:6946,F120180713_KP_THP1_BB72_P2.raw,1,1.0,Q9UPS6|SET1B_HUMAN,Oxidation (M),M3:Oxidation (M):1000.00,PEAKS DB,2,SVM(+15.99)GNIIHV,False,,,N
FPHLQQPSF,0.744,WB,,4805,FPHLQQPSF,18.33,1099.545,9,1.5,550.7806,59.52,,1,F1:13322,F120180713_KP_THP1_w632_P1.raw,1,,Q9NXE4|NSMA3_HUMAN,,,PEAKS DB,2,FPHLQQPSF,False,252000.0,1.0,N
IVHDLLTTV,0.745,WB,,2167,IVHDLLTTV,25.73,1009.5808,9,0.0,505.7977,57.04,1260000.0,29,F29:11317,F120180713_KP_THP1_BB72_P2.raw,1,1.0,P49815|TSC2_HUMAN,,,PEAKS DB,2,IVHDLLTTV,False,,,N
KLAENEITL,0.745,WB,,4528,KLAENEITL,25.01,1029.5706,9,1.2,515.7932,57.68,22900000.0,121,F121:11342,F120180713_KP_THP1_BB72_P10new.raw,1,1.0,Q9UGC7|RF1ML_HUMAN,,,PEAKS DB,2,KLAENEITL,False,,,N
LGLDGTVIL,0.746,WB,,1415,LGLDGTVIL,12.88,899.5328,9,0.3,900.5403,83.67,,2,F2:15167,F120180713_KP_THP1_w632_P2.raw,1,,,,,PEAKS DB,1,LGLDGTVIL,False,10300000.0,1.0,N
FLQEKLQEI,0.746,WB,,1887,FLQEKLQEI,26.57,1146.6284,9,0.7,574.3219,54.8,20800000.0,28,F28:12147,F120180713_KP_THP1_BB72_P1.raw,2,2.0,P29374|ARI4A_HUMAN,,,PEAKS DB,2,FLQEKLQEI,False,,,N
GLFEAAHVL,0.747,WB,,4749,GLFEAAHVL,21.15,955.5127,9,0.5,478.7639,95.25,387000.0,31,F31:18300,F120180713_KP_THP1_BB72_P4.raw,1,1.0,Q9Y485|DMXL1_HUMAN:Q8TDJ6|DMXL2_HUMAN,,,PEAKS DB,2,GLFEAAHVL,False,,,N
HVIANSGQF,0.747,WB,,2870,HVIANSGQF,28.37,971.4825,9,-0.8,486.7481,32.41,,7,F7:6367,F120180713_KP_THP1_w632_P7.raw,1,,P55160|NCKPL_HUMAN,,,PEAKS DB,2,HVIANSGQF,False,259000.0,1.0,N
AAGRPLEL,0.747,WB,,632,AAGRPLEL,22.33,825.4708,8,0.6,413.74300000000005,36.87,,10,F10:6588,F120180713_KP_THP1_w632_P9.raw,1,,P42167|LAP2B_HUMAN,,,PEAKS DB,2,AAGRPLEL,False,3610000.0,1.0,N
SLSASSSSL,0.748,WB,,4557,SLSASSSSL,12.62,837.408,9,0.2,838.4154,37.34,,6,F6:9100,F120180713_KP_THP1_w632_P6.raw,1,,Q9C0D6|FHDC1_HUMAN,,,PEAKS DB,1,SLSASSSSL,False,5980000.0,1.0,N
KMWEEAISL,0.748,WB,,3702,KMWEEAISL,29.15,1121.5427,9,0.6,561.779,109.6,37300000.0,30,F30:21376,F120180713_KP_THP1_BB72_P3.raw,3,3.0,Q92608|DOCK2_HUMAN,Oxidation (M),M2:Oxidation (M):1000.00,PEAKS DB,2,KM(+15.99)WEEAISL,False,,,N
DAFDKGSLF,0.748,WB,,4105,DAFDKGSLF,22.2,998.4709,9,1.3,500.2433,68.88,,3,F3:15000,F120180713_KP_THP1_w632_P3.raw,1,,Q8WUM4|PDC6I_HUMAN,,,PEAKS DB,2,DAFDKGSLF,False,1440000.0,1.0,N
LPYTNPSKF,0.749,WB,,2775,LPYTNPSKF,35.97,1065.5494,9,0.8,533.7824,44.56,,10,F10:9592,F120180713_KP_THP1_w632_P9.raw,1,,P49815|TSC2_HUMAN,,,PEAKS DB,2,LPYTNPSKF,False,5740000.0,1.0,N
TSTDLLFHL,0.750,WB,,2763,TSTDLLFHL,22.1,1045.5444,9,1.6,1046.5533,87.22,470000.0,28,F28:24576,F120180713_KP_THP1_BB72_P1.raw,1,1.0,Q14181|DPOA2_HUMAN,,,PEAKS DB,1,TSTDLLFHL,False,,,N
SLLASVHQL,0.751,WB,,1802,SLLASVHQL,19.08,966.5498,9,0.4,484.2824,53.83,1300000.0,29,F29:10142,F120180713_KP_THP1_BB72_P2.raw,1,1.0,P20702|ITAX_HUMAN,,,PEAKS DB,2,SLLASVHQL,False,,,N
YPHVNVTNF,0.751,WB,,2357,YPHVNVTNF,27.42,1089.5243,9,-0.2,545.7693,52.88,,8,F8:11099,F120180713_KP_THP1_w632_P10.raw,1,,P11277|SPTB1_HUMAN,,,PEAKS DB,2,YPHVNVTNF,False,1860000.0,1.0,N
KMAEMLVEL,0.751,WB,,3854,KMAEMLVEL,25.07,1094.5352,9,1.0,548.2754,47.17,96300000.0,28,F28:9228,F120180713_KP_THP1_BB72_P1.raw,8,8.0,Q96HT8|MR1L1_HUMAN:Q9Y605|MOFA1_HUMAN,Oxidation (M),M2:Oxidation (M):1000.00;M5:Oxidation (M):1000.00,PEAKS DB,2,KM(+15.99)AEM(+15.99)LVEL,False,,,N
FTKSSTLTY,0.753,WB,,1343,FTKSSTLTY,12.84,1046.5284,9,-0.7,524.2711,34.3,,7,F7:7070,F120180713_KP_THP1_w632_P7.raw,1,,,,,PEAKS DB,2,FTKSSTLTY,False,2210000.0,1.0,N
LLVEEIHRL,0.755,WB,,4460,LLVEEIHRL,26.15,1120.6604,9,0.4,561.3377,50.42,1270000.0,29,F29:9046,F120180713_KP_THP1_BB72_P2.raw,1,1.0,Q9P1F3|ABRAL_HUMAN,,,PEAKS DB,2,LLVEEIHRL,False,,,N
YPQFSGQSF,0.755,WB,,2420,YPQFSGQSF,25.49,1059.4661,9,1.6,530.7411,66.38,,8,F8:15932,F120180713_KP_THP1_w632_P10.raw,1,,P15289|ARSA_HUMAN,,,PEAKS DB,2,YPQFSGQSF,False,1280000.0,1.0,N
ALHDRAPQL,0.755,WB,,4507,ALHDRAPQL,34.15,1019.5512,9,0.6,510.7832,44.71,5630000.0,44,F44:7532,F120180713_KP_THP1_BB72_P7.raw,1,1.0,Q9UBL3|ASH2L_HUMAN,,,PEAKS DB,2,ALHDRAPQL,False,,,N
AQYENPPHI,0.756,WB,,928,AQYENPPHI,32.95,1067.5035,9,0.4,534.7593,44.58,6590000.0,44,F44:7485,F120180713_KP_THP1_BB72_P7.raw,1,1.0,O00160|MYO1F_HUMAN,,,PEAKS DB,2,AQYENPPHI,False,,,N
HPAKSSTSF,0.757,WB,,5048,HPAKSSTSF,21.86,960.4665,9,0.7,481.2409,19.68,,5,F5:2684,F120180713_KP_THP1_w632_P5.raw,1,,Q9Y2R2|PTN22_HUMAN,,,PEAKS DB,2,HPAKSSTSF,False,1130000.0,1.0,N
TASVLPGLL,0.760,WB,,2495,TASVLPGLL,14.24,869.5222,9,-1.3,870.5284,107.98,7040000.0,123,F123:22861,F120180713_KP_THP1_BB72_P9new.raw,1,1.0,P98161|PKD1_HUMAN,,,PEAKS DB,1,TASVLPGLL,False,,,N
SARAGETRF,0.760,WB,,2395,SARAGETRF,29.68,993.4991,9,0.1,497.7569,21.04,,6,F6:3004,F120180713_KP_THP1_w632_P6.raw,2,,P13639|EF2_HUMAN,,,PEAKS DB,2,SARAGETRF,False,3580000.0,2.0,N
YPVPNYLSY,0.761,WB,,2012,YPVPNYLSY,19.03,1114.5334,9,0.4,558.2742,78.75,,3,F3:18342,F120180713_KP_THP1_w632_P3.raw,1,,O60346|PHLP1_HUMAN,,,PEAKS DB,2,YPVPNYLSY,False,1660000.0,1.0,N
YSFPSLTY,0.761,WB,,426,YSFPSLTY,13.95,976.4542,8,-6.3,977.4553,51.47,,7,F7:13283,F120180713_KP_THP1_w632_P7.raw,1,,,,,PEAKS DB,1,YSFPSLTY,False,11700000.0,1.0,N
AVNSHVISV,0.761,WB,,149,AVNSHVISV,15.96,924.5029,9,0.5,463.2589,46.42,791000.0,122,F122:6354,F120180713_KP_THP1_BB72_P8.raw,1,1.0,,,,PEAKS DB,2,AVNSHVISV,False,,,N
GLIDHQTYL,0.761,WB,,2876,GLIDHQTYL,27.79,1058.5397,9,0.6,530.2774,65.84,153000000.0,121,F121:14601,F120180713_KP_THP1_BB72_P10new.raw,1,1.0,Q15149|PLEC_HUMAN,,,PEAKS DB,2,GLIDHQTYL,False,,,N
KLFDAPLSI,0.762,WB,,3243,KLFDAPLSI,28.39,1002.575,9,0.4,502.295,92.34,8680000.0,32,F32:18976,F120180713_KP_THP1_BB72_P5.raw,1,1.0,Q6VEQ5|WASH2_HUMAN:A8K0Z3|WASH1_HUMAN:C4AMC7|WASH3_HUMAN,,,PEAKS DB,2,KLFDAPLSI,False,,,N
FLHESLVEY,0.762,WB,,4792,FLHESLVEY,21.86,1135.5549,9,1.1,568.7853,57.41,,1,F1:12507,F120180713_KP_THP1_w632_P1.raw,1,,Q9NW08|RPC2_HUMAN,,,PEAKS DB,2,FLHESLVEY,False,25900000.0,1.0,N
FVKDEKTRF,0.762,WB,,2851,FVKDEKTRF,25.9,1168.624,9,-0.5,390.5484,23.43,,7,F7:3228,F120180713_KP_THP1_w632_P7.raw,2,,P53621|COPA_HUMAN,,,PEAKS DB,3,FVKDEKTRF,False,871000.0,2.0,N
ALMKEIPAL,0.764,WB,,3944,ALMKEIPAL,27.22,1000.5627,9,0.9,501.2891,48.38,12000000.0,29,F29:8361,F120180713_KP_THP1_BB72_P2.raw,2,2.0,Q96S66|CLCC1_HUMAN,Oxidation (M),M3:Oxidation (M):1000.00,PEAKS DB,2,ALM(+15.99)KEIPAL,False,,,N
FMSEVIQAY,0.764,WB,,4196,FMSEVIQAY,24.45,1102.5005,9,0.4,552.2578,62.78,,1,F1:14549,F120180713_KP_THP1_w632_P1.raw,1,,Q92797|SYMPK_HUMAN,Oxidation (M),M2:Oxidation (M):1000.00,PEAKS DB,2,FM(+15.99)SEVIQAY,False,1350000.0,1.0,N
FLLPTGLSSL,0.765,WB,,35,FLLPTGLSSL,24.11,1046.6012,10,1.2,1047.6097,107.83,5990000.0,121,F121:31024,F120180713_KP_THP1_BB72_P10new.raw,2,2.0,A9UHW6|MI4GD_HUMAN,,,PEAKS DB,1,FLLPTGLSSL,False,,,N
LLMDRVDEM,0.765,WB,,1083,LLMDRVDEM,24.93,1120.5256,9,0.7,561.2705,67.53,512000.0,121,F121:15270,F120180713_KP_THP1_BB72_P10new.raw,2,2.0,O15372|EIF3H_HUMAN,,,PEAKS DB,2,LLMDRVDEM,False,,,N
AIIEYMPLL,0.766,WB,,1898,AIIEYMPLL,20.33,1077.578,9,0.5,1078.5858,88.35,9080000.0,29,F29:22929,F120180713_KP_THP1_BB72_P2.raw,2,2.0,P30153|2AAA_HUMAN:P30154|2AAB_HUMAN,Oxidation (M),M6:Oxidation (M):1000.00,PEAKS DB,1,AIIEYM(+15.99)PLL,False,,,N
YGFRGEAL,0.767,WB,,667,YGFRGEAL,28.51,911.4501,8,1.2,456.7329,43.07,,10,F10:9010,F120180713_KP_THP1_w632_P9.raw,1,,P54277|PMS1_HUMAN:Q86VD7|S2542_HUMAN:P40692|MLH1_HUMAN:Q9UHC1|MLH3_HUMAN,,,PEAKS DB,2,YGFRGEAL,False,3570000.0,1.0,N
RLSDFTESL,0.767,WB,,4511,RLSDFTESL,24.01,1066.5294,9,1.3,534.2727,58.61,8570000.0,28,F28:13645,F120180713_KP_THP1_BB72_P1.raw,1,1.0,Q9UBP0|SPAST_HUMAN,,,PEAKS DB,2,RLSDFTESL,False,,,N
HTGPVRAL,0.768,WB,,540,HTGPVRAL,24.82,849.4821,8,0.4,425.7485,23.07,,6,F6:3809,F120180713_KP_THP1_w632_P6.raw,1,,O94979|SC31A_HUMAN,,,PEAKS DB,2,HTGPVRAL,False,925000.0,1.0,N
YASQPAAYA,0.769,WB,,4343,YASQPAAYA,13.52,940.429,9,0.8,471.2221,37.69,,5,F5:8994,F120180713_KP_THP1_w632_P5.raw,1,,Q96PK6|RBM14_HUMAN,,,PEAKS DB,2,YASQPAAYA,False,200000.0,1.0,N
QLDPTLLQM,0.770,WB,,2149,QLDPTLLQM,21.47,1057.5477,9,1.4,529.7819,109.37,1880000.0,30,F30:21282,F120180713_KP_THP1_BB72_P3.raw,1,1.0,P49711|CTCF_HUMAN,,,PEAKS DB,2,QLDPTLLQM,False,,,N
AVAAHIQEV,0.770,WB,,3001,AVAAHIQEV,28.9,936.5029,9,-0.2,469.2586,43.08,1090000.0,43,F43:7459,F120180713_KP_THP1_BB72_P6.raw,1,1.0,Q3V6T2|GRDN_HUMAN,,,PEAKS DB,2,AVAAHIQEV,False,,,N
AMAPGTVTV,0.770,WB,,4465,AMAPGTVTV,19.22,861.4266,9,0.8,862.4346,44.86,7810000.0,44,F44:7593,F120180713_KP_THP1_BB72_P7.raw,1,1.0,Q9P243|ZFAT_HUMAN,Oxidation (M),M2:Oxidation (M):1000.00,PEAKS DB,1,AM(+15.99)APGTVTV,False,,,N
KLMAPDISL,0.771,WB,,851,KLMAPDISL,19.41,1002.5419,9,0.5,502.2785,57.07,937000.0,29,F29:11328,F120180713_KP_THP1_BB72_P2.raw,1,1.0,,Oxidation (M),M3:Oxidation (M):1000.00,PEAKS DB,2,KLM(+15.99)APDISL,False,,,N
TMITHQILL,0.772,WB,,2678,TMITHQILL,21.54,1084.5951,9,2.0,543.3059,50.95,3690000.0,29,F29:9224,F120180713_KP_THP1_BB72_P2.raw,1,1.0,Q13395|TARB1_HUMAN,Oxidation (M),M2:Oxidation (M):1000.00,PEAKS DB,2,TM(+15.99)ITHQILL,False,,,N
QTAATGIIL,0.772,WB,,1263,QTAATGIIL,13.0,886.5124,9,0.9,887.5204,69.25,,1,F1:16838,F120180713_KP_THP1_w632_P1.raw,1,,,,,PEAKS DB,1,QTAATGIIL,False,2450000.0,1.0,N
VTAGKVPEV,0.773,WB,,877,VTAGKVPEV,19.25,898.5123,9,-0.4,450.2632,42.16,480000.0,43,F43:7167,F120180713_KP_THP1_BB72_P6.raw,1,1.0,,,,PEAKS DB,2,VTAGKVPEV,False,,,N
HLSNVLMTL,0.773,WB,,4587,HLSNVLMTL,23.54,1042.5481,9,0.8,522.2817,82.51,384000.0,32,F32:16531,F120180713_KP_THP1_BB72_P5.raw,2,2.0,Q9UKD1|GMEB2_HUMAN,Oxidation (M),M7:Oxidation (M):1000.00,PEAKS DB,2,HLSNVLM(+15.99)TL,False,,,N
KLIEILNSM,0.774,WB,,1119,KLIEILNSM,24.25,1075.5947,9,0.7,538.805,74.43,424000.0,32,F32:14890,F120180713_KP_THP1_BB72_P5.raw,1,1.0,O43310|CTIF_HUMAN,Oxidation (M),M9:Oxidation (M):1000.00,PEAKS DB,2,KLIEILNSM(+15.99),False,,,N
YPSPATTSY,0.774,WB,,2461,YPSPATTSY,19.7,985.4393,9,0.0,986.4466,45.86,,6,F6:12242,F120180713_KP_THP1_w632_P6.raw,2,,P18146|EGR1_HUMAN,,,PEAKS DB,1,YPSPATTSY,False,7890000.0,2.0,N
LLLDSTQRL,0.774,WB,,649,LLLDSTQRL,17.22,1057.6132,9,1.4,529.8146,55.26,292000.0,28,F28:12333,F120180713_KP_THP1_BB72_P1.raw,1,1.0,,,,PEAKS DB,2,LLLDSTQRL,False,,,N
AIMDSNNFL,0.775,WB,,4293,AIMDSNNFL,27.75,1039.4645,9,2.0,520.7405,63.85,2890000.0,29,F29:13964,F120180713_KP_THP1_BB72_P2.raw,2,2.0,Q9HD40|SPCS_HUMAN,Oxidation (M),M3:Oxidation (M):1000.00,PEAKS DB,2,AIM(+15.99)DSNNFL,False,,,N
ALYPNVVQV,0.775,WB,,3189,ALYPNVVQV,21.1,1001.5546,9,1.1,501.7851,73.2,69700000.0,28,F28:19120,F120180713_KP_THP1_BB72_P1.raw,2,2.0,Q6P158|DHX57_HUMAN,,,PEAKS DB,2,ALYPNVVQV,False,,,N
VLYDRPLKI,0.776,WB,,3952,VLYDRPLKI,19.73,1115.6703,9,0.1,558.8425,44.16,6650000.0,28,F28:8080,F120180713_KP_THP1_BB72_P1.raw,1,1.0,Q96T37|RBM15_HUMAN,,,PEAKS DB,2,VLYDRPLKI,False,,,N
ILSHLSSEL,0.776,WB,,4674,ILSHLSSEL,24.73,997.5444,9,1.3,499.7801,62.68,3670000.0,121,F121:13335,F120180713_KP_THP1_BB72_P10new.raw,1,1.0,Q9UQ35|SRRM2_HUMAN,,,PEAKS DB,2,ILSHLSSEL,False,,,N
FPFPDRPRTF,0.776,WB,,5500,FPFPDRPRTF,21.18,1278.6509,10,0.6,427.2245,54.33,,3,F3:9886,F120180713_KP_THP1_w632_P3.raw,1,,Q17RY0|CPEB4_HUMAN,,,PEAKS DB,3,FPFPDRPRTF,False,1750000.0,1.0,N
SVPHTKSL,0.777,WB,,533,SVPHTKSL,19.5,867.4814,8,1.0,434.7484,34.06,,9,F9:6091,F120180713_KP_THP1_w632_P8.raw,1,,O75528|TADA3_HUMAN,,,PEAKS DB,2,SVPHTKSL,False,648000.0,1.0,N
ILHESKMLL,0.777,WB,,234,ILHESKMLL,16.66,1098.6107,9,1.3,550.3134,32.52,946000.0,28,F28:4505,F120180713_KP_THP1_BB72_P1.raw,1,1.0,,Oxidation (M),M7:Oxidation (M):1000.00,PEAKS DB,2,ILHESKM(+15.99)LL,False,,,N
YLQAHTQSV,0.777,WB,,673,YLQAHTQSV,19.03,1045.5193,9,0.8,523.7673,36.79,4040000.0,32,F32:6367,F120180713_KP_THP1_BB72_P5.raw,1,1.0,,,,PEAKS DB,2,YLQAHTQSV,False,,,N
VLIDHDVDL,0.777,WB,,4036,VLIDHDVDL,26.9,1037.5393,9,1.3,519.7776,64.86,9220000.0,121,F121:14210,F120180713_KP_THP1_BB72_P10new.raw,1,1.0,Q9BPZ7|SIN1_HUMAN,,,PEAKS DB,2,VLIDHDVDL,False,,,N
ALSPHNILL,0.777,WB,,3630,ALSPHNILL,26.25,976.5706,9,0.0,489.2926,56.69,14300000.0,29,F29:11181,F120180713_KP_THP1_BB72_P2.raw,1,1.0,Q8TEA7|TBCK_HUMAN,,,PEAKS DB,2,ALSPHNILL,False,,,N
SLAPPSMEY,0.777,WB,,1700,SLAPPSMEY,16.02,1009.4426,9,1.7,505.7294,48.27,,10,F10:11053,F120180713_KP_THP1_w632_P9.raw,1,,,Oxidation (M),M7:Oxidation (M):1000.00,PEAKS DB,2,SLAPPSM(+15.99)EY,False,1190000.0,1.0,N
AIVDKVPSV,0.778,WB,,4839,AIVDKVPSV,32.79,926.5436,9,1.6,464.2798,83.41,84600000.0,123,F123:14585,F120180713_KP_THP1_BB72_P9new.raw,6,6.0,Q9Y678|COPG1_HUMAN,,,PEAKS DB,2,AIVDKVPSV,False,,,N
FPAPVPAAY,0.779,WB,,1879,FPAPVPAAY,21.49,931.4803,9,2.1,932.4895,70.01,,8,F8:17375,F120180713_KP_THP1_w632_P10.raw,2,,O15055|PER2_HUMAN,,,PEAKS DB,1,FPAPVPAAY,False,1830000.0,2.0,N
GLMEQIQAL,0.780,WB,,3923,GLMEQIQAL,20.75,1017.5165,9,0.6,509.7658,76.18,2020000.0,31,F31:12929,F120180713_KP_THP1_BB72_P4.raw,2,2.0,Q96QT6|PHF12_HUMAN,Oxidation (M),M3:Oxidation (M):1000.00,PEAKS DB,2,GLM(+15.99)EQIQAL,False,,,N
YTAQPTQGY,0.780,WB,,3048,YTAQPTQGY,22.8,1027.4611,9,0.0,514.7378,36.13,,5,F5:8493,F120180713_KP_THP1_w632_P5.raw,1,,Q01844|EWS_HUMAN,,,PEAKS DB,2,YTAQPTQGY,False,135000.0,1.0,N
SLPDHLPSV,0.782,WB,,4690,SLPDHLPSV,23.15,963.5025,9,0.8,482.7589,62.23,8150000.0,121,F121:13156,F120180713_KP_THP1_BB72_P10new.raw,1,1.0,Q9Y259|CHKB_HUMAN,,,PEAKS DB,2,SLPDHLPSV,False,,,N
TLSDLRVYL,0.784,WB,,4120,TLSDLRVYL,33.48,1078.6023,9,0.3,540.3086,94.7,15000000.0,31,F31:18081,F120180713_KP_THP1_BB72_P4.raw,2,2.0,Q9BYN0|SRXN1_HUMAN,,,PEAKS DB,2,TLSDLRVYL,False,,,N
VSQVGKEL,0.784,WB,,1010,VSQVGKEL,26.01,858.4811,8,0.3,859.4886,27.06,,6,F6:5390,F120180713_KP_THP1_w632_P6.raw,2,,Q9NX09|DDIT4_HUMAN,,,PEAKS DB,1,VSQVGKEL,False,47500000.0,2.0,N
RVPPVPPNV,0.784,WB,,4748,RVPPVPPNV,40.15,973.5709,9,0.0,487.7927,53.05,1390000.0,44,F44:10718,F120180713_KP_THP1_BB72_P7.raw,3,3.0,Q9Y483|MTF2_HUMAN,,,PEAKS DB,2,RVPPVPPNV,False,,,N
SQMPTVIYV,0.785,WB,,3079,SQMPTVIYV,22.5,1052.5212,9,0.9,527.2684,69.19,2910000.0,121,F121:15929,F120180713_KP_THP1_BB72_P10new.raw,3,3.0,Q5T3J3|LRIF1_HUMAN,Oxidation (M),M3:Oxidation (M):1000.00,PEAKS DB,2,SQM(+15.99)PTVIYV,False,,,N
FLQEKSPAV,0.786,WB,,2758,FLQEKSPAV,37.78,1017.5494,9,0.6,509.7823,48.07,37400000.0,44,F44:8844,F120180713_KP_THP1_BB72_P7.raw,2,2.0,Q14157|UBP2L_HUMAN,,,PEAKS DB,2,FLQEKSPAV,False,,,N
KMASTLPSL,0.786,WB,,2630,KMASTLPSL,22.66,946.5157,9,1.2,474.2657,59.37,988000.0,121,F121:12010,F120180713_KP_THP1_BB72_P10new.raw,1,1.0,Q12778|FOXO1_HUMAN,,,PEAKS DB,2,KMASTLPSL,False,,,N
TSGSVYITL,0.788,WB,,2650,TSGSVYITL,12.85,939.4913,9,-1.0,470.7525,76.38,,3,F3:17447,F120180713_KP_THP1_w632_P3.raw,1,,P37108|SRP14_HUMAN,,,PEAKS DB,2,TSGSVYITL,False,2310000.0,1.0,N
FAYMPPTSEAASSL,0.788,WB,,6029,FAYMPPTSEAASSL,40.74,1486.6649,14,0.9,744.3404,68.48,,1,F1:16551,F120180713_KP_THP1_w632_P1.raw,2,,O15533|TPSN_HUMAN,Oxidation (M),M4:Oxidation (M):1000.00,PEAKS DB,2,FAYM(+15.99)PPTSEAASSL,False,7750000.0,2.0,N
FLYFEDHGL,0.788,WB,,362,FLYFEDHGL,16.88,1139.5287,9,0.1,570.7717,87.16,1090000.0,32,F32:17629,F120180713_KP_THP1_BB72_P5.raw,1,1.0,,,,PEAKS DB,2,FLYFEDHGL,False,,,N
VLKEEGVSF,0.788,WB,,2993,VLKEEGVSF,30.95,1006.5334,9,0.5,504.2742,46.0,,10,F10:10162,F120180713_KP_THP1_w632_P9.raw,1,,P78527|PRKDC_HUMAN,,,PEAKS DB,2,VLKEEGVSF,False,40600000.0,1.0,N
KLTDNLVAL,0.789,WB,,2500,KLTDNLVAL,22.39,985.5807,9,0.9,493.7981,60.76,3710000.0,28,F28:14481,F120180713_KP_THP1_BB72_P1.raw,1,1.0,Q00536|CDK16_HUMAN,,,PEAKS DB,2,KLTDNLVAL,False,,,N
SVPDTVHHV,0.790,WB,,3688,SVPDTVHHV,22.72,989.493,9,1.7,495.7546,32.56,0.0,32,F32:5000,F120180713_KP_THP1_BB72_P5.raw,0,0.0,Q92499|DDX1_HUMAN,,,PEAKS DB,2,SVPDTVHHV,False,,,N
YLLASKAYL,0.791,WB,,4156,YLLASKAYL,23.59,1040.5906,9,0.6,521.3029,56.89,3480000.0,29,F29:11259,F120180713_KP_THP1_BB72_P2.raw,1,1.0,Q9H0H0|INT2_HUMAN,,,PEAKS DB,2,YLLASKAYL,False,,,N
TVFEGRIYV,0.791,WB,,1328,TVFEGRIYV,25.72,1082.576,9,1.0,542.2958,56.94,6480000.0,28,F28:12989,F120180713_KP_THP1_BB72_P1.raw,2,2.0,O94889|KLH18_HUMAN,,,PEAKS DB,2,TVFEGRIYV,False,,,N
AGAPPGTAY,0.792,WB,,3051,AGAPPGTAY,16.61,803.3813,9,0.4,804.3889999999999,33.23,,5,F5:7475,F120180713_KP_THP1_w632_P5.raw,1,,Q02218|ODO1_HUMAN,,,PEAKS DB,1,AGAPPGTAY,False,1690000.0,1.0,N
TPIDSNIAF,0.792,WB,,1881,TPIDSNIAF,27.19,976.4865,9,0.9,977.4946,72.88,,1,F1:18268,F120180713_KP_THP1_w632_P1.raw,2,,O15118|NPC1_HUMAN,,,PEAKS DB,1,TPIDSNIAF,False,28800000.0,2.0,N
SLMLVTVEL,0.792,WB,,943,SLMLVTVEL,16.64,1019.5573,9,0.4,510.7861,100.74,1090000.0,31,F31:20371,F120180713_KP_THP1_BB72_P4.raw,2,2.0,O00203|AP3B1_HUMAN,Oxidation (M),M3:Oxidation (M):1000.00,PEAKS DB,2,SLM(+15.99)LVTVEL,False,,,N
LLIDKTENL,0.792,WB,,2212,LLIDKTENL,20.49,1057.6019,9,1.6,529.8091,60.15,1430000.0,121,F121:12321,F120180713_KP_THP1_BB72_P10new.raw,1,1.0,P51809|VAMP7_HUMAN,,,PEAKS DB,2,LLIDKTENL,False,,,N
LLAHLSPEL,0.793,WB,,1192,LLAHLSPEL,24.61,991.5702,9,-0.1,496.7923,57.87,4130000.0,29,F29:11624,F120180713_KP_THP1_BB72_P2.raw,1,1.0,O60312|AT10A_HUMAN,,,PEAKS DB,2,LLAHLSPEL,False,,,N
FMNTELAAF,0.793,WB,,2590,FMNTELAAF,24.99,1058.4742,9,0.2,530.2445,73.46,,4,F4:13135,F120180713_KP_THP1_w632_P4.raw,2,,P31949|S10AB_HUMAN,Oxidation (M),M2:Oxidation (M):1000.00,PEAKS DB,2,FM(+15.99)NTELAAF,False,4920000.0,2.0,N
KLADDLSTL,0.795,WB,,2838,KLADDLSTL,23.97,974.5284,9,0.6,488.2718,63.88,945000.0,121,F121:13817,F120180713_KP_THP1_BB72_P10new.raw,1,1.0,Q14980|NUMA1_HUMAN,,,PEAKS DB,2,KLADDLSTL,False,,,N
KIPPVSPSI,0.795,WB,,3798,KIPPVSPSI,25.17,936.5644,9,1.6,469.2902,55.6,297000.0,121,F121:10507,F120180713_KP_THP1_BB72_P10new.raw,1,1.0,Q96B67|ARRD3_HUMAN,,,PEAKS DB,2,KIPPVSPSI,False,,,N
KSTSVILFL,0.796,WB,,1516,KSTSVILFL,14.48,1006.6063,9,0.7,504.3108,72.93,,9,F9:19365,F120180713_KP_THP1_w632_P8.raw,1,,,,,PEAKS DB,2,KSTSVILFL,False,12400000.0,1.0,N
YLGPHIASV,0.797,WB,,3841,YLGPHIASV,26.7,955.5127,9,2.3,478.7647,58.6,5890000.0,121,F121:11709,F120180713_KP_THP1_BB72_P10new.raw,1,1.0,Q96GC9|VMP1_HUMAN,,,PEAKS DB,2,YLGPHIASV,False,,,N
GIIRPGTAF,0.797,WB,,3381,GIIRPGTAF,24.8,930.5287,9,0.2,466.2717,47.56,,8,F8:9018,F120180713_KP_THP1_w632_P10.raw,1,,Q15149|PLEC_HUMAN,,,PEAKS DB,2,GIIRPGTAF,False,852000.0,1.0,N
VAVFPKDHSSL,0.799,WB,,5864,VAVFPKDHSSL,33.68,1198.6345,11,1.8,400.5528,36.0,,10,F10:6260,F120180713_KP_THP1_w632_P9.raw,2,,Q5VT52|RPRD2_HUMAN,,,PEAKS DB,3,VAVFPKDHSSL,False,1650000.0,2.0,N
ILREDPAYL,0.800,WB,,1576,ILREDPAYL,24.64,1088.5865,9,1.5,545.3014,59.4,2740000.0,121,F121:12022,F120180713_KP_THP1_BB72_P10new.raw,1,1.0,P08567|PLEK_HUMAN,,,PEAKS DB,2,ILREDPAYL,False,,,N
TLFDYEVRL,0.800,WB,,4408,TLFDYEVRL,25.88,1154.5972,9,-0.2,578.3057,77.92,,6,F6:18702,F120180713_KP_THP1_w632_P6.raw,1,,Q96T88|UHRF1_HUMAN,,,PEAKS DB,2,TLFDYEVRL,False,10800000.0,1.0,N
MMYSGELKF,0.800,WB,,2380,MMYSGELKF,19.08,1136.4882,9,0.1,569.2514,48.98,,3,F3:8143,F120180713_KP_THP1_w632_P3.raw,1,,P12268|IMDH2_HUMAN,Oxidation (M),M1:Oxidation (M):1000.00;M2:Oxidation (M):1000.00,PEAKS DB,2,M(+15.99)M(+15.99)YSGELKF,False,704000.0,1.0,N
GVISKTFQL,0.800,WB,,3251,GVISKTFQL,21.72,991.5702,9,0.5,496.7926,55.9,4530000.0,29,F29:10899,F120180713_KP_THP1_BB72_P2.raw,1,1.0,Q6YHK3|CD109_HUMAN,,,PEAKS DB,2,GVISKTFQL,False,,,N
FPSEVVGKM,0.801,WB,,3601,FPSEVVGKM,28.02,1008.495,9,1.1,505.2553,36.47,,10,F10:6434,F120180713_KP_THP1_w632_P9.raw,1,,Q5UIP0|RIF1_HUMAN,Oxidation (M),M9:Oxidation (M):1000.00,PEAKS DB,2,FPSEVVGKM(+15.99),False,393000.0,1.0,N
GAHVRQVPM,0.802,WB,,4257,GAHVRQVPM,29.03,1009.5127,9,-0.1,505.7636,20.05,,6,F6:2691,F120180713_KP_THP1_w632_P6.raw,2,,Q96BZ4|PLD4_HUMAN,Oxidation (M),M9:Oxidation (M):1000.00,PEAKS DB,2,GAHVRQVPM(+15.99),False,5540000.0,2.0,N
SMLPVPPAV,0.802,WB,,350,SMLPVPPAV,17.8,925.4943,9,1.2,926.5026,66.28,2720000.0,28,F28:16530,F120180713_KP_THP1_BB72_P1.raw,5,5.0,,Oxidation (M),M2:Oxidation (M):1000.00,PEAKS DB,1,SM(+15.99)LPVPPAV,False,,,N
TVLSALIHL,0.802,WB,,112,TVLSALIHL,17.53,965.5909,9,0.9,483.8032,97.84,513000.0,28,F28:28237,F120180713_KP_THP1_BB72_P1.raw,1,1.0,,,,PEAKS DB,2,TVLSALIHL,False,,,N
QLLSHLHTL,0.803,WB,,4612,QLLSHLHTL,21.97,1060.6029,9,1.0,531.3093,40.39,1810000.0,28,F28:6688,F120180713_KP_THP1_BB72_P1.raw,1,1.0,Q9ULK4|MED23_HUMAN,,,PEAKS DB,2,QLLSHLHTL,False,,,N
FLYDDNQRV,0.806,WB,,1655,FLYDDNQRV,21.61,1168.5513,9,2.3,585.2842,84.01,28000000.0,123,F123:14789,F120180713_KP_THP1_BB72_P9new.raw,2,2.0,P11388|TOP2A_HUMAN:Q02880|TOP2B_HUMAN,,,PEAKS DB,2,FLYDDNQRV,False,,,N
LPYAGDVSM,0.806,WB,,2256,LPYAGDVSM,23.76,951.4371,9,1.4,952.4457,66.21,,10,F10:17986,F120180713_KP_THP1_w632_P9.raw,1,,P05120|PAI2_HUMAN,,,PEAKS DB,1,LPYAGDVSM,False,8550000.0,1.0,N
SPIHTSVQF,0.807,WB,,4846,SPIHTSVQF,21.94,1014.5134,9,0.6,508.2643,43.72,,10,F10:9264,F120180713_KP_THP1_w632_P9.raw,1,,Q9P1Z2|CACO1_HUMAN,,,PEAKS DB,2,SPIHTSVQF,False,1020000.0,1.0,N
QPIAPQTTF,0.807,WB,,3908,QPIAPQTTF,29.48,1001.5182,9,1.0,501.7668,56.93,,9,F9:14829,F120180713_KP_THP1_w632_P8.raw,1,,Q8IX12|CCAR1_HUMAN,,,PEAKS DB,2,QPIAPQTTF,False,3090000.0,1.0,N
HAVGPQEI,0.809,WB,,335,HAVGPQEI,16.21,849.4344,8,-0.5,425.7243,29.77,,6,F6:6451,F120180713_KP_THP1_w632_P6.raw,1,,,,,PEAKS DB,2,HAVGPQEI,False,2630000.0,1.0,N
YLLPAIVHI,0.809,WB,,1751,YLLPAIVHI,35.71,1037.6273,9,0.6,1038.6353,92.34,1230000000.0,121,F121:24878,F120180713_KP_THP1_BB72_P10new.raw,2,2.0,P17844|DDX5_HUMAN,,,PEAKS DB,1,YLLPAIVHI,False,,,N
YVIDPLKVA,0.810,WB,,1642,YVIDPLKVA,18.81,1016.5906,9,0.7,509.3029,67.46,,2,F2:11135,F120180713_KP_THP1_w632_P2.raw,1,,,,,PEAKS DB,2,YVIDPLKVA,False,776000.0,1.0,N
TLIDSLDTL,0.812,WB,,4132,TLIDSLDTL,22.31,989.5281,9,0.9,990.5363,100.42,78300000.0,31,F31:20275,F120180713_KP_THP1_BB72_P4.raw,1,1.0,Q9BZQ6|EDEM3_HUMAN,,,PEAKS DB,1,TLIDSLDTL,False,,,N
YLDLSENRL,0.812,WB,,547,YLDLSENRL,14.87,1121.5717,9,1.0,561.7936,63.36,1680000.0,121,F121:13609,F120180713_KP_THP1_BB72_P10new.raw,1,1.0,,,,PEAKS DB,2,YLDLSENRL,False,,,N
HSLSGRPL,0.815,WB,,663,HSLSGRPL,16.0,865.477,8,0.0,433.7458,23.21,,6,F6:3865,F120180713_KP_THP1_w632_P6.raw,1,,P52272|HNRPM_HUMAN,,,PEAKS DB,2,HSLSGRPL,False,516000.0,1.0,N
FSKIGGIL,0.817,WB,,642,FSKIGGIL,14.91,833.5010000000002,8,0.2,417.7579,54.15,,3,F3:9822,F120180713_KP_THP1_w632_P3.raw,1,,P46940|IQGA1_HUMAN,,,PEAKS DB,2,FSKIGGIL,False,3060000.0,1.0,N
YVAQPATAA,0.817,WB,,4352,YVAQPATAA,18.08,890.4498,9,0.1,891.4571,31.66,,4,F4:6074,F120180713_KP_THP1_w632_P4.raw,1,,Q96PK6|RBM14_HUMAN,,,PEAKS DB,1,YVAQPATAA,False,1180000.0,1.0,N
HPKPTQRTF,0.818,WB,,4884,HPKPTQRTF,26.34,1110.5934,9,0.6,556.3043,19.96,,5,F5:2796,F120180713_KP_THP1_w632_P5.raw,1,,Q9UBT2|SAE2_HUMAN,,,PEAKS DB,2,HPKPTQRTF,False,3320000.0,1.0,N
SLDKDIVAL,0.818,WB,,1652,SLDKDIVAL,22.83,972.5491,9,0.9,487.2823,58.74,1220000.0,28,F28:13697,F120180713_KP_THP1_BB72_P1.raw,1,1.0,P11388|TOP2A_HUMAN,,,PEAKS DB,2,SLDKDIVAL,False,,,N
SLLSHVEQL,0.818,WB,,4560,SLLSHVEQL,28.44,1024.5553,9,0.1,513.285,109.84,18100000.0,30,F30:21471,F120180713_KP_THP1_BB72_P3.raw,1,1.0,Q9UI95|MD2L2_HUMAN,,,PEAKS DB,2,SLLSHVEQL,False,,,N
FLAGAVTSV,0.819,WB,,26,FLAGAVTSV,23.12,863.4752,9,0.7,864.4831,72.11,52500000.0,121,F121:17101,F120180713_KP_THP1_BB72_P10new.raw,2,2.0,A8MPS7|YDJC_HUMAN,,,PEAKS DB,1,FLAGAVTSV,False,,,N
FPKSMEISL,0.820,WB,,4581,FPKSMEISL,21.99,1066.5369,9,0.3,534.2759,49.4,,2,F2:7118,F120180713_KP_THP1_w632_P2.raw,1,,Q9H0R1|AP5M1_HUMAN,Oxidation (M),M5:Oxidation (M):1000.00,PEAKS DB,2,FPKSM(+15.99)EISL,False,4420000.0,1.0,N
YVGPSLRM,0.820,WB,,748,YVGPSLRM,13.81,921.4742,8,-1.4,461.7437,46.62,,8,F8:8649,F120180713_KP_THP1_w632_P10.raw,1,,Q14008|CKAP5_HUMAN,,,PEAKS DB,2,YVGPSLRM,False,942000.0,1.0,N
TLDENHPSI,0.820,WB,,4459,TLDENHPSI,24.49,1024.4825,9,0.1,513.2486,42.61,5780000.0,44,F44:6787,F120180713_KP_THP1_BB72_P7.raw,1,1.0,Q9P0W8|SPAT7_HUMAN,,,PEAKS DB,2,TLDENHPSI,False,,,N
KILEINPKL,0.820,WB,,4241,KILEINPKL,24.06,1066.675,9,0.9,534.3453,43.47,5630000.0,28,F28:7813,F120180713_KP_THP1_BB72_P1.raw,1,1.0,Q9H892|TTC12_HUMAN,,,PEAKS DB,2,KILEINPKL,False,,,N
AVADVTLQV,0.821,WB,,3299,AVADVTLQV,18.44,914.5073,9,2.8,915.5171,71.57,1650000.0,121,F121:16885,F120180713_KP_THP1_BB72_P10new.raw,1,1.0,Q709C8|VP13C_HUMAN,,,PEAKS DB,1,AVADVTLQV,False,,,N
MSVALDSLL,0.822,WB,,1147,MSVALDSLL,12.69,947.4998,9,0.1,948.5071,68.83,,4,F4:12345,F120180713_KP_THP1_w632_P4.raw,1,,,,,PEAKS DB,1,MSVALDSLL,False,1390000.0,1.0,N
NGYSLQHKL,0.823,WB,,2834,NGYSLQHKL,17.75,1058.5509,9,8.5,1059.5671,46.38,332000.0,44,F44:8184,F120180713_KP_THP1_BB72_P7.raw,1,1.0,Q14839|CHD4_HUMAN,,,PEAKS DB,1,NGYSLQHKL,False,,,N
MPYSHPSSY,0.824,WB,,3647,MPYSHPSSY,40.6,1083.4331,9,0.5,542.7241,26.07,,6,F6:4997,F120180713_KP_THP1_w632_P6.raw,3,,Q6KC79|NIPBL_HUMAN,Oxidation (M),M1:Oxidation (M):1000.00,PEAKS DB,2,M(+15.99)PYSHPSSY,False,95100000.0,3.0,N
VADKIHSV,0.825,WB,,1351,VADKIHSV,34.73,867.4814,8,0.3,434.7481,40.08,3380000.0,43,F43:6453,F120180713_KP_THP1_BB72_P6.raw,1,1.0,O95147|DUS14_HUMAN,,,PEAKS DB,2,VADKIHSV,False,,,N
LLNSGVVHL,0.826,WB,,3682,LLNSGVVHL,18.16,950.5549,9,1.2,476.2853,54.8,600000.0,28,F28:12150,F120180713_KP_THP1_BB72_P1.raw,1,1.0,Q8WYP5|ELYS_HUMAN,,,PEAKS DB,2,LLNSGVVHL,False,,,N
HIAEVSQEV,0.828,WB,,2344,HIAEVSQEV,24.62,1010.5032,9,2.1,506.26,46.33,287000.0,43,F43:8584,F120180713_KP_THP1_BB72_P6.raw,1,1.0,P61764|STXB1_HUMAN,,,PEAKS DB,2,HIAEVSQEV,False,,,N
LLFDQAYQM,0.829,WB,,3224,LLFDQAYQM,16.96,1127.5321,9,-0.1,564.7733,95.89,915000.0,31,F31:18553,F120180713_KP_THP1_BB72_P4.raw,1,1.0,Q6PL18|ATAD2_HUMAN,,,PEAKS DB,2,LLFDQAYQM,False,,,N
FLQRKLASL,0.831,WB,,4469,FLQRKLASL,26.23,1074.6549,9,1.8,538.3357,57.21,4550000.0,121,F121:11154,F120180713_KP_THP1_BB72_P10new.raw,1,1.0,Q9P253|VPS18_HUMAN,,,PEAKS DB,2,FLQRKLASL,False,,,N
FPNKQEQEF,0.831,WB,,3106,FPNKQEQEF,31.39,1165.5403,9,0.1,583.7775,35.32,,7,F7:7474,F120180713_KP_THP1_w632_P7.raw,1,,Q07864|DPOE1_HUMAN,,,PEAKS DB,2,FPNKQEQEF,False,1830000.0,1.0,N
KLIEYKTYL,0.831,WB,,1256,KLIEYKTYL,27.31,1169.6696,9,1.4,585.8429,45.5,3270000.0,28,F28:8598,F120180713_KP_THP1_BB72_P1.raw,1,1.0,O75306|NDUS2_HUMAN,,,PEAKS DB,2,KLIEYKTYL,False,,,N
KVVEATNSV,0.831,WB,,543,KVVEATNSV,14.57,945.5131,9,0.7,473.7641,32.98,204000.0,32,F32:5125,F120180713_KP_THP1_BB72_P5.raw,1,1.0,,,,PEAKS DB,2,KVVEATNSV,False,,,N
SLQEFLRQL,0.832,WB,,4706,SLQEFLRQL,17.73,1132.624,9,2.1,567.3205,92.21,1640000.0,121,F121:24825,F120180713_KP_THP1_BB72_P10new.raw,1,1.0,Q9Y2I1|NISCH_HUMAN,,,PEAKS DB,2,SLQEFLRQL,False,,,N
ALMEEILKL,0.832,WB,,3834,ALMEEILKL,26.87,1074.5995,9,1.3,538.3077,65.94,7710000.0,28,F28:16408,F120180713_KP_THP1_BB72_P1.raw,2,2.0,Q96G01|BICD1_HUMAN:Q8TD16|BICD2_HUMAN,Oxidation (M),M3:Oxidation (M):1000.00,PEAKS DB,2,ALM(+15.99)EEILKL,False,,,N
YLKANLIAF,0.832,WB,,4686,YLKANLIAF,25.14,1051.6066,9,0.3,526.8107,67.48,,5,F5:14855,F120180713_KP_THP1_w632_P5.raw,1,,Q9HCI6|K1586_HUMAN,,,PEAKS DB,2,YLKANLIAF,False,3750000.0,1.0,N
FTDVAPRGV,0.834,WB,,1789,FTDVAPRGV,31.25,960.5029,9,-0.3,481.2585,47.61,12900000.0,44,F44:8665,F120180713_KP_THP1_BB72_P7.raw,1,1.0,P19801|AOC1_HUMAN,,,PEAKS DB,2,FTDVAPRGV,False,,,N
KQQDVIYEL,0.836,WB,,3752,KQQDVIYEL,26.94,1134.592,9,1.9,568.3044,53.49,1210000.0,28,F28:11625,F120180713_KP_THP1_BB72_P1.raw,1,1.0,Q92974|ARHG2_HUMAN,,,PEAKS DB,2,KQQDVIYEL,False,,,N
YGYRQSVTY,0.836,WB,,2299,YGYRQSVTY,31.16,1135.5298,9,0.2,568.7723,35.65,,7,F7:7599,F120180713_KP_THP1_w632_P7.raw,1,,P08174|DAF_HUMAN,,,PEAKS DB,2,YGYRQSVTY,False,1590000.0,1.0,N
HGNLSGTSF,0.837,WB,,4018,HGNLSGTSF,33.94,918.4196,9,0.1,460.2171,32.0,,7,F7:6211,F120180713_KP_THP1_w632_P7.raw,1,,Q8NEZ4|KMT2C_HUMAN,,,PEAKS DB,2,HGNLSGTSF,False,202000.0,1.0,N
LPADVQTAF,0.837,WB,,3228,LPADVQTAF,29.48,960.4916,9,0.9,961.4998,67.69,,8,F8:16454,F120180713_KP_THP1_w632_P10.raw,2,,Q13608|PEX6_HUMAN,,,PEAKS DB,1,LPADVQTAF,False,25600000.0,2.0,N
AIMKKLEEL,0.838,WB,,4125,AIMKKLEEL,15.99,1073.6155,9,0.4,537.8152,40.45,401000.0,28,F28:6713,F120180713_KP_THP1_BB72_P1.raw,1,1.0,Q9BZE4|NOG1_HUMAN,,,PEAKS DB,2,AIMKKLEEL,False,,,N
FLADPVSNMAM,0.838,WB,,3042,FLADPVSNMAM,33.08,1226.5311,11,0.7,614.2733,59.32,721000.0,29,F29:12185,F120180713_KP_THP1_BB72_P2.raw,1,1.0,Q5BJH7|YIF1B_HUMAN,Oxidation (M),M9:Oxidation (M):1000.00;M11:Oxidation (M):1000.00,PEAKS DB,2,FLADPVSNM(+15.99)AM(+15.99),False,,,N
APIPGSKRF,0.838,WB,,3605,APIPGSKRF,13.47,971.5552,9,-0.2,486.7848,26.88,,7,F7:4378,F120180713_KP_THP1_w632_P7.raw,1,,Q5VT06|CE350_HUMAN,,,PEAKS DB,2,APIPGSKRF,False,170000.0,1.0,N
QLNEQLVTL,0.838,WB,,3596,QLNEQLVTL,26.91,1056.5815,9,0.8,529.2985,73.36,8490000.0,28,F28:19183,F120180713_KP_THP1_BB72_P1.raw,2,2.0,Q8NI36|WDR36_HUMAN,,,PEAKS DB,2,QLNEQLVTL,False,,,N
ALYHEQLAL,0.838,WB,,1305,ALYHEQLAL,14.77,1056.5603,9,1.1,529.288,53.0,4070000.0,28,F28:11435,F120180713_KP_THP1_BB72_P1.raw,1,1.0,O75691|UTP20_HUMAN,,,PEAKS DB,2,ALYHEQLAL,False,,,N
YPNVGKSSF,0.838,WB,,4549,YPNVGKSSF,34.74,997.4869,9,1.3,499.7514,38.65,,9,F9:7741,F120180713_KP_THP1_w632_P8.raw,3,,Q9BZE4|NOG1_HUMAN,,,PEAKS DB,2,YPNVGKSSF,False,28100000.0,3.0,N
KLLDQMPSL,0.839,WB,,4569,KLLDQMPSL,29.92,1059.5634,9,0.9,530.7894,47.45,5380000.0,29,F29:8066,F120180713_KP_THP1_BB72_P2.raw,2,2.0,Q9UII4|HERC5_HUMAN,Oxidation (M),M6:Oxidation (M):1000.00,PEAKS DB,2,KLLDQM(+15.99)PSL,False,,,N
VVVEYLRAV,0.840,WB,,1215,VVVEYLRAV,23.09,1046.6124,9,1.0,524.314,59.29,691000.0,28,F28:13907,F120180713_KP_THP1_BB72_P1.raw,1,1.0,O60645|EXOC3_HUMAN,,,PEAKS DB,2,VVVEYLRAV,False,,,N
ALRDVSEEL,0.840,WB,,1992,ALRDVSEEL,23.27,1030.5294,9,1.4,516.2727,56.07,7820000.0,122,F122:8580,F120180713_KP_THP1_BB72_P8.raw,1,1.0,P40222|TXLNA_HUMAN,,,PEAKS DB,2,ALRDVSEEL,False,,,N
FGTTSGGAF,0.840,WB,,2844,FGTTSGGAF,17.15,843.3763,9,1.4,844.3848,52.51,,9,F9:13076,F120180713_KP_THP1_w632_P8.raw,1,,P52948|NUP98_HUMAN,,,PEAKS DB,1,FGTTSGGAF,False,69100000.0,1.0,N
QGHSPQTSF,0.841,WB,,5046,QGHSPQTSF,31.17,987.441,9,0.3,494.7279,25.86,,6,F6:4913,F120180713_KP_THP1_w632_P6.raw,1,,Q9Y2L6|FRM4B_HUMAN,,,PEAKS DB,2,QGHSPQTSF,False,3170000.0,1.0,N
TLDELGIHL,0.843,WB,,2859,TLDELGIHL,22.28,1009.5444,9,0.2,505.7796,91.2,358000.0,31,F31:16797,F120180713_KP_THP1_BB72_P4.raw,1,1.0,Q15029|U5S1_HUMAN,,,PEAKS DB,2,TLDELGIHL,False,,,N
ILDVTVVYL,0.843,WB,,239,ILDVTVVYL,14.55,1033.606,9,1.3,1034.6146,109.42,8590000.0,123,F123:23422,F120180713_KP_THP1_BB72_P9new.raw,1,1.0,,,,PEAKS DB,1,ILDVTVVYL,False,,,N
LLNEQELQL,0.843,WB,,4259,LLNEQELQL,16.37,1098.592,9,0.4,550.3035,75.54,11300000.0,29,F29:18260,F120180713_KP_THP1_BB72_P2.raw,1,1.0,Q9HAV4|XPO5_HUMAN,,,PEAKS DB,2,LLNEQELQL,False,,,N
FPKKEAVTF,0.844,WB,,5032,FPKKEAVTF,32.11,1065.5858,9,1.1,533.8008,33.82,,10,F10:5473,F120180713_KP_THP1_w632_P9.raw,2,,Q9Y263|PLAP_HUMAN,,,PEAKS DB,2,FPKKEAVTF,False,25500000.0,2.0,N
LLQDKQFEL,0.845,WB,,3872,LLQDKQFEL,32.56,1132.6128,9,0.5,567.314,59.21,18500000.0,29,F29:12143,F120180713_KP_THP1_BB72_P2.raw,1,1.0,Q96JC1|VPS39_HUMAN,,,PEAKS DB,2,LLQDKQFEL,False,,,N
IPNENELQF,0.846,WB,,2959,IPNENELQF,26.09,1102.5294,9,1.0,552.2725,69.94,,1,F1:17112,F120180713_KP_THP1_w632_P1.raw,2,,P63010|AP2B1_HUMAN,,,PEAKS DB,2,IPNENELQF,False,12800000.0,2.0,N
QLADIISYL,0.846,WB,,750,QLADIISYL,16.56,1034.5648,9,0.4,518.2899,106.71,4320000.0,28,F28:31368,F120180713_KP_THP1_BB72_P1.raw,1,1.0,,,,PEAKS DB,2,QLADIISYL,False,,,N
KLTENLVAL,0.847,WB,,2574,KLTENLVAL,23.39,999.5964,9,1.0,500.806,56.07,30200000.0,28,F28:12655,F120180713_KP_THP1_BB72_P1.raw,2,2.0,Q07002|CDK18_HUMAN:Q00537|CDK17_HUMAN,,,PEAKS DB,2,KLTENLVAL,False,,,N
GLIDKVNEL,0.848,WB,,2322,GLIDKVNEL,31.86,999.5601,9,0.9,1000.5682,67.82,238000000.0,121,F121:15388,F120180713_KP_THP1_BB72_P10new.raw,4,4.0,P61011|SRP54_HUMAN,,,PEAKS DB,1,GLIDKVNEL,False,,,N
ISQAVLSL,0.848,WB,,331,ISQAVLSL,12.91,829.4909,8,1.6,830.4995,76.42,,3,F3:17462,F120180713_KP_THP1_w632_P3.raw,1,,,,,PEAKS DB,1,ISQAVLSL,False,39000000.0,1.0,N
HAKTNISSY,0.849,WB,,3334,HAKTNISSY,23.36,1019.5036,9,0.6,510.7594,21.34,,5,F5:3347,F120180713_KP_THP1_w632_P5.raw,1,,Q14693|LPIN1_HUMAN,,,PEAKS DB,2,HAKTNISSY,False,916000.0,1.0,N
RLFESINNL,0.850,WB,,3704,RLFESINNL,29.34,1104.5928,9,0.5,553.304,60.46,4750000.0,29,F29:12630,F120180713_KP_THP1_BB72_P2.raw,1,1.0,Q92608|DOCK2_HUMAN,,,PEAKS DB,2,RLFESINNL,False,,,N
NAVGPPFTWM,0.853,WB,,5555,NAVGPPFTWM,32.13,1134.5168,10,0.6,568.2661,83.65,,10,F10:22031,F120180713_KP_THP1_w632_P9.raw,2,,Q86WV6|STING_HUMAN,Oxidation (M),M10:Oxidation (M):1000.00,PEAKS DB,2,NAVGPPFTWM(+15.99),False,1960000.0,2.0,N
TSFHHQQAY,0.853,WB,,4439,TSFHHQQAY,29.94,1117.4941,9,0.6,559.7547,21.51,,5,F5:3416,F120180713_KP_THP1_w632_P5.raw,1,,Q99698|LYST_HUMAN,,,PEAKS DB,2,TSFHHQQAY,False,1280000.0,1.0,N
FLDSPNKYSL,0.854,WB,,3247,FLDSPNKYSL,32.66,1182.592,10,1.4,592.3041,56.6,6350000.0,28,F28:12855,F120180713_KP_THP1_BB72_P1.raw,2,2.0,Q6W2J9|BCOR_HUMAN,,,PEAKS DB,2,FLDSPNKYSL,False,,,N
TMAPPVMAY,0.854,WB,,3211,TMAPPVMAY,24.74,1011.4406,9,0.9,506.728,44.18,,8,F8:7708,F120180713_KP_THP1_w632_P10.raw,2,,Q13492|PICAL_HUMAN,Oxidation (M),M2:Oxidation (M):1000.00;M7:Oxidation (M):1000.00,PEAKS DB,2,TM(+15.99)APPVM(+15.99)AY,False,2130000.0,2.0,N
NIMDFKLFL,0.855,WB,,16,NIMDFKLFL,26.95,1155.5997,9,1.5,578.808,94.91,10700000.0,121,F121:25898,F120180713_KP_THP1_BB72_P10new.raw,1,1.0,A6NFY4|NEMP2_HUMAN,Oxidation (M),M3:Oxidation (M):1000.00,PEAKS DB,2,NIM(+15.99)DFKLFL,False,,,N
FLAQHGSEY,0.855,WB,,3057,FLAQHGSEY,25.24,1050.4771,9,0.6,526.2461,33.11,,7,F7:6630,F120180713_KP_THP1_w632_P7.raw,1,,Q02809|PLOD1_HUMAN,,,PEAKS DB,2,FLAQHGSEY,False,3060000.0,1.0,N
GPYENRTVF,0.857,WB,,2489,GPYENRTVF,15.88,1081.5193,9,1.0,541.7675,40.55,,10,F10:8017,F120180713_KP_THP1_w632_P9.raw,1,,P21281|VATB2_HUMAN,,,PEAKS DB,2,GPYENRTVF,False,604000.0,1.0,N
TAIKIQSVY,0.858,WB,,3934,TAIKIQSVY,29.5,1021.5807,9,-0.4,511.7975,45.87,,10,F10:10112,F120180713_KP_THP1_w632_P9.raw,1,,Q8IZT6|ASPM_HUMAN,,,PEAKS DB,2,TAIKIQSVY,False,6000000.0,1.0,N
IPSGSTLAF,0.859,WB,,2889,IPSGSTLAF,21.81,891.4702,9,1.1,892.4785,69.11,,1,F1:16784,F120180713_KP_THP1_w632_P1.raw,1,,P57764|GSDMD_HUMAN,,,PEAKS DB,1,IPSGSTLAF,False,7380000.0,1.0,N
AQYEHDLEV,0.861,WB,,2398,AQYEHDLEV,30.02,1102.493,9,1.6,552.2547,81.02,18400000.0,123,F123:13845,F120180713_KP_THP1_BB72_P9new.raw,3,3.0,P62826|RAN_HUMAN,,,PEAKS DB,2,AQYEHDLEV,False,,,N
STYQGERAY,0.861,WB,,4210,STYQGERAY,16.43,1073.4778,9,0.8,537.7466,24.9,,5,F5:4729,F120180713_KP_THP1_w632_P5.raw,1,,Q92900|RENT1_HUMAN,,,PEAKS DB,2,STYQGERAY,False,251000.0,1.0,N
VSQEILELL,0.861,WB,,878,VSQEILELL,14.86,1042.5909,9,0.4,1043.5986,101.01,402000.0,44,F44:21866,F120180713_KP_THP1_BB72_P7.raw,1,1.0,,,,PEAKS DB,1,VSQEILELL,False,,,N
HLLHTVPAL,0.862,WB,,4782,HLLHTVPAL,23.85,999.5865,9,0.5,500.8008,41.01,1530000.0,28,F28:6913,F120180713_KP_THP1_BB72_P1.raw,1,1.0,Q9Y4B6|VPRBP_HUMAN,,,PEAKS DB,2,HLLHTVPAL,False,,,N
TIIDKSKSV,0.862,WB,,3040,TIIDKSKSV,29.04,989.5757,9,0.2,495.7952,24.19,,5,F5:4460,F120180713_KP_THP1_w632_P5.raw,2,,Q01581|HMCS1_HUMAN,,,PEAKS DB,2,TIIDKSKSV,False,13400000.0,2.0,N
ALSSLIHAL,0.862,WB,,1689,ALSSLIHAL,23.19,923.544,9,0.6,462.7795,87.38,2300000.0,32,F32:17676,F120180713_KP_THP1_BB72_P5.raw,1,1.0,P13010|XRCC5_HUMAN,,,PEAKS DB,2,ALSSLIHAL,False,,,N
AGIFPRLSF,0.863,WB,,2216,AGIFPRLSF,19.62,1006.5599,9,1.2,504.2879,78.24,,10,F10:20979,F120180713_KP_THP1_w632_P9.raw,2,,O96005|CLPT1_HUMAN,,,PEAKS DB,2,AGIFPRLSF,False,2600000.0,2.0,N
SLAEARLLL,0.863,WB,,385,SLAEARLLL,19.72,984.5967,9,0.3,493.3058,93.11,154000.0,31,F31:17479,F120180713_KP_THP1_BB72_P4.raw,1,1.0,,,,PEAKS DB,2,SLAEARLLL,False,,,N
VLLTYTPEM,0.863,WB,,3611,VLLTYTPEM,23.37,1081.5365,9,0.4,541.7758,65.42,3490000.0,29,F29:14582,F120180713_KP_THP1_BB72_P2.raw,2,2.0,Q8TBA6|GOGA5_HUMAN,Oxidation (M),M9:Oxidation (M):1000.00,PEAKS DB,2,VLLTYTPEM(+15.99),False,,,N
HLSEMVMKL,0.865,WB,,3898,HLSEMVMKL,27.06,1118.5464,9,1.1,560.2811,28.46,3490000.0,29,F29:3874,F120180713_KP_THP1_BB72_P2.raw,1,1.0,Q96MT8|CEP63_HUMAN,Oxidation (M),M5:Oxidation (M):1000.00;M7:Oxidation (M):1000.00,PEAKS DB,2,HLSEM(+15.99)VM(+15.99)KL,False,,,N
SLMGINSYL,0.865,WB,,5159,SLMGINSYL,14.71,997.479,9,-3.0,998.4833,87.89,,4,F4:16218,F120180713_KP_THP1_w632_P4.raw,2,,Q9Y6Y8|S23IP_HUMAN,Deamidation (NQ),N6:Deamidation (NQ):1000.00,PEAKS DB,1,SLMGIN(+.98)SYL,False,40700000.0,2.0,N
ILVDPIQVV,0.867,WB,,1310,ILVDPIQVV,26.45,994.6063,9,1.0,498.3109,99.38,571000.0,31,F31:19919,F120180713_KP_THP1_BB72_P4.raw,2,2.0,O75907|DGAT1_HUMAN,,,PEAKS DB,2,ILVDPIQVV,False,,,N
SVLGAITSV,0.868,WB,,324,SVLGAITSV,17.16,845.4858,9,0.7,846.4937,75.59,113000000.0,29,F29:18277,F120180713_KP_THP1_BB72_P2.raw,1,1.0,,,,PEAKS DB,1,SVLGAITSV,False,,,N
FPHPHPAFY,0.869,WB,,2987,FPHPHPAFY,36.59,1111.5239,9,1.5,556.7701,41.55,,8,F8:6830,F120180713_KP_THP1_w632_P10.raw,3,,P78415|IRX3_HUMAN,,,PEAKS DB,2,FPHPHPAFY,False,52700000.0,3.0,N
SLPDLTTPL,0.870,WB,,3493,SLPDLTTPL,20.48,955.5226,9,0.7,956.5305,82.41,8680000.0,29,F29:20987,F120180713_KP_THP1_BB72_P2.raw,1,1.0,Q8IZD2|KMT2E_HUMAN,,,PEAKS DB,1,SLPDLTTPL,False,,,N
ALNIATHVL,0.870,WB,,4520,ALNIATHVL,21.26,950.5549,9,1.4,476.2854,53.79,243000.0,28,F28:11746,F120180713_KP_THP1_BB72_P1.raw,1,1.0,Q9UET6|TRM7_HUMAN,,,PEAKS DB,2,ALNIATHVL,False,,,N
QLYEGKEQM,0.870,WB,,3706,QLYEGKEQM,14.68,1140.5121,9,0.5,571.2636,26.93,1080000.0,43,F43:3586,F120180713_KP_THP1_BB72_P6.raw,1,1.0,Q92608|DOCK2_HUMAN,Oxidation (M),M9:Oxidation (M):1000.00,PEAKS DB,2,QLYEGKEQM(+15.99),False,,,N
YLISGGTSY,0.871,WB,,2378,YLISGGTSY,14.25,959.46,9,1.2,960.4684,58.93,,10,F10:15123,F120180713_KP_THP1_w632_P9.raw,1,,P12268|IMDH2_HUMAN,,,PEAKS DB,1,YLISGGTSY,False,6650000.0,1.0,N
RLFQKTLKL,0.873,WB,,4361,RLFQKTLKL,21.18,1145.7284,9,0.7,382.917,35.6,0.0,28,F28:5274,F120180713_KP_THP1_BB72_P1.raw,0,0.0,Q9NSG2|CA112_HUMAN,,,PEAKS DB,3,RLFQKTLKL,False,,,N
ALLDGRVQL,0.873,WB,,972,ALLDGRVQL,25.88,983.5764,9,0.6,492.7957,61.53,17500000.0,29,F29:13052,F120180713_KP_THP1_BB72_P2.raw,2,2.0,O00468|AGRIN_HUMAN,,,PEAKS DB,2,ALLDGRVQL,False,,,N
FPRDQPTLTF,0.874,WB,,5684,FPRDQPTLTF,13.02,1220.6189,10,1.2,611.3174,60.77,,3,F3:12073,F120180713_KP_THP1_w632_P3.raw,1,,Q9NXR7|BRE_HUMAN,,,PEAKS DB,2,FPRDQPTLTF,False,541000.0,1.0,N
YPSPVATSY,0.875,WB,,2462,YPSPVATSY,40.04,983.46,9,0.4,984.4677,54.2,,7,F7:14317,F120180713_KP_THP1_w632_P7.raw,4,,P18146|EGR1_HUMAN,,,PEAKS DB,1,YPSPVATSY,False,39300000.0,4.0,N
YPRPPSKTY,0.877,WB,,2340,YPRPPSKTY,35.74,1107.5713,9,0.5,554.7932,26.32,,6,F6:5098,F120180713_KP_THP1_w632_P6.raw,3,,P10275|ANDR_HUMAN,,,PEAKS DB,2,YPRPPSKTY,False,43000000.0,3.0,N
FPHPVNQVTF,0.878,WB,,5328,FPHPVNQVTF,24.95,1184.5978,10,1.3,593.3069,55.92,,1,F1:11929,F120180713_KP_THP1_w632_P1.raw,1,,O95163|ELP1_HUMAN,,,PEAKS DB,2,FPHPVNQVTF,False,7840000.0,1.0,N
HAVAVTESY,0.878,WB,,4781,HAVAVTESY,29.61,975.4661,9,0.3,488.7405,30.25,,6,F6:6641,F120180713_KP_THP1_w632_P6.raw,1,,Q9NVR0|KLH11_HUMAN,,,PEAKS DB,2,HAVAVTESY,False,448000.0,1.0,N
LSLDALLTV,0.879,WB,,4146,LSLDALLTV,16.29,943.559,9,-0.1,472.7867,88.26,,5,F5:18782,F120180713_KP_THP1_w632_P5.raw,1,,Q92538|GBF1_HUMAN,,,PEAKS DB,2,LSLDALLTV,False,650000.0,1.0,N
MPFGLHRQF,0.879,WB,,2190,MPFGLHRQF,26.03,1131.5647,9,-0.1,566.7896,46.24,,1,F1:8327,F120180713_KP_THP1_w632_P1.raw,1,,O95602|RPA1_HUMAN,,,PEAKS DB,2,MPFGLHRQF,False,1040000.0,1.0,N
HPHHVHSEF,0.879,WB,,2451,HPHHVHSEF,19.59,1125.5104,9,0.4,563.7627,20.41,,6,F6:2806,F120180713_KP_THP1_w632_P6.raw,1,,P17947|SPI1_HUMAN,,,PEAKS DB,2,HPHHVHSEF,False,1360000.0,1.0,N
YIAIAQAM,0.880,WB,,422,YIAIAQAM,14.77,895.4473,8,1.8,896.4562,83.29,,4,F4:14936,F120180713_KP_THP1_w632_P4.raw,1,,,Oxidation (M),M8:Oxidation (M):1000.00,PEAKS DB,1,YIAIAQAM(+15.99),False,817000.0,1.0,N
SILEDPPSI,0.881,WB,,4406,SILEDPPSI,25.68,969.5018,9,1.7,970.5108,74.61,74000000.0,28,F28:19683,F120180713_KP_THP1_BB72_P1.raw,4,4.0,Q9NVM9|ASUN_HUMAN,,,PEAKS DB,1,SILEDPPSI,False,,,N
YLNEKAVSY,0.882,WB,,3214,YLNEKAVSY,34.03,1085.5393,9,-0.8,543.7765,37.36,,7,F7:8251,F120180713_KP_THP1_w632_P7.raw,1,,Q13492|PICAL_HUMAN,,,PEAKS DB,2,YLNEKAVSY,False,3770000.0,1.0,N
ALFNGAQKL,0.883,WB,,2340,ALFNGAQKL,24.55,960.5392,9,0.9,481.2773,56.79,4020000.0,121,F121:10984,F120180713_KP_THP1_BB72_P10new.raw,1,1.0,P61619|S61A1_HUMAN,,,PEAKS DB,2,ALFNGAQKL,False,,,N
AAQAHLKL,0.884,WB,,647,AAQAHLKL,23.21,850.5024,8,1.3,426.2591,31.62,,10,F10:4724,F120180713_KP_THP1_w632_P9.raw,2,,P49321|NASP_HUMAN,,,PEAKS DB,2,AAQAHLKL,False,1380000.0,2.0,N
KLDQKLPEL,0.888,WB,,3926,KLDQKLPEL,22.16,1082.6335,9,0.9,542.3245,54.22,2340000.0,121,F121:9952,F120180713_KP_THP1_BB72_P10new.raw,1,1.0,Q96QU6|1A1L1_HUMAN,,,PEAKS DB,2,KLDQKLPEL,False,,,N
EMNPNYTEF,0.888,WB,,2778,EMNPNYTEF,31.63,1159.4492,9,1.5,580.7327,56.37,,10,F10:14141,F120180713_KP_THP1_w632_P9.raw,1,,P49841|GSK3B_HUMAN,Oxidation (M),M2:Oxidation (M):1000.00,PEAKS DB,2,EM(+15.99)NPNYTEF,False,8180000.0,1.0,N
LIYQGRVL,0.894,WB,,640,LIYQGRVL,12.7,960.5756,8,0.7,481.2954,47.73,,8,F8:9086,F120180713_KP_THP1_w632_P10.raw,1,,P46379|BAG6_HUMAN,,,PEAKS DB,2,LIYQGRVL,False,1020000.0,1.0,N
RVADYIVKV,0.894,WB,,3828,RVADYIVKV,20.59,1061.6233,9,1.2,531.8196,58.35,196000000.0,121,F121:11611,F120180713_KP_THP1_BB72_P10new.raw,1,1.0,Q96EP9|NTCP4_HUMAN,,,PEAKS DB,2,RVADYIVKV,False,,,N
GPMPKHIAF,0.895,WB,,3838,GPMPKHIAF,23.76,996.5215,9,0.6,499.2683,36.21,,8,F8:5242,F120180713_KP_THP1_w632_P10.raw,1,,Q86SQ9|DHDDS_HUMAN,,,PEAKS DB,2,GPMPKHIAF,False,472000.0,1.0,N
FLLEKGYEV,0.896,WB,,1206,FLLEKGYEV,26.55,1096.5804,9,0.3,549.2977,60.45,22100000.0,29,F29:12627,F120180713_KP_THP1_BB72_P2.raw,1,1.0,O60547|GMDS_HUMAN,,,PEAKS DB,2,FLLEKGYEV,False,,,N
KLQEIYQEL,0.897,WB,,4298,KLQEIYQEL,21.01,1162.6233,9,1.7,582.3199,54.92,747000.0,28,F28:12199,F120180713_KP_THP1_BB72_P1.raw,1,1.0,Q9NNX6|CD209_HUMAN,,,PEAKS DB,2,KLQEIYQEL,False,,,N
VLTSVTEAL,0.897,WB,,3357,VLTSVTEAL,23.52,931.5226,9,1.2,932.5309,73.01,21400000.0,121,F121:17464,F120180713_KP_THP1_BB72_P10new.raw,1,1.0,Q7Z401|MYCPP_HUMAN,,,PEAKS DB,1,VLTSVTEAL,False,,,N
FPFSSHSSY,0.900,WB,,4916,FPFSSHSSY,22.14,1057.4504,9,1.5,529.7333,47.3,,10,F10:10676,F120180713_KP_THP1_w632_P9.raw,2,,Q9UJ42|GP160_HUMAN,,,PEAKS DB,2,FPFSSHSSY,False,2150000.0,2.0,N
TLADIIARL,0.900,WB,,4488,TLADIIARL,22.47,984.5967,9,1.0,493.3062,91.4,11200000.0,28,F28:26107,F120180713_KP_THP1_BB72_P1.raw,2,2.0,Q9P2P1|NYNRI_HUMAN,,,PEAKS DB,2,TLADIIARL,False,,,N
TTHLSPEL,0.901,WB,,937,TTHLSPEL,13.36,896.4603,8,0.4,449.2376,37.16,,9,F9:7157,F120180713_KP_THP1_w632_P8.raw,1,,Q96T76|MMS19_HUMAN,,,PEAKS DB,2,TTHLSPEL,False,262000.0,1.0,N
YIMGYISKV,0.902,WB,,927,YIMGYISKV,35.38,1088.5576,9,1.0,545.2866,45.76,28100000.0,29,F29:7545,F120180713_KP_THP1_BB72_P2.raw,1,1.0,O00160|MYO1F_HUMAN,Oxidation (M),M3:Oxidation (M):1000.00,PEAKS DB,2,YIM(+15.99)GYISKV,False,,,N
HLMQTSFQL,0.903,WB,,2469,HLMQTSFQL,23.75,1119.5383,9,0.6,560.7768,48.77,1230000.0,29,F29:8497,F120180713_KP_THP1_BB72_P2.raw,1,1.0,P82094|TMF1_HUMAN,Oxidation (M),M3:Oxidation (M):1000.00,PEAKS DB,2,HLM(+15.99)QTSFQL,False,,,N
HLIPMAILL,0.903,WB,,4096,HLIPMAILL,18.33,1035.6151,9,1.3,518.8155,109.19,3290000.0,31,F31:22443,F120180713_KP_THP1_BB72_P4.raw,1,1.0,Q9BVV6|TALD3_HUMAN,Oxidation (M),M5:Oxidation (M):1000.00,PEAKS DB,2,HLIPM(+15.99)AILL,False,,,N
AAYPPAPFMHIL,0.903,WB,,5966,AAYPPAPFMHIL,13.02,1342.6743,12,1.0,672.3451,69.67,,8,F8:17240,F120180713_KP_THP1_w632_P10.raw,1,,Q14157|UBP2L_HUMAN,Oxidation (M),M9:Oxidation (M):1000.00,PEAKS DB,2,AAYPPAPFM(+15.99)HIL,False,845000.0,1.0,N
ALDTNQVSL,0.906,WB,,1675,ALDTNQVSL,19.05,959.4924,9,1.1,480.754,57.95,,9,F9:15238,F120180713_KP_THP1_w632_P8.raw,1,,,,,PEAKS DB,2,ALDTNQVSL,False,481000.0,1.0,N
HLLGDQISL,0.906,WB,,4315,HLLGDQISL,21.85,994.5447,9,0.0,498.2797,62.35,1580000.0,29,F29:13371,F120180713_KP_THP1_BB72_P2.raw,1,1.0,Q9NQQ7|S35C2_HUMAN,,,PEAKS DB,2,HLLGDQISL,False,,,N
VANKEYVAY,0.907,WB,,4235,VANKEYVAY,24.57,1055.5287,9,1.8,528.7726,32.53,,6,F6:7532,F120180713_KP_THP1_w632_P6.raw,1,,Q969X5|ERGI1_HUMAN,,,PEAKS DB,2,VANKEYVAY,False,1000000.0,1.0,N
KTDKTLVLL,0.908,WB,,1542,KTDKTLVLL,19.59,1029.6433,9,1.4,515.8297,42.89,25000000.0,29,F29:6787,F120180713_KP_THP1_BB72_P2.raw,1,1.0,P07737|PROF1_HUMAN,,,PEAKS DB,2,KTDKTLVLL,False,,,N
FPYRTKALF,0.909,WB,,3120,FPYRTKALF,26.66,1141.6284,9,1.2,571.8221,47.05,,3,F3:7522,F120180713_KP_THP1_w632_P3.raw,1,,Q09472|EP300_HUMAN:Q92793|CBP_HUMAN,,,PEAKS DB,2,FPYRTKALF,False,8220000.0,1.0,N
ITDLKQLTV,0.909,WB,,3625,ITDLKQLTV,27.35,1029.6069,9,0.9,515.8112,55.43,1280000.0,28,F28:12401,F120180713_KP_THP1_BB72_P1.raw,1,1.0,Q8TD57|DYH3_HUMAN,,,PEAKS DB,2,ITDLKQLTV,False,,,N
YLYGQTTTYL,0.912,WB,,1651,YLYGQTTTYL,29.29,1221.5918,10,1.0,611.8038,72.54,4420000.0,28,F28:18856,F120180713_KP_THP1_BB72_P1.raw,1,1.0,P11388|TOP2A_HUMAN,,,PEAKS DB,2,YLYGQTTTYL,False,,,N
KMAPPPKEV,0.913,WB,,1785,KMAPPPKEV,21.78,1011.5422,9,0.8,506.7788,23.8,265000.0,32,F32:2990,F120180713_KP_THP1_BB72_P5.raw,1,1.0,P19338|NUCL_HUMAN,Oxidation (M),M2:Oxidation (M):1000.00,PEAKS DB,2,KM(+15.99)APPPKEV,False,,,N
TMLELINQL,0.913,WB,,377,TMLELINQL,22.81,1089.5739999999996,9,0.6,545.7946,87.37,5960000.0,121,F121:22935,F120180713_KP_THP1_BB72_P10new.raw,4,4.0,,Oxidation (M),M2:Oxidation (M):1000.00,PEAKS DB,2,TM(+15.99)LELINQL,True,,,N
KVWGNVVTV,0.913,WB,,1122,KVWGNVVTV,26.8,1000.5706,9,1.2,501.2932,64.52,4710000.0,121,F121:14070,F120180713_KP_THP1_BB72_P10new.raw,1,1.0,O43390|HNRPR_HUMAN,,,PEAKS DB,2,KVWGNVVTV,False,,,N
ILYGEVEKL,0.914,WB,,4448,ILYGEVEKL,29.21,1062.5961,9,1.7,532.3062,54.45,52200000.0,28,F28:12008,F120180713_KP_THP1_BB72_P1.raw,2,2.0,Q9NZL9|MAT2B_HUMAN,,,PEAKS DB,2,ILYGEVEKL,False,,,N
AVHIAHSL,0.914,WB,,958,AVHIAHSL,25.29,846.4712,8,1.2,424.2434,36.36,,10,F10:6392,F120180713_KP_THP1_w632_P9.raw,1,,Q9BTE6|AASD1_HUMAN,,,PEAKS DB,2,AVHIAHSL,False,952000.0,1.0,N
STSAPPNCF,0.914,WB,,1581,STSAPPNCF,13.28,922.3854,9,5.4,923.3977,53.64,,10,F10:13127,F120180713_KP_THP1_w632_P9.raw,1,,,,,PEAKS DB,1,STSAPPNCF,False,1450000.0,1.0,N
YAKGFGGQY,0.914,WB,,2406,YAKGFGGQY,29.19,989.4606,9,-0.3,495.7375,32.85,,7,F7:6529,F120180713_KP_THP1_w632_P7.raw,1,,P14317|HCLS1_HUMAN,,,PEAKS DB,2,YAKGFGGQY,False,1520000.0,1.0,N
VLSNVEVTL,0.915,WB,,2779,VLSNVEVTL,18.26,972.5491,9,0.7,973.5571,71.09,48500000.0,28,F28:18278,F120180713_KP_THP1_BB72_P1.raw,2,2.0,Q14204|DYHC1_HUMAN,,,PEAKS DB,1,VLSNVEVTL,False,,,N
DAKESSTVF,0.915,WB,,3398,DAKESSTVF,26.18,982.4607,9,-0.4,492.2374,36.48,,7,F7:7925,F120180713_KP_THP1_w632_P7.raw,1,,Q15370|ELOB_HUMAN,,,PEAKS DB,2,DAKESSTVF,False,3350000.0,1.0,N
FLQEYGLSV,0.916,WB,,2695,FLQEYGLSV,27.52,1054.5334,9,0.6,1055.5414,109.14,49700000.0,30,F30:21193,F120180713_KP_THP1_BB72_P3.raw,3,3.0,Q13564|ULA1_HUMAN,,,PEAKS DB,1,FLQEYGLSV,False,,,N
SMSTLALSL,0.917,WB,,1738,SMSTLALSL,14.98,921.4841,9,1.0,461.7498,68.47,,3,F3:14872,F120180713_KP_THP1_w632_P3.raw,1,,,,,PEAKS DB,2,SMSTLALSL,False,164000.0,1.0,N
RPKKPGQSF,0.918,WB,,1871,RPKKPGQSF,36.33,1043.5875,9,0.6,522.8013,19.38,,5,F5:2567,F120180713_KP_THP1_w632_P5.raw,1,,O15042|SR140_HUMAN,,,PEAKS DB,2,RPKKPGQSF,False,20700000.0,1.0,N
ATLEKVIEI,0.918,WB,,4677,ATLEKVIEI,22.47,1014.5961,9,0.5,508.3056,59.17,720000.0,29,F29:12126,F120180713_KP_THP1_BB72_P2.raw,1,1.0,Q9UQL6|HDAC5_HUMAN,,,PEAKS DB,2,ATLEKVIEI,False,,,N
AAPFTSKL,0.918,WB,,993,AAPFTSKL,21.67,833.4647,8,1.2,834.4729,52.27,,1,F1:10528,F120180713_KP_THP1_w632_P1.raw,1,,Q9HD20|AT131_HUMAN,,,PEAKS DB,1,AAPFTSKL,False,3840000.0,1.0,N
MLIGSDVKL,0.920,WB,,3797,MLIGSDVKL,18.67,990.5419,9,1.0,496.2787,53.15,2030000.0,29,F29:9939,F120180713_KP_THP1_BB72_P2.raw,1,1.0,Q96AY4|TTC28_HUMAN,Oxidation (M),M1:Oxidation (M):1000.00,PEAKS DB,2,M(+15.99)LIGSDVKL,False,,,N
MPFPAHLTY,0.921,WB,,3873,MPFPAHLTY,42.28,1091.511,9,1.8,546.7637,53.07,,3,F3:9469,F120180713_KP_THP1_w632_P3.raw,3,,Q86YS7|C2CD5_HUMAN,Oxidation (M),M1:Oxidation (M):1000.00,PEAKS DB,2,M(+15.99)PFPAHLTY,False,98300000.0,3.0,N
SAHVGHSV,0.923,WB,,980,SAHVGHSV,31.43,792.3878,8,0.4,397.2014,19.13,,4,F4:2412,F120180713_KP_THP1_w632_P4.raw,2,,Q9H2M9|RBGPR_HUMAN,,,PEAKS DB,2,SAHVGHSV,False,1490000.0,2.0,N
AIVDKVSSV,0.924,WB,,4505,AIVDKVSSV,28.9,916.5229,9,0.7,917.5308,47.2,8800000.0,44,F44:8506,F120180713_KP_THP1_BB72_P7.raw,2,2.0,Q9UBF2|COPG2_HUMAN,,,PEAKS DB,1,AIVDKVSSV,False,,,N
ALAEAQAQL,0.925,WB,,692,ALAEAQAQL,14.67,913.4869,9,0.3,457.7509,53.39,1790000.0,44,F44:10847,F120180713_KP_THP1_BB72_P7.raw,1,1.0,,,,PEAKS DB,2,ALAEAQAQL,False,,,N
FQYESKVFY,0.929,WB,,3088,FQYESKVFY,36.18,1209.5706,9,2.1,605.7938,56.63,,1,F1:12202,F120180713_KP_THP1_w632_P1.raw,1,,Q04917|1433F_HUMAN,,,PEAKS DB,2,FQYESKVFY,False,182000000.0,1.0,N
FPQPEKESF,0.930,WB,,3322,FPQPEKESF,30.2,1107.5237,9,0.6,554.7695,44.4,,10,F10:9528,F120180713_KP_THP1_w632_P9.raw,2,,Q14674|ESPL1_HUMAN,,,PEAKS DB,2,FPQPEKESF,False,3570000.0,2.0,N
NIIPRFVQV,0.930,WB,,1234,NIIPRFVQV,22.53,1084.6393,9,0.7,543.3273,98.25,2450000.0,31,F31:19493,F120180713_KP_THP1_BB72_P4.raw,1,1.0,O75044|SRGP2_HUMAN,,,PEAKS DB,2,NIIPRFVQV,False,,,N
QLIDYERQL,0.932,WB,,1350,QLIDYERQL,25.11,1176.6139,9,0.8,589.3147,63.68,13200000.0,121,F121:13735,F120180713_KP_THP1_BB72_P10new.raw,1,1.0,O95147|DUS14_HUMAN,,,PEAKS DB,2,QLIDYERQL,False,,,N
IIFETPLRV,0.933,WB,,2562,IIFETPLRV,18.41,1086.6437,9,0.4,544.3293,87.1,5380000.0,32,F32:17614,F120180713_KP_THP1_BB72_P5.raw,1,1.0,Q04637|IF4G1_HUMAN,,,PEAKS DB,2,IIFETPLRV,False,,,N
KAPPAPLAA,0.933,WB,,4717,KAPPAPLAA,31.74,834.4963,9,0.6,418.2557,38.94,1270000.0,43,F43:6086,F120180713_KP_THP1_BB72_P6.raw,1,1.0,Q9Y2U8|MAN1_HUMAN,,,PEAKS DB,2,KAPPAPLAA,False,,,N
YLHSQVVSV,0.934,WB,,2548,YLHSQVVSV,25.25,1030.5447,9,1.2,516.2802,52.14,11300000.0,122,F122:7647,F120180713_KP_THP1_BB72_P8.raw,2,2.0,Q03519|TAP2_HUMAN,,,PEAKS DB,2,YLHSQVVSV,False,,,N
FLLEKSRVV,0.934,WB,,925,FLLEKSRVV,24.78,1089.6545,9,1.1,545.8351,57.94,7180000.0,121,F121:11446,F120180713_KP_THP1_BB72_P10new.raw,1,1.0,O00160|MYO1F_HUMAN,,,PEAKS DB,2,FLLEKSRVV,False,,,N
FLSTINVGL,0.935,WB,,1987,FLSTINVGL,23.52,962.5436,9,1.5,963.5524,96.7,24400000.0,31,F31:18877,F120180713_KP_THP1_BB72_P4.raw,2,2.0,P39687|AN32A_HUMAN,,,PEAKS DB,1,FLSTINVGL,False,,,N
FPQTALVSF,0.935,WB,,3983,FPQTALVSF,22.82,1008.528,9,0.5,505.2715,86.41,,4,F4:15811,F120180713_KP_THP1_w632_P4.raw,4,,Q8N766|EMC1_HUMAN,,,PEAKS DB,2,FPQTALVSF,False,20200000.0,4.0,N
HAAGFAYTY,0.936,WB,,4360,HAAGFAYTY,31.01,999.445,9,1.5,500.7305,42.64,,10,F10:8841,F120180713_KP_THP1_w632_P9.raw,1,,Q96PZ2|F111A_HUMAN,,,PEAKS DB,2,HAAGFAYTY,False,1380000.0,1.0,N
IPISSEQTF,0.938,WB,,5153,IPISSEQTF,28.05,1020.5128,9,1.2,1021.5213,55.71,,9,F9:14343,F120180713_KP_THP1_w632_P8.raw,3,,Q9Y6V0|PCLO_HUMAN,,,PEAKS DB,1,IPISSEQTF,False,7820000.0,3.0,N
IAALEQTAY,0.940,WB,,1403,IAALEQTAY,18.84,978.5022,9,0.5,490.2586,55.63,,9,F9:14311,F120180713_KP_THP1_w632_P8.raw,1,,,,,PEAKS DB,2,IAALEQTAY,False,1150000.0,1.0,N
ILIPNVETI,0.941,WB,,4271,ILIPNVETI,24.72,1010.6012,9,1.4,1011.6099,97.46,17700000.0,31,F31:19179,F120180713_KP_THP1_BB72_P4.raw,1,1.0,Q9HBR0|S38AA_HUMAN,,,PEAKS DB,1,ILIPNVETI,False,,,N
ILHTDVVYL,0.941,WB,,3532,ILHTDVVYL,26.03,1071.5964,9,1.9,536.8065,61.37,10600000.0,29,F29:12989,F120180713_KP_THP1_BB72_P2.raw,1,1.0,Q8N5C6|SRBD1_HUMAN,,,PEAKS DB,2,ILHTDVVYL,False,,,N
KIDDTLYRL,0.941,WB,,825,KIDDTLYRL,15.34,1135.6237,9,1.9,568.8202,47.81,395000.0,28,F28:9458,F120180713_KP_THP1_BB72_P1.raw,1,1.0,,,,PEAKS DB,2,KIDDTLYRL,False,,,N
QLDDLKVEL,0.942,WB,,2050,QLDDLKVEL,32.84,1071.5812,9,0.0,1072.5885,65.56,217000000.0,29,F29:14641,F120180713_KP_THP1_BB72_P2.raw,3,3.0,P42766|RL35_HUMAN,,,PEAKS DB,1,QLDDLKVEL,False,,,N
AMFENFVSV,0.942,WB,,2593,AMFENFVSV,23.08,1058.4742,9,1.2,530.2451,77.45,2730000.0,29,F29:19024,F120180713_KP_THP1_BB72_P2.raw,3,3.0,Q09161|NCBP1_HUMAN,Oxidation (M),M2:Oxidation (M):1000.00,PEAKS DB,2,AM(+15.99)FENFVSV,False,,,N
QLFEDLVYL,0.943,WB,,2690,QLFEDLVYL,22.98,1138.5909,9,1.1,570.3033,110.71,4370000.0,30,F30:21817,F120180713_KP_THP1_BB72_P3.raw,1,1.0,Q13535|ATR_HUMAN,,,PEAKS DB,2,QLFEDLVYL,False,,,N
QLMEQVAQL,0.944,WB,,2771,QLMEQVAQL,28.11,1058.543,9,0.7,530.2791,70.85,4470000.0,28,F28:18183,F120180713_KP_THP1_BB72_P1.raw,1,1.0,Q14203|DCTN1_HUMAN,,,PEAKS DB,2,QLMEQVAQL,False,,,N
TIDPSHPM,0.944,WB,,649,TIDPSHPM,14.55,912.4011,8,0.4,913.4088,25.05,,6,F6:4593,F120180713_KP_THP1_w632_P6.raw,1,,P49588|SYAC_HUMAN,Oxidation (M),M8:Oxidation (M):1000.00,PEAKS DB,1,TIDPSHPM(+15.99),False,883000.0,1.0,N
TSSSHTLTY,0.944,WB,,5130,TSSSHTLTY,22.77,995.456,9,0.2,498.7354,27.72,,6,F6:5645,F120180713_KP_THP1_w632_P6.raw,1,,Q9Y639|NPTN_HUMAN,,,PEAKS DB,2,TSSSHTLTY,False,667000.0,1.0,N
ILSGVVTKM,0.944,WB,,2363,ILSGVVTKM,26.03,946.5521,9,1.5,474.284,57.35,1560000.0,121,F121:11211,F120180713_KP_THP1_BB72_P10new.raw,1,1.0,P62280|RS11_HUMAN,,,PEAKS DB,2,ILSGVVTKM,False,,,N
KMMDVTVTI,0.946,WB,,3051,KMMDVTVTI,25.45,1052.5247,9,0.9,527.2701,48.02,4050000.0,28,F28:9541,F120180713_KP_THP1_BB72_P1.raw,1,1.0,Q5JPE7|NOMO2_HUMAN:P69849|NOMO3_HUMAN:Q15155|NOMO1_HUMAN,Oxidation (M),M3:Oxidation (M):8.69,PEAKS DB,2,KMM(+15.99)DVTVTI,False,,,N
YPHSPGSQY,0.946,WB,,4218,YPHSPGSQY,27.32,1034.4457,9,0.4,518.2303,27.93,,5,F5:5816,F120180713_KP_THP1_w632_P5.raw,1,,Q93008|USP9X_HUMAN,,,PEAKS DB,2,YPHSPGSQY,False,3640000.0,1.0,N
FLDKVANGL,0.947,WB,,467,FLDKVANGL,19.95,975.5389,9,0.9,488.7771,64.33,486000.0,121,F121:13995,F120180713_KP_THP1_BB72_P10new.raw,1,1.0,,,,PEAKS DB,2,FLDKVANGL,False,,,N
SITAVTPLL,0.948,WB,,1714,SITAVTPLL,14.01,913.5484,9,0.7,914.5563,81.82,,2,F2:14566,F120180713_KP_THP1_w632_P2.raw,1,,,,,PEAKS DB,1,SITAVTPLL,False,1330000.0,1.0,N
AIVLPAGAL,0.951,WB,,3423,AIVLPAGAL,13.81,823.5167,9,1.4,824.5251,78.7,,3,F3:18320,F120180713_KP_THP1_w632_P3.raw,1,,Q15652|JHD2C_HUMAN,,,PEAKS DB,1,AIVLPAGAL,False,385000.0,1.0,N
SVLERLNSV,0.951,WB,,4374,SVLERLNSV,21.71,1015.5662,9,0.9,508.7908,61.65,2130000.0,121,F121:12924,F120180713_KP_THP1_BB72_P10new.raw,2,2.0,Q9NU22|MDN1_HUMAN,,,PEAKS DB,2,SVLERLNSV,False,,,N
FLYSDEVQI,0.952,WB,,4105,FLYSDEVQI,14.37,1112.5389,9,0.9,557.2772,81.83,32900000.0,29,F29:20755,F120180713_KP_THP1_BB72_P2.raw,1,1.0,Q9BX70|BTBD2_HUMAN,,,PEAKS DB,2,FLYSDEVQI,False,,,N
NVYDFKTTY,0.953,WB,,4699,NVYDFKTTY,34.49,1149.5342,9,1.1,575.775,52.38,,10,F10:12662,F120180713_KP_THP1_w632_P9.raw,1,,Q9NP77|SSU72_HUMAN,,,PEAKS DB,2,NVYDFKTTY,False,36400000.0,1.0,N
KLIDSGVGL,0.953,WB,,1890,KLIDSGVGL,20.2,900.528,9,-0.6,451.271,62.02,445000.0,121,F121:13069,F120180713_KP_THP1_BB72_P10new.raw,1,1.0,P29375|KDM5A_HUMAN,,,PEAKS DB,2,KLIDSGVGL,False,,,N
ALLEQVNAL,0.954,WB,,565,ALLEQVNAL,14.15,969.5494,9,0.0,970.5567,74.36,44300000.0,28,F28:19582,F120180713_KP_THP1_BB72_P1.raw,1,1.0,,,,PEAKS DB,1,ALLEQVNAL,False,,,N
GLADITQQL,0.954,WB,,4436,GLADITQQL,18.42,957.5131,9,1.1,958.5214,77.71,45100000.0,28,F28:20875,F120180713_KP_THP1_BB72_P1.raw,2,2.0,Q9NYV4|CDK12_HUMAN,,,PEAKS DB,1,GLADITQQL,False,,,N
KVIDTQQKV,0.955,WB,,1229,KVIDTQQKV,18.65,1057.6132,9,0.8,529.8143,34.41,1730000.0,32,F32:5550,F120180713_KP_THP1_BB72_P5.raw,1,1.0,O60925|PFD1_HUMAN,,,PEAKS DB,2,KVIDTQQKV,False,,,N
LLEELSHQL,0.956,WB,,2761,LLEELSHQL,22.55,1080.5815,9,0.5,541.2983,62.2,404000.0,28,F28:15038,F120180713_KP_THP1_BB72_P1.raw,1,1.0,Q14164|IKKE_HUMAN,,,PEAKS DB,2,LLEELSHQL,False,,,N
IPLENLIAF,0.956,WB,,4650,IPLENLIAF,25.36,1028.5906,9,1.0,1029.5989,106.59,,3,F3:25823,F120180713_KP_THP1_w632_P3.raw,2,,Q9H799|CE042_HUMAN,,,PEAKS DB,1,IPLENLIAF,False,9690000.0,2.0,N
IPKEDSTTF,0.956,WB,,4118,IPKEDSTTF,23.97,1036.5077,9,-0.3,519.261,34.53,,7,F7:7162,F120180713_KP_THP1_w632_P7.raw,1,,Q8WWI1|LMO7_HUMAN,,,PEAKS DB,2,IPKEDSTTF,False,17500000.0,1.0,N
HLQTSLPAL,0.959,WB,,131,HLQTSLPAL,17.86,978.5498,9,1.2,490.2828,53.28,309000.0,28,F28:11546,F120180713_KP_THP1_BB72_P1.raw,1,1.0,,,,PEAKS DB,2,HLQTSLPAL,False,,,N
GLIEKNIEL,0.960,WB,,1849,GLIEKNIEL,27.75,1027.5913,9,1.1,1028.5997,55.83,154000000.0,28,F28:12560,F120180713_KP_THP1_BB72_P1.raw,2,2.0,P26358|DNMT1_HUMAN,,,PEAKS DB,1,GLIEKNIEL,False,,,N
SLLDPVPEV,0.962,WB,,3710,SLLDPVPEV,21.27,967.5226,9,0.5,484.7688,110.0,378000000.0,30,F30:21532,F120180713_KP_THP1_BB72_P3.raw,2,2.0,Q92616|GCN1_HUMAN,,,PEAKS DB,2,SLLDPVPEV,False,,,N
AAGVGDMVM,0.962,WB,,2948,AAGVGDMVM,20.49,881.3623,9,1.1,441.6889,28.86,,10,F10:3935,F120180713_KP_THP1_w632_P9.raw,1,,P62829|RL23_HUMAN,Oxidation (M),M7:Oxidation (M):1000.00;M9:Oxidation (M):1000.00,PEAKS DB,2,AAGVGDM(+15.99)VM(+15.99),False,616000.0,1.0,N
DAYPEIEKF,0.963,WB,,2215,DAYPEIEKF,27.01,1110.5233,9,1.2,556.2696,61.68,,8,F8:14146,F120180713_KP_THP1_w632_P10.raw,1,,O95997|PTTG1_HUMAN:Q9NZH5|PTTG2_HUMAN,,,PEAKS DB,2,DAYPEIEKF,False,7300000.0,1.0,N
KLMDQLEAL,0.963,WB,,4301,KLMDQLEAL,25.32,1075.5583,9,0.9,538.7869,51.54,151000000.0,29,F29:9423,F120180713_KP_THP1_BB72_P2.raw,3,3.0,Q9NP79|VTA1_HUMAN,Oxidation (M),M3:Oxidation (M):1000.00,PEAKS DB,2,KLM(+15.99)DQLEAL,False,,,N
FVSAGIQTSF,0.964,WB,,5359,FVSAGIQTSF,21.6,1055.5287,10,0.3,528.7718,71.52,,3,F3:15775,F120180713_KP_THP1_w632_P3.raw,2,,P17844|DDX5_HUMAN,,,PEAKS DB,2,FVSAGIQTSF,False,2580000.0,2.0,N
QVMGKVPTI,0.964,WB,,2521,QVMGKVPTI,19.85,987.5423,9,0.8,494.7788,46.55,2560000.0,44,F44:8252,F120180713_KP_THP1_BB72_P7.raw,2,2.0,Q01518|CAP1_HUMAN,Oxidation (M),M3:Oxidation (M):1000.00,PEAKS DB,2,QVM(+15.99)GKVPTI,False,,,N
YQHTGAVL,0.964,WB,,510,YQHTGAVL,21.86,887.4501,8,-0.4,444.7321,29.68,,7,F7:5334,F120180713_KP_THP1_w632_P7.raw,2,,O43684|BUB3_HUMAN,,,PEAKS DB,2,YQHTGAVL,False,23700000.0,2.0,N
LLNDNIFHM,0.964,WB,,1505,LLNDNIFHM,32.1,1131.5383,9,0.0,566.7764,70.19,14200000.0,32,F32:13996,F120180713_KP_THP1_BB72_P5.raw,3,3.0,P06400|RB_HUMAN,Oxidation (M),M9:Oxidation (M):1000.00,PEAKS DB,2,LLNDNIFHM(+15.99),False,,,N
GIIDPGSTV,0.965,WB,,1360,GIIDPGSTV,19.13,857.4494,9,2.0,858.4584,61.3,,9,F9:16544,F120180713_KP_THP1_w632_P8.raw,1,,,,,PEAKS DB,1,GIIDPGSTV,False,14100000.0,1.0,N
KLYSVVSQL,0.966,WB,,3764,KLYSVVSQL,33.92,1035.5964,9,1.2,518.8061,53.81,1420000.0,28,F28:11755,F120180713_KP_THP1_BB72_P1.raw,1,1.0,Q93008|USP9X_HUMAN:O00507|USP9Y_HUMAN,,,PEAKS DB,2,KLYSVVSQL,False,,,N
NLDPAVHEV,0.967,WB,,4287,NLDPAVHEV,23.33,992.4927,9,0.7,497.2539,46.44,5500000.0,44,F44:8208,F120180713_KP_THP1_BB72_P7.raw,2,2.0,Q9HCN4|GPN1_HUMAN,,,PEAKS DB,2,NLDPAVHEV,False,,,N
SPHEGDLEF,0.969,WB,,3889,SPHEGDLEF,18.01,1029.4403,9,0.3,515.7276,44.61,,10,F10:9612,F120180713_KP_THP1_w632_P9.raw,1,,Q8IV63|VRK3_HUMAN,,,PEAKS DB,2,SPHEGDLEF,False,3820000.0,1.0,N
MPADTNKAF,0.972,WB,,4841,MPADTNKAF,39.5,1009.4539,9,-0.1,505.7341,25.88,,6,F6:4925,F120180713_KP_THP1_w632_P6.raw,2,,Q9P0I2|EMC3_HUMAN,Oxidation (M),M1:Oxidation (M):1000.00,PEAKS DB,2,M(+15.99)PADTNKAF,False,31500000.0,2.0,N
VLLELQQHL,0.973,WB,,3302,VLLELQQHL,27.73,1091.6339,9,0.9,546.8247,63.29,17700000.0,29,F29:13742,F120180713_KP_THP1_BB72_P2.raw,2,2.0,Q70SY1|CR3L2_HUMAN,,,PEAKS DB,2,VLLELQQHL,False,,,N
LPHLESQSL,0.973,WB,,4262,LPHLESQSL,25.24,1022.5396,9,0.5,512.2773,46.64,,10,F10:10417,F120180713_KP_THP1_w632_P9.raw,1,,Q96C86|DCPS_HUMAN,,,PEAKS DB,2,LPHLESQSL,False,9610000.0,1.0,N
YLGNINPQM,0.974,WB,,1037,YLGNINPQM,31.71,1064.4961,9,0.1,533.2554,54.29,3010000.0,44,F44:11196,F120180713_KP_THP1_BB72_P7.raw,1,1.0,O15042|SR140_HUMAN,Oxidation (M),M9:Oxidation (M):1000.00,PEAKS DB,2,YLGNINPQM(+15.99),False,,,N
YPSPHAVMY,0.975,WB,,2365,YPSPHAVMY,35.09,1063.4797,9,0.9,532.7476,44.1,,10,F10:9416,F120180713_KP_THP1_w632_P9.raw,2,,P11831|SRF_HUMAN,,,PEAKS DB,2,YPSPHAVMY,False,4990000.0,2.0,N
MLHTNLVYL,0.975,WB,,2903,MLHTNLVYL,23.17,1118.5795,9,0.4,560.2972,85.99,3130000.0,31,F31:15353,F120180713_KP_THP1_BB72_P4.raw,1,1.0,Q15532|SSXT_HUMAN,Oxidation (M),M1:Oxidation (M):1000.00,PEAKS DB,2,M(+15.99)LHTNLVYL,False,,,N
SLSEKSILL,0.976,WB,,269,SLSEKSILL,15.71,988.5804,9,1.1,495.2981,49.47,8820000.0,28,F28:10089,F120180713_KP_THP1_BB72_P1.raw,1,1.0,,,,PEAKS DB,2,SLSEKSILL,False,,,N
YLFREPATI,0.976,WB,,947,YLFREPATI,28.67,1108.5917,9,0.9,555.3036,58.56,1040000.0,29,F29:11886,F120180713_KP_THP1_BB72_P2.raw,1,1.0,O00217|NDUS8_HUMAN,,,PEAKS DB,2,YLFREPATI,False,,,N
VLQQHLETL,0.977,WB,,753,VLQQHLETL,19.96,1079.5975,9,1.7,540.8069,85.6,977000.0,123,F123:15271,F120180713_KP_THP1_BB72_P9new.raw,1,1.0,,,,PEAKS DB,2,VLQQHLETL,False,,,N
SLADLSLLL,0.978,WB,,388,SLADLSLLL,18.99,943.559,9,1.6,944.5677,110.27,2350000.0,123,F123:23755,F120180713_KP_THP1_BB72_P9new.raw,1,1.0,,,,PEAKS DB,1,SLADLSLLL,False,,,N
QTDPTLLSV,0.978,WB,,4819,QTDPTLLSV,27.53,972.5128,9,0.2,973.5203,74.63,42000000.0,121,F121:18111,F120180713_KP_THP1_BB72_P10new.raw,3,3.0,Q9Y5M8|SRPRB_HUMAN,,,PEAKS DB,1,QTDPTLLSV,False,,,N
ALWEKNTHL,0.979,WB,,4082,ALWEKNTHL,22.0,1110.5822,9,1.4,556.2991,50.56,684000.0,121,F121:8541,F120180713_KP_THP1_BB72_P10new.raw,1,1.0,Q9BV73|CP250_HUMAN,,,PEAKS DB,2,ALWEKNTHL,False,,,N
KLIQSEVAL,0.979,WB,,2908,KLIQSEVAL,25.71,999.5964,9,0.6,500.8058,61.94,3220000.0,121,F121:13038,F120180713_KP_THP1_BB72_P10new.raw,1,1.0,Q15643|TRIPB_HUMAN,,,PEAKS DB,2,KLIQSEVAL,False,,,N
VLLDITPMM,0.980,WB,,826,VLLDITPMM,16.61,1063.5293,9,0.9,532.7724,74.82,1520000.0,29,F29:17979,F120180713_KP_THP1_BB72_P2.raw,2,2.0,,Oxidation (M),M8:Oxidation (M):1000.00;M9:Oxidation (M):1000.00,PEAKS DB,2,VLLDITPM(+15.99)M(+15.99),False,,,N
KLQEQLPEL,0.982,WB,,2821,KLQEQLPEL,28.61,1096.6128,9,1.4,549.3145,53.84,10200000.0,28,F28:11766,F120180713_KP_THP1_BB72_P1.raw,1,1.0,Q14746|COG2_HUMAN,,,PEAKS DB,2,KLQEQLPEL,False,,,N
YLIKFLAKL,0.982,WB,,3151,YLIKFLAKL,29.66,1107.7056,9,0.7,554.8605,88.03,2090000.0,121,F121:23184,F120180713_KP_THP1_BB72_P10new.raw,2,2.0,Q68EM7|RHG17_HUMAN,,,PEAKS DB,2,YLIKFLAKL,False,,,N
KLQEFLQTL,0.982,WB,,4401,KLQEFLQTL,25.82,1118.6335,9,0.4,560.3243,97.25,30400000.0,31,F31:19098,F120180713_KP_THP1_BB72_P4.raw,2,2.0,Q9NVI1|FANCI_HUMAN,,,PEAKS DB,2,KLQEFLQTL,False,,,N
KTLERSYLL,0.982,WB,,1833,KTLERSYLL,24.97,1121.6444,9,1.3,561.8302,53.3,8630000.0,121,F121:9584,F120180713_KP_THP1_BB72_P10new.raw,1,1.0,P23921|RIR1_HUMAN,,,PEAKS DB,2,KTLERSYLL,False,,,N
YLQDVIMQV,0.982,WB,,3538,YLQDVIMQV,28.45,1123.5583,9,1.1,562.7869999999998,74.11,778000.0,28,F28:19485,F120180713_KP_THP1_BB72_P1.raw,1,1.0,Q8NB15|ZN511_HUMAN,Oxidation (M),M7:Oxidation (M):1000.00,PEAKS DB,2,YLQDVIM(+15.99)QV,False,,,N
RLFHKTVYL,0.984,WB,,1005,RLFHKTVYL,26.13,1175.6815,9,0.3,392.9012,34.17,4090000.0,28,F28:4890,F120180713_KP_THP1_BB72_P1.raw,2,2.0,O14681|EI24_HUMAN,,,PEAKS DB,3,RLFHKTVYL,False,,,N
YIDDTLTMV,0.985,WB,,4186,YIDDTLTMV,25.27,1085.4951,9,-0.3,1086.5021,69.03,117000000.0,29,F29:15944,F120180713_KP_THP1_BB72_P2.raw,3,3.0,Q9H3C7|GGNB2_HUMAN,Oxidation (M),M8:Oxidation (M):1000.00,PEAKS DB,1,YIDDTLTM(+15.99)V,False,,,N
HARGNLASY,0.985,WB,,3612,HARGNLASY,31.69,987.4886,9,0.3,494.7517,22.41,,6,F6:3545,F120180713_KP_THP1_w632_P6.raw,1,,Q5VV42|CDKAL_HUMAN,,,PEAKS DB,2,HARGNLASY,False,1270000.0,1.0,N
VLVDQTTGL,0.986,WB,,2925,VLVDQTTGL,22.27,944.5178,9,0.8,945.5258,64.89,35800000.0,122,F122:10603,F120180713_KP_THP1_BB72_P8.raw,3,3.0,Q15717|ELAV1_HUMAN,,,PEAKS DB,1,VLVDQTTGL,False,,,N
VMQDIVYKL,0.987,WB,,4066,VMQDIVYKL,38.32,1123.5947,9,0.7,562.8051,51.5,12900000.0,29,F29:9409,F120180713_KP_THP1_BB72_P2.raw,2,2.0,Q9BSM1|PCGF1_HUMAN,Oxidation (M),M2:Oxidation (M):1000.00,PEAKS DB,2,VM(+15.99)QDIVYKL,False,,,N
ASDFHNVL,0.988,WB,,1025,ASDFHNVL,14.91,901.4294,8,1.9,902.4384,52.22,,8,F8:10841,F120180713_KP_THP1_w632_P10.raw,1,,Q9UFD9|RIM3A_HUMAN,,,PEAKS DB,1,ASDFHNVL,False,200000.0,1.0,N
TIYHMFIAL,0.989,WB,,2629,TIYHMFIAL,15.96,1123.5736,9,0.3,562.7943,66.88,,1,F1:15986,F120180713_KP_THP1_w632_P1.raw,1,,P35610|SOAT1_HUMAN,Oxidation (M),M5:Oxidation (M):1000.00,PEAKS DB,2,TIYHM(+15.99)FIAL,False,384000.0,1.0,N
GLQEGTHEL,0.992,WB,,1314,GLQEGTHEL,25.85,982.4719,9,0.3,492.2434,40.8,17900000.0,43,F43:6716,F120180713_KP_THP1_BB72_P6.raw,2,2.0,O76094|SRP72_HUMAN,,,PEAKS DB,2,GLQEGTHEL,False,,,N
FPSPYSLVY,0.993,WB,,1428,FPSPYSLVY,14.38,1071.5277,9,9.1,536.776,78.23,,3,F3:18138,F120180713_KP_THP1_w632_P3.raw,1,,,,,PEAKS DB,2,FPSPYSLVY,False,837000.0,1.0,N
RLLEATSYL,0.994,WB,,1199,RLLEATSYL,28.26,1064.5865,9,1.4,533.3013,58.92,94100000.0,29,F29:12031,F120180713_KP_THP1_BB72_P2.raw,1,1.0,O60341|KDM1A_HUMAN,,,PEAKS DB,2,RLLEATSYL,False,,,N
SLNSQELTL,0.994,WB,,4044,SLNSQELTL,22.26,1003.5186,9,1.2,1004.527,69.9,2620000.0,121,F121:16216,F120180713_KP_THP1_BB72_P10new.raw,1,1.0,Q9BQF6|SENP7_HUMAN,,,PEAKS DB,1,SLNSQELTL,False,,,N
YLQHVQIRL,0.995,WB,,670,YLQHVQIRL,16.68,1168.6716,9,1.6,585.3441,43.73,566000.0,28,F28:7911,F120180713_KP_THP1_BB72_P1.raw,1,1.0,,,,PEAKS DB,2,YLQHVQIRL,False,,,N
VLYDQPRHV,0.995,WB,,3770,VLYDQPRHV,23.53,1125.593,9,0.5,563.8041,42.26,3340000.0,43,F43:7204,F120180713_KP_THP1_BB72_P6.raw,1,1.0,Q93074|MED12_HUMAN,,,PEAKS DB,2,VLYDQPRHV,False,,,N
LPNGPTAHF,0.995,WB,,4658,LPNGPTAHF,28.81,952.4766,9,0.9,477.246,41.44,,9,F9:8811,F120180713_KP_THP1_w632_P8.raw,1,,Q9H9Y2|RPF1_HUMAN,,,PEAKS DB,2,LPNGPTAHF,False,6440000.0,1.0,N
GMYETPLFL,0.996,WB,,1674,GMYETPLFL,24.08,1085.5103,9,0.5,543.7627,96.7,17200000.0,43,F43:19258,F120180713_KP_THP1_BB72_P6.raw,3,3.0,P12270|TPR_HUMAN,Oxidation (M),M2:Oxidation (M):1000.00,PEAKS DB,2,GM(+15.99)YETPLFL,False,,,N
RQVEKAWAL,0.997,WB,,2645,RQVEKAWAL,24.66,1099.6138,9,0.4,550.8144,51.27,14400000.0,121,F121:8803,F120180713_KP_THP1_BB72_P10new.raw,1,1.0,Q13057|COASY_HUMAN,,,PEAKS DB,2,RQVEKAWAL,False,,,N
KLINSQISL,0.997,WB,,968,KLINSQISL,23.96,1014.6073,9,1.8,508.3118,51.8,1770000.0,28,F28:10974,F120180713_KP_THP1_BB72_P1.raw,1,1.0,O00329|PK3CD_HUMAN,,,PEAKS DB,2,KLINSQISL,False,,,N
AAPPPPAHA,0.997,WB,,3933,AAPPPPAHA,38.79,827.429,9,1.1,828.4371,23.93,48100000.0,31,F31:3017,F120180713_KP_THP1_BB72_P4.raw,5,5.0,Q96RK1|CITE4_HUMAN,,,PEAKS DB,1,AAPPPPAHA,False,,,N
ALDKITASL,0.998,WB,,2530,ALDKITASL,25.39,930.5386,9,1.2,466.2771,60.66,1290000.0,121,F121:12527,F120180713_KP_THP1_BB72_P10new.raw,1,1.0,Q01581|HMCS1_HUMAN,,,PEAKS DB,2,ALDKITASL,False,,,N
TLTQVSPQM,1.000,WB,,3732,TLTQVSPQM,23.39,1019.4957,9,0.9,510.7556,40.43,0.0,44,F44:6141,F120180713_KP_THP1_BB72_P7.raw,0,0.0,Q92793|CBP_HUMAN,Oxidation (M),M9:Oxidation (M):1000.00,PEAKS DB,2,TLTQVSPQM(+15.99),False,,,N
SLDSFQTHL,1.000,WB,,3888,SLDSFQTHL,21.71,1046.5033,9,1.3,524.2596,60.99,5860000.0,121,F121:12655,F120180713_KP_THP1_BB72_P10new.raw,1,1.0,Q96K83|ZN521_HUMAN,,,PEAKS DB,2,SLDSFQTHL,False,,,N
FATDAILAT,1.001,WB,,1910,FATDAILAT,22.91,921.4807,9,2.3,922.4901,71.56,,8,F8:17990,F120180713_KP_THP1_w632_P10.raw,1,,O15371|EIF3D_HUMAN,,,PEAKS DB,1,FATDAILAT,False,5370000.0,1.0,N
VPFKESRAF,1.002,WB,,4008,VPFKESRAF,14.57,1079.5763,9,1.3,540.7961,32.51,,10,F10:5016,F120180713_KP_THP1_w632_P9.raw,2,,Q8NDA8|MROH1_HUMAN,,,PEAKS DB,2,VPFKESRAF,False,2330000.0,2.0,N
SMPDFDLHL,1.004,WB,,2602,SMPDFDLHL,28.79,1089.4801,9,0.8,545.7477,109.45,20700000.0,30,F30:21315,F120180713_KP_THP1_BB72_P3.raw,5,5.0,Q09666|AHNK_HUMAN,Oxidation (M),M2:Oxidation (M):1000.00,PEAKS DB,2,SM(+15.99)PDFDLHL,False,,,N
FLREEYGTF,1.007,WB,,4803,FLREEYGTF,19.68,1160.5502,9,1.0,581.283,54.9,,1,F1:11534,F120180713_KP_THP1_w632_P1.raw,1,,Q9NX78|TM260_HUMAN,,,PEAKS DB,2,FLREEYGTF,False,2520000.0,1.0,N
SLAQYNPKL,1.007,WB,,2539,SLAQYNPKL,28.35,1032.5603,9,2.0,517.2885,43.05,,10,F10:9002,F120180713_KP_THP1_w632_P9.raw,1,,P27986|P85A_HUMAN,,,PEAKS DB,2,SLAQYNPKL,False,1220000.0,1.0,N
YLPYPIHQV,1.008,WB,,2160,YLPYPIHQV,32.46,1128.5968,9,0.6,565.306,55.0,10600000.0,28,F28:12228,F120180713_KP_THP1_BB72_P1.raw,2,2.0,P49760|CLK2_HUMAN,,,PEAKS DB,2,YLPYPIHQV,False,,,N
QLSPVLLYL,1.008,WB,,4420,QLSPVLLYL,17.81,1044.6219,9,2.7,523.3196,110.63,2360000.0,30,F30:21785,F120180713_KP_THP1_BB72_P3.raw,2,2.0,Q9NXF1|TEX10_HUMAN,,,PEAKS DB,2,QLSPVLLYL,False,,,N
FLADPSAFV,1.010,WB,,3589,FLADPSAFV,30.44,965.4858,9,0.9,966.494,97.52,19300000.0,31,F31:19205,F120180713_KP_THP1_BB72_P4.raw,1,1.0,Q8NHW5|RLA0L_HUMAN:P05388|RLA0_HUMAN,,,PEAKS DB,1,FLADPSAFV,False,,,N
KLHDINAQL,1.011,WB,,759,KLHDINAQL,19.76,1050.5822,9,0.4,526.2986,50.29,1150000.0,122,F122:7140,F120180713_KP_THP1_BB72_P8.raw,1,1.0,,,,PEAKS DB,2,KLHDINAQL,False,,,N
TLQENNHRL,1.011,WB,,2910,TLQENNHRL,15.95,1123.5734,9,0.6,562.7943,34.45,1010000.0,32,F32:5563,F120180713_KP_THP1_BB72_P5.raw,1,1.0,Q15643|TRIPB_HUMAN,,,PEAKS DB,2,TLQENNHRL,False,,,N
YPAENLIEY,1.012,WB,,4098,YPAENLIEY,31.04,1110.5233,9,0.6,1111.5312,73.86,,1,F1:18656,F120180713_KP_THP1_w632_P1.raw,2,,Q8WUB8|PHF10_HUMAN,,,PEAKS DB,1,YPAENLIEY,False,266000000.0,2.0,N
KLFDRSVDL,1.013,WB,,776,KLFDRSVDL,14.72,1091.5974,9,1.4,546.8068,62.62,2690000.0,121,F121:13310,F120180713_KP_THP1_BB72_P10new.raw,1,1.0,,,,PEAKS DB,2,KLFDRSVDL,False,,,N
MPSPASSMF,1.013,WB,,4653,MPSPASSMF,23.28,985.3885,9,1.0,493.702,41.18,,1,F1:6488,F120180713_KP_THP1_w632_P1.raw,2,,Q9H869|YYAP1_HUMAN,Oxidation (M),M1:Oxidation (M):1000.00;M8:Oxidation (M):1000.00,PEAKS DB,2,M(+15.99)PSPASSM(+15.99)F,False,1050000.0,2.0,N
SMPDVDLHL,1.014,WB,,2600,SMPDVDLHL,20.14,1041.4801,9,-0.3,521.7472,54.87,621000.0,29,F29:10532,F120180713_KP_THP1_BB72_P2.raw,1,1.0,Q09666|AHNK_HUMAN,Oxidation (M),M2:Oxidation (M):1000.00,PEAKS DB,2,SM(+15.99)PDVDLHL,False,,,N
FPHSPNSSY,1.015,WB,,3433,FPHSPNSSY,24.87,1034.4457,9,-0.1,518.23,31.96,,6,F6:7316,F120180713_KP_THP1_w632_P6.raw,1,,Q15797|SMAD1_HUMAN,,,PEAKS DB,2,FPHSPNSSY,False,2070000.0,1.0,N
FLANIGTSV,1.017,WB,,4591,FLANIGTSV,18.63,920.4967,9,1.0,461.2561,70.46,34000000.0,28,F28:18031,F120180713_KP_THP1_BB72_P1.raw,2,2.0,Q9UKG1|DP13A_HUMAN,,,PEAKS DB,2,FLANIGTSV,False,,,N
HVLEEVQQV,1.017,WB,,2575,HVLEEVQQV,21.82,1079.5612,9,0.5,540.7881,57.5,717000.0,44,F44:12439,F120180713_KP_THP1_BB72_P7.raw,1,1.0,Q07065|CKAP4_HUMAN,,,PEAKS DB,2,HVLEEVQQV,False,,,N
FQHSSNSTY,1.018,WB,,4543,FQHSSNSTY,24.78,1069.4465,9,0.0,535.7305,22.88,,4,F4:3721,F120180713_KP_THP1_w632_P4.raw,1,,Q9BZD2|S29A3_HUMAN,,,PEAKS DB,2,FQHSSNSTY,False,3220000.0,1.0,N
ALVGSSPHL,1.019,WB,,1244,ALVGSSPHL,18.27,879.4814,9,0.8,440.7483,51.18,255000.0,122,F122:7392,F120180713_KP_THP1_BB72_P8.raw,1,1.0,O75132|ZBED4_HUMAN,,,PEAKS DB,2,ALVGSSPHL,False,,,N
TAGNKAALL,1.020,WB,,1811,TAGNKAALL,12.76,857.4971,9,0.3,858.5046,26.66,,6,F6:5233,F120180713_KP_THP1_w632_P6.raw,1,,O00401|WASL_HUMAN,,,PEAKS DB,1,TAGNKAALL,False,257000.0,1.0,N
YATVHQSY,1.020,WB,,893,YATVHQSY,27.45,967.4399,8,0.2,484.7274,26.01,,5,F5:5135,F120180713_KP_THP1_w632_P5.raw,1,,Q8WWM7|ATX2L_HUMAN,,,PEAKS DB,2,YATVHQSY,False,1940000.0,1.0,N
RLTESVLYL,1.021,WB,,1360,RLTESVLYL,17.71,1092.6179,9,1.4,547.317,96.48,2580000.0,31,F31:18790,F120180713_KP_THP1_BB72_P4.raw,1,1.0,O95255|MRP6_HUMAN,,,PEAKS DB,2,RLTESVLYL,False,,,N
YPFDSPQVMF,1.021,WB,,5617,YPFDSPQVMF,20.85,1229.5427,10,-0.8,615.7781,95.9,,6,F6:22254,F120180713_KP_THP1_w632_P6.raw,1,,Q96B02|UBE2W_HUMAN,,,PEAKS DB,2,YPFDSPQVMF,False,388000.0,1.0,N
ALPHVVPTL,1.022,WB,,3427,ALPHVVPTL,21.08,945.5647,9,2.4,473.7908,60.01,358000.0,29,F29:12459,F120180713_KP_THP1_BB72_P2.raw,1,1.0,Q86Y56|DAAF5_HUMAN,,,PEAKS DB,2,ALPHVVPTL,False,,,N
LAHHCFTL,1.022,WB,,928,LAHHCFTL,15.33,940.4589,8,-5.3,471.2342,35.6,,7,F7:7580,F120180713_KP_THP1_w632_P7.raw,1,,Q96JI7|SPTCS_HUMAN,,,PEAKS DB,2,LAHHCFTL,False,456000.0,1.0,N
TGVGIRVSF,1.026,WB,,5018,TGVGIRVSF,16.13,934.5236,9,0.2,468.2692,56.31,,3,F3:10490,F120180713_KP_THP1_w632_P3.raw,1,,Q9UQE7|SMC3_HUMAN,,,PEAKS DB,2,TGVGIRVSF,False,919000.0,1.0,N
HLYSRIPGL,1.027,WB,,2129,HLYSRIPGL,27.26,1054.5923,9,1.5,528.3042,45.57,1930000.0,28,F28:8623,F120180713_KP_THP1_BB72_P1.raw,1,1.0,P49327|FAS_HUMAN,,,PEAKS DB,2,HLYSRIPGL,False,,,N
SVLKSIQEV,1.027,WB,,2020,SVLKSIQEV,30.0,1001.5757,9,1.4,501.7958,57.84,6890000.0,121,F121:11407,F120180713_KP_THP1_BB72_P10new.raw,1,1.0,P42285|SK2L2_HUMAN,,,PEAKS DB,2,SVLKSIQEV,False,,,N
TLYEAVREV,1.028,WB,,2408,TLYEAVREV,38.2,1078.5658,9,0.5,1079.5736,58.53,444000000.0,121,F121:11682,F120180713_KP_THP1_BB72_P10new.raw,3,3.0,P62906|RL10A_HUMAN,,,PEAKS DB,1,TLYEAVREV,False,,,N
VVAEKIQRI,1.029,WB,,1313,VVAEKIQRI,21.33,1054.6499,9,0.0,528.3322,43.95,276000.0,44,F44:7251,F120180713_KP_THP1_BB72_P7.raw,1,1.0,O76080|ZFAN5_HUMAN,,,PEAKS DB,2,VVAEKIQRI,False,,,N
KLNDLIQRL,1.031,WB,,2249,KLNDLIQRL,24.76,1111.6713,9,1.0,556.8434,52.28,7180000.0,29,F29:9679,F120180713_KP_THP1_BB72_P2.raw,1,1.0,P53621|COPA_HUMAN,,,PEAKS DB,2,KLNDLIQRL,False,,,N
NAAFPFLAY,1.034,WB,,2230,NAAFPFLAY,27.46,1012.5018,9,1.5,1013.5106,101.14,,10,F10:25697,F120180713_KP_THP1_w632_P9.raw,2,,P02786|TFR1_HUMAN,,,PEAKS DB,1,NAAFPFLAY,False,48300000.0,2.0,N
IASDVVTI,1.034,WB,,340,IASDVVTI,14.4,896.4256,8,-7.9,449.2166,49.2,,7,F7:12383,F120180713_KP_THP1_w632_P7.raw,1,,,Phosphorylation (STY),S3:Phosphorylation (STY):20.17,PEAKS DB,2,IAS(+79.97)DVVTI,False,597000.0,1.0,N
NAAQTSVAY,1.035,WB,,2861,NAAQTSVAY,26.32,923.4348,9,0.1,462.7247,35.45,,5,F5:8255,F120180713_KP_THP1_w632_P5.raw,2,,P54136|SYRC_HUMAN,,,PEAKS DB,2,NAAQTSVAY,False,61300000.0,2.0,N
YPYNAPTVKF,1.039,WB,,5285,YPYNAPTVKF,36.41,1198.6022,10,0.4,600.3086,56.86,,1,F1:12291,F120180713_KP_THP1_w632_P1.raw,1,,O00762|UBE2C_HUMAN,,,PEAKS DB,2,YPYNAPTVKF,False,2820000.0,1.0,N
SILSNIHEV,1.039,WB,,1712,SILSNIHEV,18.51,1010.5397,9,-0.1,506.2771,52.95,,1,F1:10786,F120180713_KP_THP1_w632_P1.raw,1,,,,,PEAKS DB,2,SILSNIHEV,False,737000.0,1.0,N
VILTSSPFL,1.039,WB,,4695,VILTSSPFL,24.99,975.5641,9,1.0,976.5723,96.43,5100000.0,32,F32:20300,F120180713_KP_THP1_BB72_P5.raw,2,2.0,Q9Y271|CLTR1_HUMAN,,,PEAKS DB,1,VILTSSPFL,False,,,N
KLNEMSYEL,1.040,WB,,3123,KLNEMSYEL,32.35,1125.5376,9,0.6,563.7764,61.2,5860000.0,121,F121:12742,F120180713_KP_THP1_BB72_P10new.raw,1,1.0,Q5VU43|MYOME_HUMAN,,,PEAKS DB,2,KLNEMSYEL,False,,,N
KITELQLKL,1.041,WB,,1671,KITELQLKL,21.61,1084.6855,9,0.1,543.3501,49.51,9330000.0,29,F29:8710,F120180713_KP_THP1_BB72_P2.raw,1,1.0,P12270|TPR_HUMAN,,,PEAKS DB,2,KITELQLKL,False,,,N
TLFYESPHL,1.042,WB,,3599,TLFYESPHL,30.13,1105.5444,9,0.4,553.7797,62.63,1750000.0,29,F29:13484,F120180713_KP_THP1_BB72_P2.raw,1,1.0,Q8TAP8|PPR35_HUMAN,,,PEAKS DB,2,TLFYESPHL,False,,,N
RLSDSIMNL,1.042,WB,,2102,RLSDSIMNL,19.49,1063.5332,9,0.4,532.7741,47.35,1560000.0,29,F29:8033,F120180713_KP_THP1_BB72_P2.raw,1,1.0,P48552|NRIP1_HUMAN,Oxidation (M),M7:Oxidation (M):1000.00,PEAKS DB,2,RLSDSIM(+15.99)NL,False,,,N
TTEVHPEL,1.044,WB,,1048,TTEVHPEL,17.17,924.4553,8,1.1,925.4636,43.6,,10,F10:9214,F120180713_KP_THP1_w632_P9.raw,1,,Q9Y282|ERGI3_HUMAN,,,PEAKS DB,1,TTEVHPEL,False,574000.0,1.0,N
FPHPHPAF,1.046,WB,,699,FPHPHPAF,30.83,948.4606,8,0.7,475.2379,36.09,,10,F10:6292,F120180713_KP_THP1_w632_P9.raw,2,,P78415|IRX3_HUMAN,,,PEAKS DB,2,FPHPHPAF,False,14900000.0,2.0,N
KLLSKTPEL,1.046,WB,,2537,KLLSKTPEL,17.18,1027.6277,9,0.6,514.8214,33.81,,10,F10:5471,F120180713_KP_THP1_w632_P9.raw,1,,P27824|CALX_HUMAN,,,PEAKS DB,2,KLLSKTPEL,False,511000.0,1.0,N
KLSEIDVAL,1.047,WB,,4077,KLSEIDVAL,26.71,986.5648,9,1.3,494.2903,58.69,41000000.0,28,F28:13679,F120180713_KP_THP1_BB72_P1.raw,2,2.0,Q9BUP0|EFHD1_HUMAN,,,PEAKS DB,2,KLSEIDVAL,False,,,N
VLQDIQVML,1.047,WB,,1935,VLQDIQVML,22.51,1057.5841,9,0.6,529.7996,95.13,1600000.0,32,F32:19852,F120180713_KP_THP1_BB72_P5.raw,1,1.0,P33992|MCM5_HUMAN,,,PEAKS DB,2,VLQDIQVML,False,,,N
FPSSNVHVY,1.050,WB,,4813,FPSSNVHVY,37.06,1048.4978,9,1.1,525.2568,42.67,,10,F10:8852,F120180713_KP_THP1_w632_P9.raw,4,,Q9NXW2|DJB12_HUMAN,,,PEAKS DB,2,FPSSNVHVY,False,76400000.0,4.0,N
ISIEGNKMPL,1.051,WB,,5630,ISIEGNKMPL,29.9,1100.59,10,1.3,551.303,55.6,,1,F1:11809,F120180713_KP_THP1_w632_P1.raw,1,,Q96ST2|IWS1_HUMAN,,,PEAKS DB,2,ISIEGNKMPL,False,8520000.0,1.0,N
SLADVHIEV,1.053,WB,,1030,SLADVHIEV,29.57,981.5131,9,0.6,491.7641,61.22,11400000.0,28,F28:14662,F120180713_KP_THP1_BB72_P1.raw,2,2.0,O14981|BTAF1_HUMAN,,,PEAKS DB,2,SLADVHIEV,False,,,N
RLSESQLSF,1.054,WB,,4351,RLSESQLSF,18.44,1065.5454,9,1.4,533.7807,48.33,,8,F8:9317,F120180713_KP_THP1_w632_P10.raw,1,,Q96PK6|RBM14_HUMAN,,,PEAKS DB,2,RLSESQLSF,False,445000.0,1.0,N
SMSDIDLNL,1.057,WB,,2601,SMSDIDLNL,22.95,1022.459,9,0.8,1023.4672,71.16,42500000.0,29,F29:16667,F120180713_KP_THP1_BB72_P2.raw,4,4.0,Q09666|AHNK_HUMAN,Oxidation (M),M2:Oxidation (M):1000.00,PEAKS DB,1,SM(+15.99)SDIDLNL,False,,,N
YVSEILEKV,1.057,WB,,2047,YVSEILEKV,21.69,1078.5909,9,1.2,540.3034,57.99,2150000.0,28,F28:13400,F120180713_KP_THP1_BB72_P1.raw,2,2.0,P42704|LPPRC_HUMAN,,,PEAKS DB,2,YVSEILEKV,False,,,N
ALLERGYSL,1.060,WB,,1942,ALLERGYSL,34.18,1020.5604,9,0.7,511.2878,52.31,21600000.0,28,F28:11168,F120180713_KP_THP1_BB72_P1.raw,2,2.0,P34897|GLYM_HUMAN,,,PEAKS DB,2,ALLERGYSL,False,,,N
IIKSGDQTF,1.060,WB,,4467,IIKSGDQTF,22.8,1007.5287,9,-0.1,504.7716,32.0,,7,F7:6210,F120180713_KP_THP1_w632_P7.raw,1,,Q9BRP1|PDD2L_HUMAN,,,PEAKS DB,2,IIKSGDQTF,False,2410000.0,1.0,N
TIVDTGIGM,1.060,WB,,2290,TIVDTGIGM,22.85,921.4478,9,1.8,922.4567,54.6,,10,F10:13495,F120180713_KP_THP1_w632_P9.raw,1,,P07900|HS90A_HUMAN,Oxidation (M),M9:Oxidation (M):1000.00,PEAKS DB,1,TIVDTGIGM(+15.99),True,5460000.0,1.0,N
SLDQPTQTV,1.060,WB,,3977,SLDQPTQTV,27.16,987.4873,9,0.7,494.7513,45.36,214000000.0,32,F32:9206,F120180713_KP_THP1_BB72_P5.raw,4,4.0,Q99613|EIF3C_HUMAN:B5ME19|EIFCL_HUMAN,,,PEAKS DB,2,SLDQPTQTV,False,,,N
LPKNPSVVF,1.061,WB,,2133,LPKNPSVVF,30.2,999.5753,9,1.7,500.7958,50.67,,8,F8:10228,F120180713_KP_THP1_w632_P10.raw,2,,O94915|FRYL_HUMAN,,,PEAKS DB,2,LPKNPSVVF,False,18500000.0,2.0,N
VIDGHIYAV,1.062,WB,,3262,VIDGHIYAV,20.71,985.5233,9,1.6,493.7697,48.3,,10,F10:11067,F120180713_KP_THP1_w632_P9.raw,1,,Q14145|KEAP1_HUMAN,,,PEAKS DB,2,VIDGHIYAV,False,1340000.0,1.0,N
ILDEHVQRV,1.062,WB,,1065,ILDEHVQRV,33.72,1107.6036,9,0.1,554.8091,43.99,35600000.0,44,F44:7266,F120180713_KP_THP1_BB72_P7.raw,1,1.0,O15169|AXIN1_HUMAN,,,PEAKS DB,2,ILDEHVQRV,False,,,N
QIIQANPLL,1.066,WB,,733,QIIQANPLL,20.02,1008.5967,9,0.8,505.306,77.8,463000.0,29,F29:19163,F120180713_KP_THP1_BB72_P2.raw,1,1.0,,,,PEAKS DB,2,QIIQANPLL,True,,,N
TLMEEVLLL,1.067,WB,,4199,TLMEEVLLL,24.92,1075.5835,9,-0.4,1076.5903,101.39,16500000.0,43,F43:20857,F120180713_KP_THP1_BB72_P6.raw,4,4.0,Q9H4A5|GLP3L_HUMAN,Oxidation (M),M3:Oxidation (M):1000.00,PEAKS DB,1,TLM(+15.99)EEVLLL,False,,,N
KLHDINAQM,1.068,WB,,2421,KLHDINAQM,28.74,1084.5336,9,0.3,543.2742,30.04,1990000.0,44,F44:3980,F120180713_KP_THP1_BB72_P7.raw,1,1.0,P63010|AP2B1_HUMAN,Oxidation (M),M9:Oxidation (M):1000.00,PEAKS DB,2,KLHDINAQM(+15.99),False,,,N
ILQESLIKL,1.070,WB,,3920,ILQESLIKL,23.11,1055.6591,9,1.4,528.8375,88.87,1170000.0,31,F31:16085,F120180713_KP_THP1_BB72_P4.raw,1,1.0,Q96QG7|MTMR9_HUMAN,,,PEAKS DB,2,ILQESLIKL,False,,,N
SMFGKLIDL,1.070,WB,,3949,SMFGKLIDL,21.12,1038.542,9,0.3,520.2784,79.81,726000.0,121,F121:20110,F120180713_KP_THP1_BB72_P10new.raw,1,1.0,Q96SY0|VWA9_HUMAN,Oxidation (M),M2:Oxidation (M):1000.00,PEAKS DB,2,SM(+15.99)FGKLIDL,False,,,N
HLDPAVKEV,1.071,WB,,1204,HLDPAVKEV,30.93,1006.5447,9,0.3,504.2798,42.78,3720000.0,44,F44:6853,F120180713_KP_THP1_BB72_P7.raw,2,2.0,O60508|PRP17_HUMAN,,,PEAKS DB,2,HLDPAVKEV,False,,,N
FLTKQEILL,1.071,WB,,349,FLTKQEILL,18.29,1103.6591,9,1.2,552.8375,109.76,18000000.0,30,F30:21438,F120180713_KP_THP1_BB72_P3.raw,1,1.0,,,,PEAKS DB,2,FLTKQEILL,False,,,N
SLIPTSPQV,1.072,WB,,3071,SLIPTSPQV,23.89,940.5229,9,0.2,941.5304,72.22,41500000.0,121,F121:17144,F120180713_KP_THP1_BB72_P10new.raw,2,2.0,Q5PRF9|SMAG2_HUMAN,,,PEAKS DB,1,SLIPTSPQV,False,,,N
LLSDYGYHL,1.073,WB,,1904,LLSDYGYHL,22.87,1079.5287,9,0.2,540.7717,62.6,1100000.0,28,F28:15192,F120180713_KP_THP1_BB72_P1.raw,1,1.0,P30876|RPB2_HUMAN,,,PEAKS DB,2,LLSDYGYHL,False,,,N
LPKSPNPSF,1.074,WB,,3803,LPKSPNPSF,12.72,985.5233,9,0.4,493.7691,38.97,,9,F9:7866,F120180713_KP_THP1_w632_P8.raw,1,,Q7Z478|DHX29_HUMAN,,,PEAKS DB,2,LPKSPNPSF,False,275000.0,1.0,N
RVADVIAQV,1.077,WB,,1715,RVADVIAQV,16.08,969.5607,9,1.7,485.7884,47.37,,10,F10:10705,F120180713_KP_THP1_w632_P9.raw,1,,,,,PEAKS DB,2,RVADVIAQV,False,5580000.0,1.0,N
NAVLPFIRI,1.077,WB,,1142,NAVLPFIRI,19.15,1041.6334,9,0.0,521.8240000000002,80.01,,1,F1:20924,F120180713_KP_THP1_w632_P1.raw,1,,,,,PEAKS DB,2,NAVLPFIRI,False,2300000.0,1.0,N
TTLEQPPSV,1.079,WB,,1387,TTLEQPPSV,21.06,970.4971,9,0.0,486.2558,53.46,54800000.0,44,F44:10873,F120180713_KP_THP1_BB72_P7.raw,3,3.0,O95644|NFAC1_HUMAN,,,PEAKS DB,2,TTLEQPPSV,False,,,N
KLVNKVIEL,1.079,WB,,4183,KLVNKVIEL,20.36,1054.675,9,1.0,528.3453,40.45,2470000.0,28,F28:6712,F120180713_KP_THP1_BB72_P1.raw,1,1.0,Q9H2M9|RBGPR_HUMAN,,,PEAKS DB,2,KLVNKVIEL,False,,,N
FLDNERHEV,1.079,WB,,2948,FLDNERHEV,31.82,1157.5465,9,0.2,579.7806,45.33,10800000.0,44,F44:7775,F120180713_KP_THP1_BB72_P7.raw,2,2.0,Q16512|PKN1_HUMAN,,,PEAKS DB,2,FLDNERHEV,False,,,N
YQRVGQQL,1.079,WB,,887,YQRVGQQL,25.58,990.5247,8,0.6,496.2699,28.65,,6,F6:6006,F120180713_KP_THP1_w632_P6.raw,1,,Q8WV41|SNX33_HUMAN,,,PEAKS DB,2,YQRVGQQL,False,287000.0,1.0,N
HLAPRTPEV,1.080,WB,,954,HLAPRTPEV,28.93,1018.556,9,0.3,510.2854,47.69,12800000.0,44,F44:8699,F120180713_KP_THP1_BB72_P7.raw,2,2.0,O00268|TAF4_HUMAN,,,PEAKS DB,2,HLAPRTPEV,False,,,N
FPKPLPQEY,1.081,WB,,4314,FPKPLPQEY,29.84,1117.5807,9,1.3,559.7983,49.72,,10,F10:11627,F120180713_KP_THP1_w632_P9.raw,1,,Q96KR4|LMLN_HUMAN,,,PEAKS DB,2,FPKPLPQEY,False,1980000.0,1.0,N
TPFKGGTLF,1.084,WB,,2676,TPFKGGTLF,27.21,966.5175,9,0.5,484.2663,56.7,,3,F3:10628,F120180713_KP_THP1_w632_P3.raw,1,,P42166|LAP2A_HUMAN,,,PEAKS DB,2,TPFKGGTLF,False,47200000.0,1.0,N
ILDDSPKEI,1.085,WB,,4329,ILDDSPKEI,26.3,1028.5389,9,0.6,515.2769999999998,49.81,5270000.0,44,F44:9502,F120180713_KP_THP1_BB72_P7.raw,1,1.0,Q9NRD0|FBX8_HUMAN,,,PEAKS DB,2,ILDDSPKEI,False,,,N
KLYQHEINL,1.087,WB,,1472,KLYQHEINL,14.26,1156.624,9,1.7,579.3203,35.85,,10,F10:6202,F120180713_KP_THP1_w632_P9.raw,1,,,,,PEAKS DB,2,KLYQHEINL,False,857000.0,1.0,N
SARNAPIAY,1.089,WB,,104,SARNAPIAY,15.0,961.4981,9,1.3,962.5066,67.29,316000.0,123,F123:10397,F120180713_KP_THP1_BB72_P9new.raw,1,1.0,,,,PEAKS DB,1,SARNAPIAY,False,,,N
ALYDEVRTV,1.089,WB,,1099,ALYDEVRTV,22.0,1064.5502,9,1.8,533.2833,51.01,,10,F10:12130,F120180713_KP_THP1_w632_P9.raw,1,,A6NHR9|SMHD1_HUMAN,,,PEAKS DB,2,ALYDEVRTV,False,796000.0,1.0,N
KLFSTETSL,1.089,WB,,3262,KLFSTETSL,27.25,1024.5441,9,0.2,513.2794,62.69,1840000.0,121,F121:13336,F120180713_KP_THP1_BB72_P10new.raw,1,1.0,Q6ZN55|ZN574_HUMAN,,,PEAKS DB,2,KLFSTETSL,False,,,N
VLYPSLKEI,1.090,WB,,1997,VLYPSLKEI,22.21,1060.6168,9,0.3,531.3159,61.09,2720000.0,29,F29:12876,F120180713_KP_THP1_BB72_P2.raw,1,1.0,P40855|PEX19_HUMAN,,,PEAKS DB,2,VLYPSLKEI,False,,,N
VGIDPLSSY,1.090,WB,,1548,VGIDPLSSY,15.86,949.4756,9,1.4,950.4843,77.15,,1,F1:19925,F120180713_KP_THP1_w632_P1.raw,1,,,,,PEAKS DB,1,VGIDPLSSY,False,3120000.0,1.0,N
TVASFSSL,1.091,WB,,650,TVASFSSL,14.42,810.4123,8,1.9,811.4211,63.46,,8,F8:14783,F120180713_KP_THP1_w632_P10.raw,1,,P49815|TSC2_HUMAN,,,PEAKS DB,1,TVASFSSL,False,3730000.0,1.0,N
IQYDRTLLV,1.096,WB,,2358,IQYDRTLLV,24.25,1119.6288,9,1.0,560.8222,57.89,1220000.0,28,F28:13363,F120180713_KP_THP1_BB72_P1.raw,1,1.0,P62249|RS16_HUMAN,,,PEAKS DB,2,IQYDRTLLV,False,,,N
TILPKVMQV,1.099,WB,,2272,TILPKVMQV,25.8,1043.6049,9,0.8,522.8101,46.11,19000000.0,29,F29:7646,F120180713_KP_THP1_BB72_P2.raw,1,1.0,P55081|MFAP1_HUMAN,Oxidation (M),M7:Oxidation (M):1000.00,PEAKS DB,2,TILPKVM(+15.99)QV,False,,,N
GAIGGTPPAF,1.099,WB,,5489,GAIGGTPPAF,21.0,886.4548,10,0.9,887.4629,61.2,,10,F10:16023,F120180713_KP_THP1_w632_P9.raw,2,,Q15233|NONO_HUMAN,,,PEAKS DB,1,GAIGGTPPAF,False,40100000.0,2.0,N
AMNPVEHPF,1.099,WB,,2956,AMNPVEHPF,29.31,1056.4698,9,0.9,529.2427,37.41,,10,F10:6797,F120180713_KP_THP1_w632_P9.raw,1,,P62917|RL8_HUMAN,Oxidation (M),M2:Oxidation (M):1000.00,PEAKS DB,2,AM(+15.99)NPVEHPF,False,736000.0,1.0,N
ITQDKVASV,1.099,WB,,790,ITQDKVASV,19.2,959.5287,9,0.4,480.7718,34.0,306000.0,32,F32:5416,F120180713_KP_THP1_BB72_P5.raw,1,1.0,,,,PEAKS DB,2,ITQDKVASV,False,,,N
GLKEGIPAL,1.100,WB,,1695,GLKEGIPAL,24.62,896.5331,9,0.7,897.541,52.19,43000000.0,28,F28:11121,F120180713_KP_THP1_BB72_P1.raw,3,3.0,P13639|EF2_HUMAN,,,PEAKS DB,1,GLKEGIPAL,False,,,N
FPQLDSTSF,1.100,WB,,2751,FPQLDSTSF,36.51,1040.4814,9,0.8,1041.4895,81.04,,3,F3:19225,F120180713_KP_THP1_w632_P3.raw,2,,P49327|FAS_HUMAN,,,PEAKS DB,1,FPQLDSTSF,False,42900000.0,2.0,N
KILDLETQL,1.101,WB,,3040,KILDLETQL,26.03,1071.6176,9,0.8,536.8165,64.94,71700000.0,29,F29:14397,F120180713_KP_THP1_BB72_P2.raw,1,1.0,Q5BJF6|ODFP2_HUMAN,,,PEAKS DB,2,KILDLETQL,False,,,N
KVVSNLPAI,1.101,WB,,541,KVVSNLPAI,19.39,939.5753,9,1.8,470.7958,59.26,669000.0,121,F121:11964,F120180713_KP_THP1_BB72_P10new.raw,1,1.0,,,,PEAKS DB,2,KVVSNLPAI,False,,,N
LAQTTRTAY,1.101,WB,,2793,LAQTTRTAY,32.54,1023.5349,9,0.0,512.7747,24.87,,5,F5:4716,F120180713_KP_THP1_w632_P5.raw,1,,P50990|TCPQ_HUMAN,,,PEAKS DB,2,LAQTTRTAY,False,15900000.0,1.0,N
RQIDDILSV,1.102,WB,,1715,RQIDDILSV,25.1,1057.5768,9,1.2,529.7963,62.53,16100000.0,29,F29:13446,F120180713_KP_THP1_BB72_P2.raw,1,1.0,P14550|AK1A1_HUMAN,,,PEAKS DB,2,RQIDDILSV,False,,,N
KLSDLQTQL,1.102,WB,,1787,KLSDLQTQL,25.12,1044.5815,9,0.4,523.2983,85.42,1920000.0,123,F123:15208,F120180713_KP_THP1_BB72_P9new.raw,1,1.0,P19387|RPB3_HUMAN,,,PEAKS DB,2,KLSDLQTQL,False,,,N
HPNLTSMTF,1.102,WB,,4913,HPNLTSMTF,15.28,1046.4855,9,0.2,524.2501,54.4,,1,F1:11344,F120180713_KP_THP1_w632_P1.raw,1,,Q9UIQ6|LCAP_HUMAN,,,PEAKS DB,2,HPNLTSMTF,False,402000.0,1.0,N
YTANPLPVA,1.103,WB,,1637,YTANPLPVA,13.7,944.4967,9,5.0,473.258,59.32,,8,F8:13413,F120180713_KP_THP1_w632_P10.raw,1,,,,,PEAKS DB,2,YTANPLPVA,False,126000.0,1.0,N
MVGPILEM,1.104,WB,,904,MVGPILEM,14.18,920.4347,8,0.2,461.2247,56.02,,4,F4:10218,F120180713_KP_THP1_w632_P4.raw,1,,Q92608|DOCK2_HUMAN,Oxidation (M),M1:Oxidation (M):1000.00;M8:Oxidation (M):1000.00,PEAKS DB,2,M(+15.99)VGPILEM(+15.99),False,694000.0,1.0,N
RVGPGPAL,1.104,WB,,489,RVGPGPAL,20.3,765.4497,8,-0.8,383.7318,31.65,,7,F7:6074,F120180713_KP_THP1_w632_P7.raw,1,,O15067|PUR4_HUMAN,,,PEAKS DB,2,RVGPGPAL,False,76300.0,1.0,N
RLYDTHITV,1.112,WB,,2812,RLYDTHITV,23.14,1116.5928,9,1.8,559.3047,39.3,,10,F10:7534,F120180713_KP_THP1_w632_P9.raw,1,,P51784|UBP11_HUMAN,,,PEAKS DB,2,RLYDTHITV,False,1110000.0,1.0,N
ILLAEVPTM,1.112,WB,,1058,ILLAEVPTM,24.56,1001.5467,9,1.3,501.7813,79.39,17900000.0,31,F31:13689,F120180713_KP_THP1_BB72_P4.raw,3,3.0,O15160|RPAC1_HUMAN,Oxidation (M),M9:Oxidation (M):1000.00,PEAKS DB,2,ILLAEVPTM(+15.99),False,,,N
YPYPYPHTLY,1.112,WB,,5654,YPYPYPHTLY,42.93,1312.6128,10,1.1,657.3144,60.92,,1,F1:13854,F120180713_KP_THP1_w632_P1.raw,2,,Q9BZE1|RM37_HUMAN,,,PEAKS DB,2,YPYPYPHTLY,False,55000000.0,2.0,N
IPKQVSISF,1.113,WB,,4269,IPKQVSISF,21.19,1017.5858,9,0.3,509.8004,55.19,,1,F1:11646,F120180713_KP_THP1_w632_P1.raw,1,,Q96D46|NMD3_HUMAN,,,PEAKS DB,2,IPKQVSISF,False,5280000.0,1.0,N
KMVSIQITL,1.114,WB,,944,KMVSIQITL,18.31,1047.5999,9,0.6,524.8075,58.39,2940000.0,29,F29:11820,F120180713_KP_THP1_BB72_P2.raw,1,1.0,O00203|AP3B1_HUMAN,Oxidation (M),M2:Oxidation (M):1000.00,PEAKS DB,2,KM(+15.99)VSIQITL,False,,,N
GLVDKLQAL,1.115,WB,,3165,GLVDKLQAL,30.53,955.5702,9,0.4,478.7926,64.44,22000000.0,29,F29:14198,F120180713_KP_THP1_BB72_P2.raw,4,4.0,Q6FI81|CPIN1_HUMAN,,,PEAKS DB,2,GLVDKLQAL,False,,,N
VIQEHQPSV,1.115,WB,,1810,VIQEHQPSV,31.29,1035.5349,9,0.6,518.775,34.99,12800000.0,32,F32:5739,F120180713_KP_THP1_BB72_P5.raw,1,1.0,P21964|COMT_HUMAN,,,PEAKS DB,2,VIQEHQPSV,False,,,N
SLAPLFFKL,1.115,WB,,998,SLAPLFFKL,28.17,1034.6165,9,1.3,518.3162,109.42,1210000.0,31,F31:22532,F120180713_KP_THP1_BB72_P4.raw,1,1.0,O14617|AP3D1_HUMAN,,,PEAKS DB,2,SLAPLFFKL,False,,,N
QLSEVFIQL,1.117,WB,,2802,QLSEVFIQL,15.86,1075.5913,9,-0.3,538.8028,94.0,,7,F7:22035,F120180713_KP_THP1_w632_P7.raw,1,,P51532|SMCA4_HUMAN:P51531|SMCA2_HUMAN,,,PEAKS DB,2,QLSEVFIQL,False,943000.0,1.0,N
ATPMPTPSV,1.118,WB,,6,ATPMPTPSV,16.19,899.4423,9,0.6,900.4501,57.53,1530000.0,44,F44:12451,F120180713_KP_THP1_BB72_P7.raw,1,1.0,A3KN83|SBNO1_HUMAN,,,PEAKS DB,1,ATPMPTPSV,False,,,N
APKRPPSAF,1.120,WB,,2323,APKRPPSAF,30.98,969.5396,9,0.4,485.7772,24.53,,6,F6:4384,F120180713_KP_THP1_w632_P6.raw,1,,P09429|HMGB1_HUMAN,,,PEAKS DB,2,APKRPPSAF,False,1040000.0,1.0,N
FPVPGSQLY,1.121,WB,,4646,FPVPGSQLY,27.37,1006.5123,9,1.0,1007.5206,76.97,,3,F3:17675,F120180713_KP_THP1_w632_P3.raw,3,,Q9H6L2|TM231_HUMAN,,,PEAKS DB,1,FPVPGSQLY,False,20800000.0,3.0,N
RLLESFETM,1.121,WB,,2856,RLLESFETM,20.69,1140.5485,9,-0.1,571.2814,50.66,695000.0,29,F29:9132,F120180713_KP_THP1_BB72_P2.raw,1,1.0,Q15021|CND1_HUMAN,Oxidation (M),M9:Oxidation (M):1000.00,PEAKS DB,2,RLLESFETM(+15.99),False,,,N
KLIDKLDSL,1.121,WB,,755,KLIDKLDSL,18.43,1043.6226,9,1.3,522.8192,48.84,4280000.0,28,F28:9857,F120180713_KP_THP1_BB72_P1.raw,1,1.0,,,,PEAKS DB,2,KLIDKLDSL,False,,,N
ALVHHSFAL,1.121,WB,,1612,ALVHHSFAL,22.11,993.5396,9,1.2,497.7776,37.02,418000.0,28,F28:5650,F120180713_KP_THP1_BB72_P1.raw,1,1.0,P09884|DPOLA_HUMAN,,,PEAKS DB,2,ALVHHSFAL,False,,,N
HPIDRSVDF,1.122,WB,,4889,HPIDRSVDF,20.32,1084.5302,9,0.8,543.2728,32.36,,9,F9:5588,F120180713_KP_THP1_w632_P8.raw,1,,Q9UDX5|MTFP1_HUMAN,,,PEAKS DB,2,HPIDRSVDF,False,7980000.0,1.0,N
MPKKDARTL,1.123,WB,,2553,MPKKDARTL,15.66,1074.5856,9,0.2,538.3002,19.04,,5,F5:2430,F120180713_KP_THP1_w632_P5.raw,1,,P29083|T2EA_HUMAN,Oxidation (M),M1:Oxidation (M):1000.00,PEAKS DB,2,M(+15.99)PKKDARTL,False,345000.0,1.0,N
ASIGPLTGV,1.123,WB,,3457,ASIGPLTGV,18.87,813.4596,9,0.9,814.4676,72.44,1840000.0,121,F121:17232,F120180713_KP_THP1_BB72_P10new.raw,1,1.0,Q8IWT3|CUL9_HUMAN,,,PEAKS DB,1,ASIGPLTGV,False,,,N
RLNEIEAAL,1.123,WB,,4068,RLNEIEAAL,17.24,1027.5662,9,1.2,514.7909999999998,51.54,,1,F1:10261,F120180713_KP_THP1_w632_P1.raw,1,,Q8TDZ2|MICA1_HUMAN,,,PEAKS DB,2,RLNEIEAAL,False,634000.0,1.0,N
ILSEVERNL,1.124,WB,,2135,ILSEVERNL,25.72,1071.5924,9,1.0,536.804,59.13,2270000.0,121,F121:11916,F120180713_KP_THP1_BB72_P10new.raw,1,1.0,P49368|TCPG_HUMAN,,,PEAKS DB,2,ILSEVERNL,False,,,N
MQYPGRSLVF,1.124,WB,,5656,MQYPGRSLVF,34.5,1212.5961,10,0.8,607.3058,54.2,,3,F3:9840,F120180713_KP_THP1_w632_P3.raw,3,,Q9GZR7|DDX24_HUMAN,Oxidation (M),M1:Oxidation (M):1000.00,PEAKS DB,2,M(+15.99)QYPGRSLVF,False,5650000.0,3.0,N
HQMTPSSSY,1.125,WB,,4222,HQMTPSSSY,20.77,1052.4233,9,0.8,527.2194,21.42,,5,F5:3379,F120180713_KP_THP1_w632_P5.raw,1,,Q93074|MED12_HUMAN,Oxidation (M),M3:Oxidation (M):1000.00,PEAKS DB,2,HQM(+15.99)TPSSSY,False,2390000.0,1.0,N
HPQTHETAL,1.126,WB,,4597,HPQTHETAL,32.67,1032.4989,9,0.6,517.257,20.62,,5,F5:3061,F120180713_KP_THP1_w632_P5.raw,1,,Q9H2K2|TNKS2_HUMAN,,,PEAKS DB,2,HPQTHETAL,False,1700000.0,1.0,N
ASNPRQAAY,1.127,WB,,4576,ASNPRQAAY,35.08,976.4726,9,0.4,489.2438,21.41,,4,F4:3243,F120180713_KP_THP1_w632_P4.raw,1,,Q9H0D6|XRN2_HUMAN,,,PEAKS DB,2,ASNPRQAAY,False,4560000.0,1.0,N
FGQLGREL,1.128,WB,,605,FGQLGREL,21.79,918.4923,8,1.4,460.2541,44.68,,8,F8:7895,F120180713_KP_THP1_w632_P10.raw,1,,P23610|F8I2_HUMAN,,,PEAKS DB,2,FGQLGREL,False,12600000.0,1.0,N
YLMPIIDQV,1.128,WB,,3806,YLMPIIDQV,24.59,1106.5681,9,0.0,554.2913,83.99,1220000.0,43,F43:16589,F120180713_KP_THP1_BB72_P6.raw,1,1.0,Q96BZ9|TBC20_HUMAN,Oxidation (M),M3:Oxidation (M):1000.00,PEAKS DB,2,YLM(+15.99)PIIDQV,False,,,N
TLAGLVVQL,1.128,WB,,3748,TLAGLVVQL,17.13,912.5644,9,0.7,913.5723,99.07,15700000.0,44,F44:21293,F120180713_KP_THP1_BB72_P7.raw,2,2.0,Q92922|SMRC1_HUMAN,,,PEAKS DB,1,TLAGLVVQL,False,,,N
FLDKELTGL,1.129,WB,,1457,FLDKELTGL,18.43,1034.5648,9,-1.2,518.2891,66.02,3680000.0,29,F29:14824,F120180713_KP_THP1_BB72_P2.raw,1,1.0,P04035|HMDH_HUMAN,,,PEAKS DB,2,FLDKELTGL,False,,,N
LPRASAPSL,1.130,WB,,3693,LPRASAPSL,21.27,910.5236,9,0.6,456.2693,38.85,,9,F9:7816,F120180713_KP_THP1_w632_P8.raw,1,,Q6T4P5|PLPR3_HUMAN,,,PEAKS DB,2,LPRASAPSL,False,1070000.0,1.0,N
SLREDQQSF,1.130,WB,,4572,SLREDQQSF,27.99,1108.5149,9,-0.2,555.2646,31.9,,6,F6:7290,F120180713_KP_THP1_w632_P6.raw,1,,Q9GZY6|NTAL_HUMAN,,,PEAKS DB,2,SLREDQQSF,False,7970000.0,1.0,N
TLAETLVNL,1.132,WB,,3540,TLAETLVNL,26.37,972.5491,9,0.5,973.5569,94.56,27200000.0,32,F32:19661,F120180713_KP_THP1_BB72_P5.raw,2,2.0,Q8NB46|ANR52_HUMAN,,,PEAKS DB,1,TLAETLVNL,False,,,N
ILSVVNSQL,1.132,WB,,4227,ILSVVNSQL,26.8,971.5651,9,1.2,972.5736,74.91,22500000.0,121,F121:18219,F120180713_KP_THP1_BB72_P10new.raw,2,2.0,Q9H714|RUBCL_HUMAN,,,PEAKS DB,1,ILSVVNSQL,False,,,N
SLDPTLPSV,1.133,WB,,2928,SLDPTLPSV,18.41,927.4913,9,1.9,928.5003,75.83,10600000.0,121,F121:18588,F120180713_KP_THP1_BB72_P10new.raw,1,1.0,Q15751|HERC1_HUMAN,,,PEAKS DB,1,SLDPTLPSV,False,,,N
AAYEGSVAKV,1.136,WB,,3460,AAYEGSVAKV,24.42,993.5131,10,1.0,497.7643,38.86,542000.0,43,F43:6057,F120180713_KP_THP1_BB72_P6.raw,1,1.0,Q8IWY9|CDAN1_HUMAN,,,PEAKS DB,2,AAYEGSVAKV,False,,,N
KVADAATEV,1.137,WB,,504,KVADAATEV,14.56,902.4709,9,0.1,452.2428,34.67,154000.0,32,F32:5638,F120180713_KP_THP1_BB72_P5.raw,1,1.0,,,,PEAKS DB,2,KVADAATEV,False,,,N
HPIWTNQQF,1.137,WB,,3857,HPIWTNQQF,29.93,1169.5618,9,2.2,585.7894,50.88,,8,F8:10312,F120180713_KP_THP1_w632_P10.raw,1,,Q86WG5|MTMRD_HUMAN,,,PEAKS DB,2,HPIWTNQQF,False,858000.0,1.0,N
YPAESVLAY,1.140,WB,,2425,YPAESVLAY,23.69,1011.4913,9,1.7,1012.5002,69.56,,8,F8:17193,F120180713_KP_THP1_w632_P10.raw,2,,P15559|NQO1_HUMAN,,,PEAKS DB,1,YPAESVLAY,False,55300000.0,2.0,N
LVAPATAAY,1.142,WB,,5099,LVAPATAAY,24.88,875.4752,9,0.4,876.4828,51.41,,7,F7:13256,F120180713_KP_THP1_w632_P7.raw,1,,Q9Y4H2|IRS2_HUMAN,,,PEAKS DB,1,LVAPATAAY,False,44700000.0,1.0,N
ALADEDHSL,1.144,WB,,3498,ALADEDHSL,17.95,969.4403,9,0.7,485.7278,41.92,146000.0,43,F43:7076,F120180713_KP_THP1_BB72_P6.raw,1,1.0,Q8IZQ1|WDFY3_HUMAN,,,PEAKS DB,2,ALADEDHSL,False,,,N
VLLDSVEKL,1.144,WB,,3522,VLLDSVEKL,24.1,1014.5961,9,0.4,508.3055,62.38,5400000.0,29,F29:13385,F120180713_KP_THP1_BB72_P2.raw,2,2.0,Q8N3P4|VPS8_HUMAN,,,PEAKS DB,2,VLLDSVEKL,False,,,N
HGFGNVHAY,1.144,WB,,4519,HGFGNVHAY,34.43,1000.4515,9,-0.5,501.2328,28.22,,7,F7:4843,F120180713_KP_THP1_w632_P7.raw,1,,Q9BWT1|CDCA7_HUMAN,,,PEAKS DB,2,HGFGNVHAY,False,17200000.0,1.0,N
HTIFPSNGSSL,1.144,WB,,5908,HTIFPSNGSSL,33.01,1158.5669,11,1.5,580.2916,48.39,,8,F8:9341,F120180713_KP_THP1_w632_P10.raw,1,,Q9NZU1|FLRT1_HUMAN,,,PEAKS DB,2,HTIFPSNGSSL,False,5340000.0,1.0,N
ALIAASETL,1.147,WB,,4367,ALIAASETL,23.23,887.4963,9,1.1,888.5046,70.6,6340000.0,121,F121:16496,F120180713_KP_THP1_BB72_P10new.raw,1,1.0,Q9NTJ3|SMC4_HUMAN,,,PEAKS DB,1,ALIAASETL,False,,,N
LLFDRPMHV,1.148,WB,,2217,LLFDRPMHV,35.5,1142.5906,9,1.5,572.3034,41.95,34600000.0,29,F29:6531,F120180713_KP_THP1_BB72_P2.raw,2,2.0,P52272|HNRPM_HUMAN,Oxidation (M),M7:Oxidation (M):1000.00,PEAKS DB,2,LLFDRPM(+15.99)HV,False,,,N
FQYPNPAVSY,1.149,WB,,5558,FQYPNPAVSY,21.03,1184.5502,10,1.3,593.2831,69.33,,8,F8:17101,F120180713_KP_THP1_w632_P10.raw,1,,Q86XA9|HTR5A_HUMAN,,,PEAKS DB,2,FQYPNPAVSY,False,581000.0,1.0,N
ALLEEVKAL,1.149,WB,,559,ALLEEVKAL,17.44,984.5855,9,0.3,493.3002,63.01,517000.0,29,F29:13633,F120180713_KP_THP1_BB72_P2.raw,1,1.0,,,,PEAKS DB,2,ALLEEVKAL,False,,,N
LLAEQQTLL,1.149,WB,,2806,LLAEQQTLL,16.99,1027.5913,9,0.8,514.8033,71.34,206000.0,28,F28:18376,F120180713_KP_THP1_BB72_P1.raw,1,1.0,Q14678|KANK1_HUMAN,,,PEAKS DB,2,LLAEQQTLL,False,,,N
TVMGKIFAV,1.152,WB,,4477,TVMGKIFAV,28.35,980.5365,9,1.5,491.2762,73.53,5090000.0,31,F31:12315,F120180713_KP_THP1_BB72_P4.raw,1,1.0,Q9P2G9|KLHL8_HUMAN,Oxidation (M),M3:Oxidation (M):1000.00,PEAKS DB,2,TVM(+15.99)GKIFAV,False,,,N
FILEPLYKI,1.153,WB,,2858,FILEPLYKI,25.28,1134.6688,9,0.4,568.3419,91.63,1690000.0,121,F121:24594,F120180713_KP_THP1_BB72_P10new.raw,1,1.0,Q15029|U5S1_HUMAN,,,PEAKS DB,2,FILEPLYKI,False,,,N
SMAELDIKL,1.157,WB,,3179,SMAELDIKL,29.05,1034.5317,9,0.1,518.2732,109.25,7680000.0,30,F30:21237,F120180713_KP_THP1_BB72_P3.raw,2,2.0,Q6NUQ1|RINT1_HUMAN,Oxidation (M),M2:Oxidation (M):1000.00,PEAKS DB,2,SM(+15.99)AELDIKL,False,,,N
QLIDGLEYL,1.157,WB,,742,QLIDGLEYL,14.79,1062.5597,9,0.9,532.2876,101.52,1770000.0,43,F43:20892,F120180713_KP_THP1_BB72_P6.raw,1,1.0,,,,PEAKS DB,2,QLIDGLEYL,False,,,N
GVLPNIQAV,1.158,WB,,4011,GVLPNIQAV,25.42,909.5283,9,3.1,910.5384,74.54,69600000.0,28,F28:19656,F120180713_KP_THP1_BB72_P1.raw,2,2.0,Q99878|H2A1J_HUMAN:Q96KK5|H2A1H_HUMAN:P20671|H2A1D_HUMAN:P0C0S8|H2A1_HUMAN:P04908|H2A1B_HUMAN:Q16777|H2A2C_HUMAN:Q9BTM1|H2AJ_HUMAN:Q6FI13|H2A2A_HUMAN:Q93077|H2A1C_HUMAN:Q7L7L0|H2A3_HUMAN:P16104|H2AX_HUMAN:Q8IUE6|H2A2B_HUMAN,,,PEAKS DB,1,GVLPNIQAV,False,,,N
HAHVDKVTY,1.159,WB,,3685,HAHVDKVTY,42.32,1068.5353,9,0.2,535.275,21.19,,6,F6:3061,F120180713_KP_THP1_w632_P6.raw,3,,Q6PK18|OGFD3_HUMAN,,,PEAKS DB,2,HAHVDKVTY,False,35300000.0,3.0,N
SLDERPVAV,1.159,WB,,2719,SLDERPVAV,26.42,984.524,9,1.0,493.2698,47.05,1700000.0,44,F44:8446,F120180713_KP_THP1_BB72_P7.raw,1,1.0,Q13873|BMPR2_HUMAN,,,PEAKS DB,2,SLDERPVAV,False,,,N
GLIENTYQL,1.160,WB,,302,GLIENTYQL,15.89,1049.5393,9,0.9,525.7774,73.57,25100000.0,28,F28:19270,F120180713_KP_THP1_BB72_P1.raw,1,1.0,,,,PEAKS DB,2,GLIENTYQL,False,,,N
YLQEVPILTL,1.161,WB,,1870,YLQEVPILTL,28.75,1187.6802,10,0.2,594.8475,107.38,979000.0,121,F121:30846,F120180713_KP_THP1_BB72_P10new.raw,1,1.0,P27707|DCK_HUMAN,,,PEAKS DB,2,YLQEVPILTL,False,,,N
EAAENVVTY,1.161,WB,,1991,EAAENVVTY,16.16,994.4607,9,-0.3,498.2375,48.77,,7,F7:12216,F120180713_KP_THP1_w632_P7.raw,1,,O60287|NPA1P_HUMAN,,,PEAKS DB,2,EAAENVVTY,False,102000.0,1.0,N
YPFPTFQPAF,1.161,WB,,5528,YPFPTFQPAF,23.39,1213.5807,10,0.9,607.7982,100.99,,10,F10:25644,F120180713_KP_THP1_w632_P9.raw,1,,Q66K64|DCA15_HUMAN,,,PEAKS DB,2,YPFPTFQPAF,False,1970000.0,1.0,N
RLQDELVTL,1.162,WB,,4656,RLQDELVTL,27.09,1085.608,9,0.7,543.8116,62.53,22400000.0,29,F29:13444,F120180713_KP_THP1_BB72_P2.raw,1,1.0,Q9UPN3|MACF1_HUMAN,,,PEAKS DB,2,RLQDELVTL,False,,,N
FLNQAQIEV,1.164,WB,,2708,FLNQAQIEV,22.5,1060.5553,9,0.7,531.2853,74.68,5900000.0,121,F121:18129,F120180713_KP_THP1_BB72_P10new.raw,2,2.0,Q13627|DYR1A_HUMAN,,,PEAKS DB,2,FLNQAQIEV,False,,,N
VIMKSSPEV,1.164,WB,,4332,VIMKSSPEV,29.25,1004.5212,9,0.2,503.268,31.23,5730000.0,43,F43:4317,F120180713_KP_THP1_BB72_P6.raw,1,1.0,Q9NRG0|CHRC1_HUMAN,Oxidation (M),M3:Oxidation (M):1000.00,PEAKS DB,2,VIM(+15.99)KSSPEV,False,,,N
LSKTEFLSF,1.164,WB,,2591,LSKTEFLSF,26.44,1070.5648,9,0.9,536.2902,66.17,,4,F4:11924,F120180713_KP_THP1_w632_P4.raw,1,,P31949|S10AB_HUMAN,,,PEAKS DB,2,LSKTEFLSF,False,9100000.0,1.0,N
KLIAQNLEL,1.165,WB,,2229,KLIAQNLEL,26.64,1040.6229,9,0.7,521.3191,56.29,9610000.0,29,F29:11031,F120180713_KP_THP1_BB72_P2.raw,1,1.0,P52732|KIF11_HUMAN,,,PEAKS DB,2,KLIAQNLEL,False,,,N
DAAGPREAF,1.166,WB,,2886,DAAGPREAF,15.42,932.4351,9,-0.9,467.2244,34.94,,6,F6:8402,F120180713_KP_THP1_w632_P6.raw,1,,P57086|SCND1_HUMAN,,,PEAKS DB,2,DAAGPREAF,False,168000.0,1.0,N
VLLSHLSYL,1.166,WB,,2525,VLLSHLSYL,32.01,1043.6016,9,0.4,522.8083,89.06,6250000.0,32,F32:18116,F120180713_KP_THP1_BB72_P5.raw,2,2.0,Q01543|FLI1_HUMAN,,,PEAKS DB,2,VLLSHLSYL,False,,,N
TMADQIVTV,1.167,WB,,932,TMADQIVTV,24.48,992.4849,9,0.9,993.493,64.78,7650000.0,123,F123:9827,F120180713_KP_THP1_BB72_P9new.raw,3,3.0,O00186|STXB3_HUMAN,Oxidation (M),M2:Oxidation (M):1000.00,PEAKS DB,1,TM(+15.99)ADQIVTV,False,,,N
FLLVTEVHL,1.172,WB,,4682,FLLVTEVHL,21.27,1069.6172,9,0.9,535.8163,90.79,1460000.0,121,F121:24264,F120180713_KP_THP1_BB72_P10new.raw,1,1.0,Q9Y239|NOD1_HUMAN,,,PEAKS DB,2,FLLVTEVHL,False,,,N
RPISPGLSY,1.173,WB,,3446,RPISPGLSY,15.55,988.5341,9,1.5,495.2751,41.1,,9,F9:8688,F120180713_KP_THP1_w632_P8.raw,1,,Q16204|CCDC6_HUMAN,,,PEAKS DB,2,RPISPGLSY,False,389000.0,1.0,N
NQFPGFKEV,1.175,WB,,1597,NQFPGFKEV,28.08,1064.5291,9,1.4,533.2725,60.23,90000000.0,121,F121:12354,F120180713_KP_THP1_BB72_P10new.raw,3,3.0,P09012|SNRPA_HUMAN:P08579|RU2B_HUMAN,,,PEAKS DB,2,NQFPGFKEV,False,,,N
LFPGKVHSL,1.175,WB,,4296,LFPGKVHSL,26.1,996.5756,9,1.1,499.2956,40.54,2020000.0,28,F28:6745,F120180713_KP_THP1_BB72_P1.raw,2,2.0,Q9NNW5|WDR6_HUMAN,,,PEAKS DB,2,LFPGKVHSL,False,,,N
QLYSVDVTL,1.175,WB,,1713,QLYSVDVTL,25.23,1036.5441,9,0.8,519.2797,105.63,16000000.0,30,F30:19785,F120180713_KP_THP1_BB72_P3.raw,3,3.0,P14373|TRI27_HUMAN,,,PEAKS DB,2,QLYSVDVTL,False,,,N
YPLEGSRSY,1.176,WB,,1837,YPLEGSRSY,23.89,1070.5032,9,-0.4,536.2587,36.6,,7,F7:7974,F120180713_KP_THP1_w632_P7.raw,2,,O14544|SOCS6_HUMAN,,,PEAKS DB,2,YPLEGSRSY,False,17300000.0,2.0,N
TLNDREYQL,1.176,WB,,1873,TLNDREYQL,25.12,1150.5618,9,1.4,576.2889,51.6,4460000.0,122,F122:7511,F120180713_KP_THP1_BB72_P8.raw,1,1.0,P27708|PYR1_HUMAN,,,PEAKS DB,2,TLNDREYQL,False,,,N
YNAQPSASY,1.177,WB,,4353,YNAQPSASY,21.02,999.4297,9,0.1,500.7222,35.92,,5,F5:8415,F120180713_KP_THP1_w632_P5.raw,1,,Q96PK6|RBM14_HUMAN,,,PEAKS DB,2,YNAQPSASY,False,290000.0,1.0,N
FISEFEHRV,1.178,WB,,4643,FISEFEHRV,23.3,1162.577,9,0.9,582.2963,53.28,23400000.0,121,F121:9576,F120180713_KP_THP1_BB72_P10new.raw,2,2.0,Q9UNM6|PSD13_HUMAN,,,PEAKS DB,2,FISEFEHRV,False,,,N
QLREEVLSL,1.179,WB,,3342,QLREEVLSL,12.99,1085.608,9,1.2,543.812,57.36,,3,F3:10857,F120180713_KP_THP1_w632_P3.raw,1,,Q14746|COG2_HUMAN,,,PEAKS DB,2,QLREEVLSL,False,296000.0,1.0,N
MMIPSQISY,1.179,WB,,3069,MMIPSQISY,13.83,1084.4933,9,2.1,543.2551,66.52,,10,F10:18094,F120180713_KP_THP1_w632_P9.raw,1,,Q04637|IF4G1_HUMAN,Oxidation (M),M2:Oxidation (M):0.00,PEAKS DB,2,MM(+15.99)IPSQISY,False,569000.0,1.0,N
ILNPEVVTV,1.181,WB,,146,ILNPEVVTV,17.82,982.5699,9,1.1,492.2928,70.88,27700000.0,28,F28:18193,F120180713_KP_THP1_BB72_P1.raw,2,2.0,,,,PEAKS DB,2,ILNPEVVTV,False,,,N
YPVPDVSTY,1.181,WB,,3005,YPVPDVSTY,34.05,1039.4862,9,1.0,1040.4945,67.69,,10,F10:18468,F120180713_KP_THP1_w632_P9.raw,2,,P98175|RBM10_HUMAN,,,PEAKS DB,1,YPVPDVSTY,False,132000000.0,2.0,N
SLISINNKL,1.182,WB,,2027,SLISINNKL,24.26,1000.5917,9,1.5,501.3039,53.14,1160000.0,28,F28:11489,F120180713_KP_THP1_BB72_P1.raw,1,1.0,P42345|MTOR_HUMAN,,,PEAKS DB,2,SLISINNKL,False,,,N
KLSEFDVEM,1.183,WB,,2233,KLSEFDVEM,25.53,1112.506,9,0.4,557.2605,45.07,8690000.0,28,F28:8430,F120180713_KP_THP1_BB72_P1.raw,1,1.0,P52888|THOP1_HUMAN,Oxidation (M),M9:Oxidation (M):1000.00,PEAKS DB,2,KLSEFDVEM(+15.99),False,,,N
SLLNYQSAL,1.183,WB,,3431,SLLNYQSAL,19.93,1007.5287,9,0.7,1008.5367,74.99,4050000.0,29,F29:18041,F120180713_KP_THP1_BB72_P2.raw,2,2.0,Q86Z02|HIPK1_HUMAN,,,PEAKS DB,1,SLLNYQSAL,False,,,N
RLLSTSPAL,1.183,WB,,4495,RLLSTSPAL,24.68,956.5654,9,1.0,479.2905,62.21,1460000.0,121,F121:13145,F120180713_KP_THP1_BB72_P10new.raw,1,1.0,Q9UBB6|NCDN_HUMAN,,,PEAKS DB,2,RLLSTSPAL,False,,,N
FLEEEVYPL,1.183,WB,,484,FLEEEVYPL,17.05,1137.5593,9,0.7,569.7874,96.61,516000.0,31,F31:18841,F120180713_KP_THP1_BB72_P4.raw,1,1.0,,,,PEAKS DB,2,FLEEEVYPL,False,,,N
AAAHSRGLAF,1.184,WB,,5627,AAAHSRGLAF,18.86,999.525,10,1.4,500.7704,27.84,,10,F10:3731,F120180713_KP_THP1_w632_P9.raw,1,,Q96SC8|DMTA2_HUMAN,,,PEAKS DB,2,AAAHSRGLAF,False,213000.0,1.0,N
ILAPVVKEI,1.185,WB,,2086,ILAPVVKEI,25.5,980.627,9,0.9,491.3212,55.38,10500000.0,28,F28:12378,F120180713_KP_THP1_BB72_P1.raw,1,1.0,P46940|IQGA1_HUMAN,,,PEAKS DB,2,ILAPVVKEI,True,,,N
VMFKTPVSI,1.187,WB,,2775,VMFKTPVSI,32.91,1036.5627,9,0.9,519.2891,56.43,2250000.0,29,F29:11083,F120180713_KP_THP1_BB72_P2.raw,1,1.0,Q14204|DYHC1_HUMAN,Oxidation (M),M2:Oxidation (M):1000.00,PEAKS DB,2,VM(+15.99)FKTPVSI,False,,,N
KVQEQIFNL,1.187,WB,,545,KVQEQIFNL,18.18,1117.6132,9,1.0,559.8144,90.97,16100000.0,31,F31:16737,F120180713_KP_THP1_BB72_P4.raw,1,1.0,,,,PEAKS DB,2,KVQEQIFNL,False,,,N
RVGDHVVSV,1.188,WB,,2493,RVGDHVVSV,22.24,966.5247,9,0.1,484.2697,46.71,638000.0,44,F44:8315,F120180713_KP_THP1_BB72_P7.raw,1,1.0,P98161|PKD1_HUMAN,,,PEAKS DB,2,RVGDHVVSV,False,,,N
ALLPQNHKL,1.188,WB,,871,ALLPQNHKL,19.2,1032.608,9,0.9,517.3118,48.86,1070000.0,122,F122:6811,F120180713_KP_THP1_BB72_P8.raw,1,1.0,,,,PEAKS DB,2,ALLPQNHKL,False,,,N
ASATTAPSI,1.189,WB,,3184,ASATTAPSI,13.02,897.3845,9,0.4,898.3921,55.91,,5,F5:12817,F120180713_KP_THP1_w632_P5.raw,1,,Q13233|M3K1_HUMAN,Phosphorylation (STY),S8:Phosphorylation (STY):29.32,PEAKS DB,1,ASATTAPS(+79.97)I,False,43400000.0,1.0,N
TLDEVTVTI,1.189,WB,,307,TLDEVTVTI,16.13,989.5281,9,1.5,495.7721,75.41,687000.0,28,F28:19997,F120180713_KP_THP1_BB72_P1.raw,1,1.0,,,,PEAKS DB,2,TLDEVTVTI,False,,,N
NAKDVAVSY,1.190,WB,,2779,NAKDVAVSY,29.33,965.4818,9,0.0,483.7482,30.48,,6,F6:6733,F120180713_KP_THP1_w632_P6.raw,2,,P50226|ST1A2_HUMAN:P50225|ST1A1_HUMAN,,,PEAKS DB,2,NAKDVAVSY,False,4050000.0,2.0,N
GLLPDVPSL,1.191,WB,,291,GLLPDVPSL,17.31,909.5171,9,0.2,910.5245,101.21,147000000.0,43,F43:20802,F120180713_KP_THP1_BB72_P6.raw,1,1.0,,,,PEAKS DB,1,GLLPDVPSL,False,,,N
SVLGSLSSV,1.194,WB,,321,SVLGSLSSV,18.95,847.4651,9,1.2,848.4734,70.65,39200000.0,28,F28:18106,F120180713_KP_THP1_BB72_P1.raw,1,1.0,,,,PEAKS DB,1,SVLGSLSSV,False,,,N
RLLEQKVEL,1.194,WB,,4185,RLLEQKVEL,24.4,1126.671,9,1.2,564.3434,57.71,85900000.0,121,F121:11354,F120180713_KP_THP1_BB72_P10new.raw,1,1.0,Q9H307|PININ_HUMAN,,,PEAKS DB,2,RLLEQKVEL,False,,,N
FMATIAEGL,1.195,WB,,3005,FMATIAEGL,22.27,967.4684,9,0.4,484.7417,95.91,684000.0,30,F30:16117,F120180713_KP_THP1_BB72_P3.raw,1,1.0,Q49A26|GLYR1_HUMAN,Oxidation (M),M2:Oxidation (M):1000.00,PEAKS DB,2,FM(+15.99)ATIAEGL,False,,,N
SQYQGVVVY,1.196,WB,,5021,SQYQGVVVY,21.56,1041.5131,9,1.3,521.7645,58.88,,10,F10:15103,F120180713_KP_THP1_w632_P9.raw,3,,Q9Y221|NIP7_HUMAN,,,PEAKS DB,2,SQYQGVVVY,False,32200000.0,3.0,N
FHDPPSVF,1.196,WB,,610,FHDPPSVF,22.89,944.4392,8,1.9,473.2278,51.84,,8,F8:10690,F120180713_KP_THP1_w632_P10.raw,2,,P27544|CERS1_HUMAN,,,PEAKS DB,2,FHDPPSVF,False,1890000.0,2.0,N
WVDETLSSV,1.198,WB,,1347,WVDETLSSV,27.72,1034.4921,9,0.8,518.2537,74.79,21200000.0,121,F121:18175,F120180713_KP_THP1_BB72_P10new.raw,2,2.0,O95071|UBR5_HUMAN,,,PEAKS DB,2,WVDETLSSV,False,,,N
KLLEPVLLL,1.199,WB,,2357,KLLEPVLLL,19.92,1036.6896,9,0.9,1037.6978,82.26,187000000.0,29,F29:20927,F120180713_KP_THP1_BB72_P2.raw,3,3.0,P62249|RS16_HUMAN,,,PEAKS DB,1,KLLEPVLLL,False,,,N
TAIDDMEAY,1.201,WB,,5073,TAIDDMEAY,30.51,1043.4117,9,0.6,522.7134,45.43,,6,F6:12093,F120180713_KP_THP1_w632_P6.raw,4,,Q9Y3Z3|SAMH1_HUMAN,Oxidation (M),M6:Oxidation (M):1000.00,PEAKS DB,2,TAIDDM(+15.99)EAY,False,63300000.0,4.0,N
HAAALVAEY,1.201,WB,,4021,HAAALVAEY,35.34,943.4763,9,1.3,472.7461,38.66,,9,F9:7745,F120180713_KP_THP1_w632_P8.raw,2,,Q8NF50|DOCK8_HUMAN,,,PEAKS DB,2,HAAALVAEY,False,667000.0,2.0,N
RLNKVISEL,1.204,WB,,245,RLNKVISEL,19.08,1070.6448,9,1.2,536.3303,59.47,5970000.0,121,F121:12048,F120180713_KP_THP1_BB72_P10new.raw,1,1.0,,,,PEAKS DB,2,RLNKVISEL,False,,,N
HLDATKLLL,1.204,WB,,3794,HLDATKLLL,26.97,1022.6124,9,0.7,512.3138,55.18,9990000.0,29,F29:10647,F120180713_KP_THP1_BB72_P2.raw,1,1.0,Q96AE7|TTC17_HUMAN,,,PEAKS DB,2,HLDATKLLL,False,,,N
LLHDQIEKL,1.205,WB,,2383,LLHDQIEKL,21.53,1107.6288,9,2.7,554.8232,37.72,,10,F10:6919,F120180713_KP_THP1_w632_P9.raw,1,,P12270|TPR_HUMAN,,,PEAKS DB,2,LLHDQIEKL,False,385000.0,1.0,N
SLHEFLVNL,1.206,WB,,3703,SLHEFLVNL,20.29,1070.576,9,0.0,536.2953,75.82,,9,F9:19900,F120180713_KP_THP1_w632_P8.raw,1,,Q6UW02|CP20A_HUMAN,,,PEAKS DB,2,SLHEFLVNL,False,1590000.0,1.0,N
AAAAAQSVY,1.208,WB,,2286,AAAAAQSVY,21.91,850.4185,9,-0.2,851.4256,33.45,,5,F5:7540,F120180713_KP_THP1_w632_P5.raw,1,,P07203|GPX1_HUMAN,,,PEAKS DB,1,AAAAAQSVY,False,3020000.0,1.0,N
KLMDHIYAV,1.208,WB,,4648,KLMDHIYAV,31.06,1088.5688,9,1.8,545.2927,63.42,26300000.0,121,F121:13632,F120180713_KP_THP1_BB72_P10new.raw,1,1.0,Q9UP83|COG5_HUMAN,,,PEAKS DB,2,KLMDHIYAV,False,,,N
SLSQVFLHL,1.210,WB,,4338,SLSQVFLHL,25.42,1042.5811,9,1.0,522.2983,90.34,8260000.0,121,F121:24092,F120180713_KP_THP1_BB72_P10new.raw,2,2.0,Q9NRL2|BAZ1A_HUMAN,,,PEAKS DB,2,SLSQVFLHL,False,,,N
ALMELFPKL,1.210,WB,,1303,ALMELFPKL,29.3,1076.594,9,0.9,539.3047,72.91,6090000.0,28,F28:19006,F120180713_KP_THP1_BB72_P1.raw,2,2.0,O75691|UTP20_HUMAN,Oxidation (M),M3:Oxidation (M):1000.00,PEAKS DB,2,ALM(+15.99)ELFPKL,False,,,N
ALHSVEVEL,1.211,WB,,3421,ALHSVEVEL,23.34,995.5287,9,1.3,498.7723,60.24,1520000.0,121,F121:12356,F120180713_KP_THP1_BB72_P10new.raw,1,1.0,Q86XP1|DGKH_HUMAN,,,PEAKS DB,2,ALHSVEVEL,False,,,N
LLAEAKYYL,1.211,WB,,4189,LLAEAKYYL,29.82,1082.6012,9,1.6,542.3087,60.83,3290000.0,29,F29:12775,F120180713_KP_THP1_BB72_P2.raw,1,1.0,Q9H3F6|BACD3_HUMAN,,,PEAKS DB,2,LLAEAKYYL,False,,,N
YGGGYGGQSSM,1.212,WB,,5827,YGGGYGGQSSM,22.09,1078.4026,11,0.2,540.2087,27.44,,5,F5:5652,F120180713_KP_THP1_w632_P5.raw,1,,P55795|HNRH2_HUMAN:P31943|HNRH1_HUMAN,Oxidation (M),M11:Oxidation (M):1000.00,PEAKS DB,2,YGGGYGGQSSM(+15.99),False,2670000.0,1.0,N
WLLQKNPQL,1.216,WB,,2581,WLLQKNPQL,19.7,1138.6499,9,0.4,570.3325,58.59,676000.0,29,F29:11897,F120180713_KP_THP1_BB72_P2.raw,1,1.0,Q07864|DPOE1_HUMAN,,,PEAKS DB,2,WLLQKNPQL,False,,,N
FGRPVIVAY,1.216,WB,,2244,FGRPVIVAY,26.49,1020.5756,9,0.6,511.2954,53.63,,1,F1:11054,F120180713_KP_THP1_w632_P1.raw,1,,P04843|RPN1_HUMAN,,,PEAKS DB,2,FGRPVIVAY,False,14900000.0,1.0,N
LAERNAAL,1.216,WB,,375,LAERNAAL,15.83,856.4766,8,0.6,857.4844,28.3,,6,F6:5872,F120180713_KP_THP1_w632_P6.raw,1,,,,,PEAKS DB,1,LAERNAAL,False,1370000.0,1.0,N
AAPRPRLL,1.216,WB,,418,AAPRPRLL,14.6,892.5606,8,1.1,447.2881,33.81,,10,F10:5469,F120180713_KP_THP1_w632_P9.raw,1,,,,,PEAKS DB,2,AAPRPRLL,False,2710000.0,1.0,N
NAKEERVLF,1.218,WB,,3943,NAKEERVLF,29.9,1104.5928,9,1.2,553.3043,32.86,,8,F8:4323,F120180713_KP_THP1_w632_P10.raw,1,,Q8N122|RPTOR_HUMAN,,,PEAKS DB,2,NAKEERVLF,False,4850000.0,1.0,N
FVDYQTTMV,1.219,WB,,4762,FVDYQTTMV,18.93,1118.4954,9,1.1,560.2556,59.48,1010000.0,121,F121:12053,F120180713_KP_THP1_BB72_P10new.raw,1,1.0,Q9Y490|TLN1_HUMAN,Oxidation (M),M8:Oxidation (M):1000.00,PEAKS DB,2,FVDYQTTM(+15.99)V,False,,,N
GLNEHNHHL,1.219,WB,,2673,GLNEHNHHL,35.18,1069.5054,9,0.7,535.7603,38.31,3410000.0,32,F32:6908,F120180713_KP_THP1_BB72_P5.raw,1,1.0,Q13363|CTBP1_HUMAN,,,PEAKS DB,2,GLNEHNHHL,False,,,N
GLYDMHIQL,1.221,WB,,2209,GLYDMHIQL,28.66,1104.5273,9,0.9,553.2714,73.81,5080000.0,32,F32:14763,F120180713_KP_THP1_BB72_P5.raw,2,2.0,P51798|CLCN7_HUMAN,Oxidation (M),M5:Oxidation (M):1000.00,PEAKS DB,2,GLYDM(+15.99)HIQL,False,,,N
FLDAAVQAV,1.222,WB,,4423,FLDAAVQAV,23.81,932.4967,9,0.7,467.256,75.96,1950000.0,121,F121:18640,F120180713_KP_THP1_BB72_P10new.raw,2,2.0,Q9NXH9|TRM1_HUMAN,,,PEAKS DB,2,FLDAAVQAV,False,,,N
YMIDPSGVSY,1.223,WB,,5375,YMIDPSGVSY,32.91,1146.4904,10,2.0,1147.4999,65.14,,8,F8:15443,F120180713_KP_THP1_w632_P10.raw,8,,P25788|PSA3_HUMAN,Oxidation (M),M2:Oxidation (M):1000.00,PEAKS DB,1,YM(+15.99)IDPSGVSY,False,790000000.0,8.0,N
YPHDRPTLY,1.224,WB,,1646,YPHDRPTLY,13.22,1160.5614,9,2.4,581.2894,32.44,,9,F9:5612,F120180713_KP_THP1_w632_P8.raw,1,,,,,PEAKS DB,2,YPHDRPTLY,False,602000.0,1.0,N
YLDPAQRGV,1.224,WB,,3942,YLDPAQRGV,30.33,1017.5243,9,-0.1,509.7693,45.09,44000000.0,44,F44:7682,F120180713_KP_THP1_BB72_P7.raw,1,1.0,Q96S19|CP013_HUMAN,,,PEAKS DB,2,YLDPAQRGV,False,,,N
FPKSITVFF,1.224,WB,,2856,FPKSITVFF,12.68,1084.5957,9,0.5,543.3054,81.78,,1,F1:21410,F120180713_KP_THP1_w632_P1.raw,1,,P53985|MOT1_HUMAN,,,PEAKS DB,2,FPKSITVFF,False,662000.0,1.0,N
LPADIQAQF,1.225,WB,,5122,LPADIQAQF,26.96,1001.5182,9,1.4,501.7671,71.7,,8,F8:18045,F120180713_KP_THP1_w632_P10.raw,2,,Q9Y5X2|SNX8_HUMAN,,,PEAKS DB,2,LPADIQAQF,False,4380000.0,2.0,N
ALTSVVVTL,1.225,WB,,728,ALTSVVVTL,19.6,901.5484,9,1.1,902.5566,91.5,7960000.0,31,F31:16904,F120180713_KP_THP1_BB72_P4.raw,1,1.0,,,,PEAKS DB,1,ALTSVVVTL,False,,,N
ANPHELSL,1.225,WB,,800,ANPHELSL,20.62,879.445,8,0.7,880.4529,46.06,,8,F8:8431,F120180713_KP_THP1_w632_P10.raw,1,,Q5TDH0|DDI2_HUMAN,,,PEAKS DB,1,ANPHELSL,False,486000.0,1.0,N
SLLDVAVHM,1.228,WB,,1410,SLLDVAVHM,28.83,999.5059,9,1.4,500.761,66.86,5250000.0,121,F121:15008,F120180713_KP_THP1_BB72_P10new.raw,2,2.0,O96006|ZBED1_HUMAN,Oxidation (M),M9:Oxidation (M):1000.00,PEAKS DB,2,SLLDVAVHM(+15.99),False,,,N
LLSEVLAHL,1.229,WB,,3064,LLSEVLAHL,17.22,993.5859,9,0.5,497.8004,90.52,497000.0,121,F121:24158,F120180713_KP_THP1_BB72_P10new.raw,1,1.0,Q5JWR5|DOP1_HUMAN,,,PEAKS DB,2,LLSEVLAHL,False,,,N
IIDQHTFEV,1.229,WB,,2951,IIDQHTFEV,30.43,1100.5502,9,0.8,551.2828,61.34,0.0,121,F121:12796,F120180713_KP_THP1_BB72_P10new.raw,0,0.0,Q16531|DDB1_HUMAN,,,PEAKS DB,2,IIDQHTFEV,False,,,N
FTSSEPAKV,1.234,WB,,334,FTSSEPAKV,17.36,964.4865,9,0.4,483.2507,34.17,305000.0,32,F32:5469,F120180713_KP_THP1_BB72_P5.raw,1,1.0,,,,PEAKS DB,2,FTSSEPAKV,False,,,N
KVSGVILSV,1.237,WB,,2210,KVSGVILSV,18.12,900.5644,9,1.1,451.2899,50.84,2890000.0,28,F28:10610,F120180713_KP_THP1_BB72_P1.raw,1,1.0,P51798|CLCN7_HUMAN,,,PEAKS DB,2,KVSGVILSV,False,,,N
TMAAIHESF,1.237,WB,,3091,TMAAIHESF,20.0,1005.459,9,0.4,503.737,43.56,,10,F10:9201,F120180713_KP_THP1_w632_P9.raw,1,,Q05084|ICA69_HUMAN,,,PEAKS DB,2,TMAAIHESF,False,3410000.0,1.0,N
TLGDAHIYL,1.237,WB,,1482,TLGDAHIYL,28.11,1001.5182,9,1.1,501.7669,59.84,6670000.0,29,F29:12395,F120180713_KP_THP1_BB72_P2.raw,1,1.0,P04818|TYSY_HUMAN,,,PEAKS DB,2,TLGDAHIYL,False,,,N
MLFEERNHF,1.237,WB,,1160,MLFEERNHF,17.35,1237.5549,9,0.5,619.785,39.1,,1,F1:5828,F120180713_KP_THP1_w632_P1.raw,1,,,Oxidation (M),M1:Oxidation (M):1000.00,PEAKS DB,2,M(+15.99)LFEERNHF,False,565000.0,1.0,N
FPALPGSSY,1.237,WB,,4839,FPALPGSSY,29.04,937.4545,9,0.7,938.4624,73.3,,1,F1:18436,F120180713_KP_THP1_w632_P1.raw,2,,Q9NZN8|CNOT2_HUMAN,,,PEAKS DB,1,FPALPGSSY,False,141000000.0,2.0,N
NMYGKVVTV,1.239,WB,,953,NMYGKVVTV,32.02,1025.5216,9,0.5,513.7683,46.49,6890000.0,44,F44:8229,F120180713_KP_THP1_BB72_P7.raw,2,2.0,O00267|SPT5H_HUMAN,Oxidation (M),M2:Oxidation (M):1000.00,PEAKS DB,2,NM(+15.99)YGKVVTV,False,,,N
VLADVSYLM,1.240,WB,,1837,VLADVSYLM,23.8,1025.5104,9,0.5,1026.5182,78.01,4740000.0,31,F31:13367,F120180713_KP_THP1_BB72_P4.raw,1,1.0,P25098|ARBK1_HUMAN,Oxidation (M),M9:Oxidation (M):1000.00,PEAKS DB,1,VLADVSYLM(+15.99),False,,,N
SPFQPHVPY,1.240,WB,,1709,SPFQPHVPY,19.8,1070.5186,9,0.9,536.2669999999998,50.59,,8,F8:10197,F120180713_KP_THP1_w632_P10.raw,1,,,,,PEAKS DB,2,SPFQPHVPY,False,3230000.0,1.0,N
YQVGQLYSV,1.240,WB,,2497,YQVGQLYSV,27.31,1055.5287,9,1.0,528.7722,74.16,9690000.0,121,F121:17921,F120180713_KP_THP1_BB72_P10new.raw,1,1.0,Q00169|PIPNA_HUMAN:P48739|PIPNB_HUMAN,,,PEAKS DB,2,YQVGQLYSV,False,,,N
YLAPFLRNV,1.241,WB,,14,YLAPFLRNV,15.4,1091.6127,9,0.1,546.8137,87.93,501000.0,32,F32:17824,F120180713_KP_THP1_BB72_P5.raw,1,1.0,A5YKK6|CNOT1_HUMAN,,,PEAKS DB,2,YLAPFLRNV,False,,,N
VLMSLVIEM,1.243,WB,,4031,VLMSLVIEM,21.69,1065.545,9,1.0,533.7803,75.46,37500000.0,32,F32:15142,F120180713_KP_THP1_BB72_P5.raw,7,7.0,Q99967|CITE2_HUMAN,Oxidation (M),M3:Oxidation (M):1000.00;M9:Oxidation (M):1000.00,PEAKS DB,2,VLM(+15.99)SLVIEM(+15.99),False,,,N
SLDAPHSTY,1.244,WB,,3438,SLDAPHSTY,19.28,989.4454,9,0.9,495.7304,30.98,,6,F6:6932,F120180713_KP_THP1_w632_P6.raw,1,,Q15833|STXB2_HUMAN,,,PEAKS DB,2,SLDAPHSTY,False,216000.0,1.0,N
YPQEDYESF,1.245,WB,,3794,YPQEDYESF,18.81,1176.4611,9,0.4,589.238,62.26,,10,F10:16447,F120180713_KP_THP1_w632_P9.raw,1,,Q7Z401|MYCPP_HUMAN,,,PEAKS DB,2,YPQEDYESF,False,1160000.0,1.0,N
AALPAELQREL,1.247,WB,,5911,AALPAELQREL,22.79,1209.6716,11,1.1,605.8438,60.87,,3,F3:12110,F120180713_KP_THP1_w632_P3.raw,1,,Q9UBZ9|REV1_HUMAN,,,PEAKS DB,2,AALPAELQREL,False,609000.0,1.0,N
KLLPQLTYL,1.247,WB,,4191,KLLPQLTYL,27.03,1087.6641,9,-0.2,544.8392,71.99,,6,F6:17563,F120180713_KP_THP1_w632_P6.raw,1,,Q92688|AN32B_HUMAN,,,PEAKS DB,2,KLLPQLTYL,False,1500000.0,1.0,N
SQIEADFRL,1.248,WB,,1649,SQIEADFRL,22.63,1077.5454,9,0.4,539.7802,60.38,14600000.0,29,F29:12599,F120180713_KP_THP1_BB72_P2.raw,2,2.0,P11387|TOP1_HUMAN,,,PEAKS DB,2,SQIEADFRL,False,,,N
QLIKHAVYL,1.251,WB,,3727,QLIKHAVYL,23.31,1083.644,9,1.6,542.8301,58.0,5370000.0,121,F121:11472,F120180713_KP_THP1_BB72_P10new.raw,1,1.0,Q92624|APBP2_HUMAN,,,PEAKS DB,2,QLIKHAVYL,False,,,N
ALSEELVQL,1.251,WB,,1920,ALSEELVQL,20.44,1000.5441,9,-0.3,1001.5511,107.07,9130000.0,30,F30:20362,F120180713_KP_THP1_BB72_P3.raw,2,2.0,P33176|KINH_HUMAN,,,PEAKS DB,1,ALSEELVQL,False,,,N
HINDSAPEV,1.254,WB,,2730,HINDSAPEV,25.11,980.4563,9,0.0,981.4636,40.06,926000.0,43,F43:6448,F120180713_KP_THP1_BB72_P6.raw,1,1.0,Q14008|CKAP5_HUMAN,,,PEAKS DB,1,HINDSAPEV,False,,,N
VMFKEPVEV,1.256,WB,,4104,VMFKEPVEV,26.8,1092.5525,9,1.5,547.2844,56.96,2500000.0,121,F121:11052,F120180713_KP_THP1_BB72_P10new.raw,1,1.0,Q9BX70|BTBD2_HUMAN,Oxidation (M),M2:Oxidation (M):1000.00,PEAKS DB,2,VM(+15.99)FKEPVEV,False,,,N
SILEHQIQV,1.256,WB,,1930,SILEHQIQV,30.24,1065.5818,9,1.0,1066.5901,61.9,216000000.0,121,F121:13020,F120180713_KP_THP1_BB72_P10new.raw,2,2.0,P33991|MCM4_HUMAN,,,PEAKS DB,1,SILEHQIQV,False,,,N
ALSSVIKEL,1.257,WB,,2592,ALSSVIKEL,20.7,958.5699,9,0.7,480.2926,109.58,3110000.0,30,F30:21368,F120180713_KP_THP1_BB72_P3.raw,1,1.0,Q08AG7|MZT1_HUMAN,,,PEAKS DB,2,ALSSVIKEL,False,,,N
MPYLEHESF,1.257,WB,,966,MPYLEHESF,14.93,1167.4906,9,1.5,584.7535,45.2,407000.0,28,F28:8482,F120180713_KP_THP1_BB72_P1.raw,1,1.0,O00311|CDC7_HUMAN,Oxidation (M),M1:Oxidation (M):1000.00,PEAKS DB,2,M(+15.99)PYLEHESF,False,,,N
QLLDFERTL,1.259,WB,,2966,QLLDFERTL,24.74,1133.608,9,0.7,567.8117,91.8,10600000.0,31,F31:17013,F120180713_KP_THP1_BB72_P4.raw,1,1.0,Q16829|DUS7_HUMAN:Q16828|DUS6_HUMAN,,,PEAKS DB,2,QLLDFERTL,False,,,N
RILDESHSI,1.260,WB,,4282,RILDESHSI,25.27,1068.5564,9,-0.3,535.2853,53.1,3910000.0,44,F44:10736,F120180713_KP_THP1_BB72_P7.raw,1,1.0,Q9HCK8|CHD8_HUMAN,,,PEAKS DB,2,RILDESHSI,False,,,N
FLDKNNDLL,1.261,WB,,922,FLDKNNDLL,21.52,1090.5658,9,0.6,546.2905,57.42,2570000.0,28,F28:13177,F120180713_KP_THP1_BB72_P1.raw,1,1.0,O00159|MYO1C_HUMAN,,,PEAKS DB,2,FLDKNNDLL,True,,,N
YPEPYPLVY,1.264,WB,,4844,YPEPYPLVY,14.53,1139.5538,9,0.0,570.7842,83.13,,3,F3:19895,F120180713_KP_THP1_w632_P3.raw,1,,Q9P1Z0|ZBTB4_HUMAN,,,PEAKS DB,2,YPEPYPLVY,False,144000.0,1.0,N
KQYGNEVFL,1.265,WB,,2192,KQYGNEVFL,29.78,1096.5553,9,1.2,549.2856,48.77,46200000.0,28,F28:9832,F120180713_KP_THP1_BB72_P1.raw,2,2.0,P50990|TCPQ_HUMAN,,,PEAKS DB,2,KQYGNEVFL,False,,,N
YVAHERLSY,1.265,WB,,4109,YVAHERLSY,23.24,1136.5614,9,-0.1,569.2879,28.57,,7,F7:4963,F120180713_KP_THP1_w632_P7.raw,1,,Q8WVJ9|TWST2_HUMAN:Q15672|TWST1_HUMAN,,,PEAKS DB,2,YVAHERLSY,False,9140000.0,1.0,N
SLADLNSRL,1.266,WB,,3117,SLADLNSRL,25.27,987.5349,9,1.4,494.7754,59.41,4920000.0,121,F121:12024,F120180713_KP_THP1_BB72_P10new.raw,1,1.0,Q5VT66|MARC1_HUMAN,,,PEAKS DB,2,SLADLNSRL,False,,,N
SPMPTVSSY,1.266,WB,,2658,SPMPTVSSY,30.89,983.427,9,0.1,984.4344,39.99,,7,F7:9231,F120180713_KP_THP1_w632_P7.raw,2,,P39880|CUX1_HUMAN,Oxidation (M),M3:Oxidation (M):1000.00,PEAKS DB,1,SPM(+15.99)PTVSSY,False,11300000.0,2.0,N
LLPEGPPAI,1.268,WB,,2852,LLPEGPPAI,34.24,905.5222,9,1.0,906.5303,77.05,38600000.0,121,F121:19068,F120180713_KP_THP1_BB72_P10new.raw,4,4.0,Q15011|HERP1_HUMAN,,,PEAKS DB,1,LLPEGPPAI,False,,,N
SLYDDLQVV,1.269,WB,,4311,SLYDDLQVV,22.09,1050.5233,9,0.5,1051.5311,87.93,10900000.0,29,F29:22793,F120180713_KP_THP1_BB72_P2.raw,2,2.0,Q9NQG6|MID51_HUMAN,,,PEAKS DB,1,SLYDDLQVV,False,,,N
ITTDVLYTI,1.269,WB,,1727,ITTDVLYTI,22.43,1037.5645,9,0.8,519.7899,93.31,109000000.0,31,F31:17557,F120180713_KP_THP1_BB72_P4.raw,3,3.0,P14866|HNRPL_HUMAN,,,PEAKS DB,2,ITTDVLYTI,False,,,N
FPNIGVEKF,1.269,WB,,1841,FPNIGVEKF,29.12,1049.5546,9,0.1,525.7846,63.54,,3,F3:13095,F120180713_KP_THP1_w632_P3.raw,1,,O14672|ADA10_HUMAN,,,PEAKS DB,2,FPNIGVEKF,False,830000.0,1.0,N
FLVERLLHI,1.269,WB,,4034,FLVERLLHI,15.09,1138.6863,9,0.5,570.3507,72.95,351000.0,28,F28:19021,F120180713_KP_THP1_BB72_P1.raw,1,1.0,Q9BPX3|CND3_HUMAN,,,PEAKS DB,2,FLVERLLHI,False,,,N
ILTESEIKL,1.270,WB,,3975,ILTESEIKL,26.83,1044.6067,9,2.0,523.3116,56.99,203000000.0,28,F28:13008,F120180713_KP_THP1_BB72_P1.raw,2,2.0,Q99598|TSNAX_HUMAN,,,PEAKS DB,2,ILTESEIKL,False,,,N
LAAYKGHL,1.270,WB,,538,LAAYKGHL,14.98,871.4916,8,-1.2,436.7525,55.05,768000.0,29,F29:10596,F120180713_KP_THP1_BB72_P2.raw,1,1.0,,,,PEAKS DB,2,LAAYKGHL,False,,,N
KISEVVELL,1.270,WB,,2228,KISEVVELL,21.13,1028.6117,9,0.1,515.3132,89.37,6050000.0,32,F32:18197,F120180713_KP_THP1_BB72_P5.raw,2,2.0,P52701|MSH6_HUMAN,,,PEAKS DB,2,KISEVVELL,False,,,N
MPKAEYSSL,1.271,WB,,3914,MPKAEYSSL,18.71,1040.4849,9,0.4,521.2499,31.57,,9,F9:5323,F120180713_KP_THP1_w632_P8.raw,1,,Q8IY21|DDX60_HUMAN,Oxidation (M),M1:Oxidation (M):1000.00,PEAKS DB,2,M(+15.99)PKAEYSSL,False,2310000.0,1.0,N
IASKGVKLV,1.271,WB,,1681,IASKGVKLV,23.19,913.596,9,1.5,457.806,52.78,2880000.0,121,F121:9374,F120180713_KP_THP1_BB72_P10new.raw,1,1.0,P12814|ACTN1_HUMAN,,,PEAKS DB,2,IASKGVKLV,False,,,N
MQVETRTAV,1.272,WB,,555,MQVETRTAV,15.02,1049.5176,9,-5.7,525.7631,36.03,22600000.0,44,F44:5078,F120180713_KP_THP1_BB72_P7.raw,1,1.0,,Oxidation (M),M1:Oxidation (M):1000.00,PEAKS DB,2,M(+15.99)QVETRTAV,False,,,N
ATLAITTLL,1.272,WB,,5138,ATLAITTLL,19.21,915.5641,9,0.5,916.5718,83.63,,4,F4:15021,F120180713_KP_THP1_w632_P4.raw,1,,Q9Y678|COPG1_HUMAN:Q9UBF2|COPG2_HUMAN,,,PEAKS DB,1,ATLAITTLL,False,12400000.0,1.0,N
FIRDGELQY,1.272,WB,,4981,FIRDGELQY,25.08,1139.561,9,1.6,570.7887,48.52,,10,F10:11155,F120180713_KP_THP1_w632_P9.raw,1,,Q9UNK9|ANGE1_HUMAN,,,PEAKS DB,2,FIRDGELQY,False,25400000.0,1.0,N
IPNENEAQF,1.272,WB,,3124,IPNENEAQF,27.56,1060.4825,9,0.0,531.2485,49.03,,7,F7:12319,F120180713_KP_THP1_w632_P7.raw,1,,Q10567|AP1B1_HUMAN,,,PEAKS DB,2,IPNENEAQF,False,4490000.0,1.0,N
TQKSVTVAF,1.272,WB,,2654,TQKSVTVAF,21.44,979.5338,9,1.2,490.7748,39.06,,10,F10:7439,F120180713_KP_THP1_w632_P9.raw,1,,P38935|SMBP2_HUMAN,,,PEAKS DB,2,TQKSVTVAF,False,1550000.0,1.0,N
YLMKFLARL,1.273,WB,,4734,YLMKFLARL,19.97,1169.6631,9,0.4,585.8391,74.4,373000.0,121,F121:18018,F120180713_KP_THP1_BB72_P10new.raw,1,1.0,Q9Y3L3|3BP1_HUMAN,Oxidation (M),M3:Oxidation (M):1000.00,PEAKS DB,2,YLM(+15.99)KFLARL,False,,,N
TLFPGKVHSL,1.273,WB,,4297,TLFPGKVHSL,34.17,1097.6233,10,1.3,549.8196,40.74,14300000.0,28,F28:6819,F120180713_KP_THP1_BB72_P1.raw,2,2.0,Q9NNW5|WDR6_HUMAN,,,PEAKS DB,2,TLFPGKVHSL,False,,,N
TVPPPPAAA,1.275,WB,,3487,TVPPPPAAA,17.71,819.449,9,1.0,820.4571,40.56,533000.0,31,F31:6260,F120180713_KP_THP1_BB72_P4.raw,2,2.0,Q8IY37|DHX37_HUMAN,,,PEAKS DB,1,TVPPPPAAA,False,,,N
TIVDKVKEV,1.276,WB,,3811,TIVDKVKEV,26.05,1029.6069,9,0.0,515.8107,49.53,1110000.0,44,F44:9395,F120180713_KP_THP1_BB72_P7.raw,1,1.0,Q96CD2|COAC_HUMAN,,,PEAKS DB,2,TIVDKVKEV,False,,,N
NGLPRLSPL,1.277,WB,,1133,NGLPRLSPL,16.05,965.5658,9,0.7,483.7905,53.46,,1,F1:10987,F120180713_KP_THP1_w632_P1.raw,1,,,,,PEAKS DB,2,NGLPRLSPL,False,417000.0,1.0,N
VLYDWKERL,1.279,WB,,3355,VLYDWKERL,28.41,1220.6553,9,1.8,407.8931,51.56,236000.0,28,F28:10881,F120180713_KP_THP1_BB72_P1.raw,1,1.0,Q7Z401|MYCPP_HUMAN,,,PEAKS DB,3,VLYDWKERL,False,,,N
NGYPRPNVY,1.281,WB,,2063,NGYPRPNVY,28.94,1078.5195,9,0.0,540.2669999999998,36.24,,7,F7:7831,F120180713_KP_THP1_w632_P7.raw,1,,O75144|ICOSL_HUMAN,,,PEAKS DB,2,NGYPRPNVY,False,1900000.0,1.0,N
VVDAVVTQV,1.282,WB,,2380,VVDAVVTQV,18.73,928.5229,9,2.2,929.5322,65.63,6900000.0,123,F123:10006,F120180713_KP_THP1_BB72_P9new.raw,3,3.0,P62487|RPB7_HUMAN,,,PEAKS DB,1,VVDAVVTQV,False,,,N
YPFAHPAIY,1.283,WB,,4083,YPFAHPAIY,31.98,1077.5283,9,1.1,539.7719999999998,56.13,,1,F1:12006,F120180713_KP_THP1_w632_P1.raw,1,,Q8TEV9|SMCR8_HUMAN,,,PEAKS DB,2,YPFAHPAIY,False,19600000.0,1.0,N
AIQDHLLEV,1.283,WB,,1672,AIQDHLLEV,22.47,1036.5553,9,0.8,519.2853,59.2,1620000.0,28,F28:13874,F120180713_KP_THP1_BB72_P1.raw,1,1.0,P12270|TPR_HUMAN,,,PEAKS DB,2,AIQDHLLEV,False,,,N
RSHEGETAY,1.283,WB,,3109,RSHEGETAY,27.72,1048.4574,9,0.3,525.2361,19.36,,4,F4:2507,F120180713_KP_THP1_w632_P4.raw,1,,Q07955|SRSF1_HUMAN,,,PEAKS DB,2,RSHEGETAY,False,1290000.0,1.0,N
SAQKSLSEY,1.284,WB,,1710,SAQKSLSEY,14.77,1011.4872,9,0.1,506.7509,26.91,,6,F6:5334,F120180713_KP_THP1_w632_P6.raw,1,,,,,PEAKS DB,2,SAQKSLSEY,False,497000.0,1.0,N
WVDPEDPTV,1.285,WB,,4767,WVDPEDPTV,15.59,1056.4763,9,-1.4,529.2447,74.61,930000.0,121,F121:18101,F120180713_KP_THP1_BB72_P10new.raw,1,1.0,Q9Y490|TLN1_HUMAN:Q9Y4G6|TLN2_HUMAN,,,PEAKS DB,2,WVDPEDPTV,False,,,N
FIINGIEKV,1.285,WB,,4248,FIINGIEKV,24.06,1031.6014,9,0.3,516.8082,60.94,5060000.0,29,F29:12819,F120180713_KP_THP1_BB72_P2.raw,1,1.0,Q9H9Y6|RPA2_HUMAN,,,PEAKS DB,2,FIINGIEKV,False,,,N
SLSDTVEKL,1.286,WB,,2770,SLSDTVEKL,15.52,990.5233,9,0.3,496.2691,84.15,282000.0,123,F123:14834,F120180713_KP_THP1_BB72_P9new.raw,1,1.0,Q14203|DCTN1_HUMAN,,,PEAKS DB,2,SLSDTVEKL,False,,,N
YTLEKVNEA,1.286,WB,,1194,YTLEKVNEA,24.35,1065.5342,9,0.3,533.7745,42.31,18600000.0,43,F43:7220,F120180713_KP_THP1_BB72_P6.raw,1,1.0,O60315|ZEB2_HUMAN,,,PEAKS DB,2,YTLEKVNEA,False,,,N
SSKTGIPL,1.287,WB,,409,SSKTGIPL,15.2,801.4596,8,0.9,401.7374,34.95,,9,F9:6382,F120180713_KP_THP1_w632_P8.raw,1,,,,,PEAKS DB,2,SSKTGIPL,False,5610000.0,1.0,N
SLDTALAEL,1.288,WB,,4733,SLDTALAEL,22.65,931.4862,9,1.6,932.4949,93.11,3310000.0,31,F31:17480,F120180713_KP_THP1_BB72_P4.raw,1,1.0,Q9Y3L3|3BP1_HUMAN,,,PEAKS DB,1,SLDTALAEL,False,,,N
AVIKRLISV,1.289,WB,,4747,AVIKRLISV,26.41,997.6648,9,0.6,499.84,39.4,1160000.0,28,F28:6375,F120180713_KP_THP1_BB72_P1.raw,1,1.0,Q9Y450|HBS1L_HUMAN,,,PEAKS DB,2,AVIKRLISV,False,,,N
ESFVGPTL,1.289,WB,,872,ESFVGPTL,21.65,848.428,8,1.8,849.4368,70.22,,8,F8:17456,F120180713_KP_THP1_w632_P10.raw,1,,Q8N302|AGGF1_HUMAN,,,PEAKS DB,1,ESFVGPTL,False,839000.0,1.0,N
VMTLVSTYL,1.291,WB,,4642,VMTLVSTYL,24.31,1041.5416,9,0.6,521.7784,85.78,53700000.0,43,F43:16908,F120180713_KP_THP1_BB72_P6.raw,3,3.0,Q9UNL2|SSRG_HUMAN,Oxidation (M),M2:Oxidation (M):1000.00,PEAKS DB,2,VM(+15.99)TLVSTYL,False,,,N
YPSAISTTY,1.294,WB,,3100,YPSAISTTY,26.9,1001.4706,9,1.9,1002.4798,55.48,,9,F9:14249,F120180713_KP_THP1_w632_P8.raw,3,,Q06413|MEF2C_HUMAN,,,PEAKS DB,1,YPSAISTTY,False,1010000000.0,3.0,N
YVKQEHAAY,1.295,WB,,2593,YVKQEHAAY,34.64,1107.5349,9,0.6,554.7751,20.55,,5,F5:3035,F120180713_KP_THP1_w632_P5.raw,1,,P32019|I5P2_HUMAN,,,PEAKS DB,2,YVKQEHAAY,False,2130000.0,1.0,N
RLLEVPVML,1.296,WB,,3793,RLLEVPVML,27.21,1084.6315,9,0.8,543.3234,103.31,2730000.0,31,F31:21060,F120180713_KP_THP1_BB72_P4.raw,4,4.0,Q96AB3|ISOC2_HUMAN,Oxidation (M),M8:Oxidation (M):1000.00,PEAKS DB,2,RLLEVPVM(+15.99)L,False,,,N
QLLTGSPEL,1.296,WB,,3808,QLLTGSPEL,18.43,956.5178,9,1.1,957.5261,73.56,6310000.0,121,F121:17682,F120180713_KP_THP1_BB72_P10new.raw,1,1.0,Q96C86|DCPS_HUMAN,,,PEAKS DB,1,QLLTGSPEL,False,,,N
LSPGLTPEI,1.298,WB,,1182,LSPGLTPEI,14.09,925.512,9,2.2,926.5213,66.28,,8,F8:15894,F120180713_KP_THP1_w632_P10.raw,1,,,,,PEAKS DB,1,LSPGLTPEI,False,38200000.0,1.0,N
TVPKNRSL,1.298,WB,,574,TVPKNRSL,13.29,913.5345,8,0.8,457.7749,31.89,,9,F9:5444,F120180713_KP_THP1_w632_P8.raw,1,,P10242|MYB_HUMAN,,,PEAKS DB,2,TVPKNRSL,False,2590000.0,1.0,N
SLSEYVSRM,1.299,WB,,1557,SLSEYVSRM,22.42,1086.5016,9,1.2,544.2587,37.4,7560000.0,28,F28:5740,F120180713_KP_THP1_BB72_P1.raw,3,3.0,P08238|HS90B_HUMAN,Oxidation (M),M9:Oxidation (M):1000.00,PEAKS DB,2,SLSEYVSRM(+15.99),False,,,N
ILAAIVNHL,1.300,WB,,2114,ILAAIVNHL,27.15,962.5913,9,1.4,482.3036,92.02,1000000.0,31,F31:17089,F120180713_KP_THP1_BB72_P4.raw,1,1.0,P49116|NR2C2_HUMAN,,,PEAKS DB,2,ILAAIVNHL,False,,,N
KLDENSAFL,1.301,WB,,2715,KLDENSAFL,25.07,1035.5237,9,0.9,518.7696,59.73,4400000.0,121,F121:12155,F120180713_KP_THP1_BB72_P10new.raw,1,1.0,Q13813|SPTN1_HUMAN,,,PEAKS DB,2,KLDENSAFL,False,,,N
LAIERESF,1.301,WB,,983,LAIERESF,14.42,963.5025,8,0.4,964.5102,56.42,,1,F1:12119,F120180713_KP_THP1_w632_P1.raw,1,,Q9H4A3|WNK1_HUMAN,,,PEAKS DB,1,LAIERESF,False,1130000.0,1.0,N
ALSDYDLVL,1.304,WB,,1595,ALSDYDLVL,25.02,1007.5175,9,1.4,504.7667,99.03,105000000.0,31,F31:19788,F120180713_KP_THP1_BB72_P4.raw,2,2.0,P08754|GNAI3_HUMAN,,,PEAKS DB,2,ALSDYDLVL,False,,,N
SLHHLINAL,1.304,WB,,3347,SLHHLINAL,19.65,1016.5767,9,0.1,509.2957,40.77,598000.0,28,F28:6830,F120180713_KP_THP1_BB72_P1.raw,1,1.0,Q7Z3U7|MON2_HUMAN,,,PEAKS DB,2,SLHHLINAL,False,,,N
FLNSFVFKM,1.306,WB,,3351,FLNSFVFKM,20.22,1147.5736,9,0.4,574.7943,78.26,618000.0,121,F121:19542,F120180713_KP_THP1_BB72_P10new.raw,1,1.0,Q7Z3V4|UBE3B_HUMAN,Oxidation (M),M9:Oxidation (M):1000.00,PEAKS DB,2,FLNSFVFKM(+15.99),False,,,N
FLQPHLDAV,1.310,WB,,3876,FLQPHLDAV,25.8,1038.5498,9,0.2,520.2823,56.03,1840000.0,28,F28:12636,F120180713_KP_THP1_BB72_P1.raw,1,1.0,Q96JG6|VPS50_HUMAN,,,PEAKS DB,2,FLQPHLDAV,False,,,N
HARYTVLTY,1.312,WB,,1288,HARYTVLTY,15.71,1122.5822,9,1.0,562.2989,36.09,,10,F10:6293,F120180713_KP_THP1_w632_P9.raw,1,,,,,PEAKS DB,2,HARYTVLTY,False,4680000.0,1.0,N
QLLNHIASL,1.312,WB,,1185,QLLNHIASL,22.85,1007.5764,9,1.2,504.7961,56.07,1230000.0,29,F29:10954,F120180713_KP_THP1_BB72_P2.raw,1,1.0,O60287|NPA1P_HUMAN,,,PEAKS DB,2,QLLNHIASL,False,,,N
TQSEVDPHL,1.318,WB,,3275,TQSEVDPHL,21.49,1024.4825,9,-0.4,513.2484,41.35,910000.0,44,F44:6372,F120180713_KP_THP1_BB72_P7.raw,1,1.0,Q6ZS81|WDFY4_HUMAN,,,PEAKS DB,2,TQSEVDPHL,False,,,N
YMLGLEARL,1.328,WB,,1772,YMLGLEARL,25.01,1080.5637,9,1.1,541.2897,82.41,1230000.0,31,F31:14501,F120180713_KP_THP1_BB72_P4.raw,2,2.0,P18850|ATF6A_HUMAN,Oxidation (M),M2:Oxidation (M):1000.00,PEAKS DB,2,YM(+15.99)LGLEARL,False,,,N
IPAESYTFF,1.328,WB,,2737,IPAESYTFF,17.64,1073.507,9,-0.2,1074.514,87.56,,5,F5:18569,F120180713_KP_THP1_w632_P5.raw,1,,P48556|PSMD8_HUMAN,,,PEAKS DB,1,IPAESYTFF,False,9360000.0,1.0,N
ALDHLHSL,1.328,WB,,771,ALDHLHSL,21.0,904.4766,8,0.4,453.2458,46.2,,1,F1:8312,F120180713_KP_THP1_w632_P1.raw,1,,Q15349|KS6A2_HUMAN:P51812|KS6A3_HUMAN,,,PEAKS DB,2,ALDHLHSL,False,227000.0,1.0,N
YVKDRVEKV,1.328,WB,,2176,YVKDRVEKV,15.1,1134.6396,9,1.1,568.3277,37.77,1110000.0,32,F32:6699,F120180713_KP_THP1_BB72_P5.raw,1,1.0,P50395|GDIB_HUMAN,,,PEAKS DB,2,YVKDRVEKV,False,,,N
SLDDTELRL,1.330,WB,,4249,SLDDTELRL,24.25,1060.54,9,0.6,531.2776,59.17,2660000.0,28,F28:13864,F120180713_KP_THP1_BB72_P1.raw,1,1.0,Q9HA92|RSAD1_HUMAN,,,PEAKS DB,2,SLDDTELRL,False,,,N
QGFGQALVF,1.332,WB,,3583,QGFGQALVF,24.16,965.497,9,-0.3,483.7556,85.92,,5,F5:18102,F120180713_KP_THP1_w632_P5.raw,1,,Q5T6F2|UBAP2_HUMAN,,,PEAKS DB,2,QGFGQALVF,False,1930000.0,1.0,N
YSVKGQLESF,1.333,WB,,5260,YSVKGQLESF,13.19,1156.5764,10,1.1,579.2961,64.27,,3,F3:13363,F120180713_KP_THP1_w632_P3.raw,1,,,,,PEAKS DB,2,YSVKGQLESF,False,301000.0,1.0,N
LAGPPLEI,1.333,WB,,987,LAGPPLEI,20.92,808.4694,8,0.7,809.4773,75.5,,3,F3:17103,F120180713_KP_THP1_w632_P3.raw,1,,Q9H9V9|JMJD4_HUMAN,,,PEAKS DB,1,LAGPPLEI,False,4180000.0,1.0,N
YLLDQHILI,1.334,WB,,3738,YLLDQHILI,21.42,1126.6387,9,0.4,564.3268,91.29,5320000.0,44,F44:19591,F120180713_KP_THP1_BB72_P7.raw,1,1.0,Q92835|SHIP1_HUMAN,,,PEAKS DB,2,YLLDQHILI,False,,,N
ILPPDIGKL,1.334,WB,,2895,ILPPDIGKL,21.01,964.5957,9,0.9,483.3055,62.31,970000.0,29,F29:13356,F120180713_KP_THP1_BB72_P2.raw,1,1.0,Q15404|RSU1_HUMAN,,,PEAKS DB,2,ILPPDIGKL,False,,,N
MMNVSKISF,1.335,WB,,4363,MMNVSKISF,33.64,1087.5042,9,2.4,544.7607,41.44,,3,F3:6049,F120180713_KP_THP1_w632_P3.raw,2,,Q96QD8|S38A2_HUMAN,Oxidation (M),M1:Oxidation (M):1000.00;M2:Oxidation (M):1000.00,PEAKS DB,2,M(+15.99)M(+15.99)NVSKISF,False,12100000.0,2.0,N
HPYIYRVTF,1.335,WB,,3833,HPYIYRVTF,27.15,1194.6185,9,1.2,598.3173,48.42,,3,F3:7973,F120180713_KP_THP1_w632_P3.raw,1,,Q7Z7A4|PXK_HUMAN,,,PEAKS DB,2,HPYIYRVTF,False,7240000.0,1.0,N
FVIRNIVEA,1.336,WB,,2401,FVIRNIVEA,31.25,1059.6077,9,0.1,530.8112,58.4,8090000.0,29,F29:11827,F120180713_KP_THP1_BB72_P2.raw,2,2.0,P62854|RS26_HUMAN:Q5JNZ5|RS26L_HUMAN,,,PEAKS DB,2,FVIRNIVEA,False,,,N
ALKDPVHTV,1.337,WB,,4554,ALKDPVHTV,20.44,978.5498,9,0.2,490.2823,41.01,367000.0,44,F44:6284,F120180713_KP_THP1_BB72_P7.raw,1,1.0,Q9UI26|IPO11_HUMAN,,,PEAKS DB,2,ALKDPVHTV,False,,,N
QGISPERAF,1.338,WB,,2913,QGISPERAF,26.34,1003.5087,9,1.1,502.7622,40.12,,9,F9:8320,F120180713_KP_THP1_w632_P8.raw,1,,P61803|DAD1_HUMAN,,,PEAKS DB,2,QGISPERAF,False,5180000.0,1.0,N
FPRLHNVLF,1.338,WB,,3265,FPRLHNVLF,13.68,1141.6396,9,-0.2,571.827,59.48,,6,F6:15216,F120180713_KP_THP1_w632_P6.raw,1,,Q14146|URB2_HUMAN,,,PEAKS DB,2,FPRLHNVLF,False,1190000.0,1.0,N
ALDEGDIAL,1.341,WB,,527,ALDEGDIAL,14.95,915.4549,9,0.2,916.4623,74.87,21300000.0,121,F121:18205,F120180713_KP_THP1_BB72_P10new.raw,1,1.0,,,,PEAKS DB,1,ALDEGDIAL,False,,,N
SVSSVNPSV,1.341,WB,,3610,SVSSVNPSV,29.76,874.4396,9,0.8,875.4475,42.3,22500000.0,32,F32:8249,F120180713_KP_THP1_BB72_P5.raw,2,2.0,Q8TBA6|GOGA5_HUMAN,,,PEAKS DB,1,SVSSVNPSV,False,,,N
HLVPEVPTV,1.343,WB,,1054,HLVPEVPTV,31.17,989.5546,9,0.2,990.562,68.57,20600000.0,121,F121:15684,F120180713_KP_THP1_BB72_P10new.raw,2,2.0,O15156|ZBT7B_HUMAN,,,PEAKS DB,1,HLVPEVPTV,False,,,N
LSLEGKPL,1.344,WB,,253,LSLEGKPL,34.37,855.5065,8,-0.6,856.5133,43.75,,10,F10:9274,F120180713_KP_THP1_w632_P9.raw,2,,,,,PEAKS DB,1,LSLEGKPL,True,104000000.0,2.0,N
KLLGELHTL,1.344,WB,,2879,KLLGELHTL,32.89,1022.6124,9,0.7,512.3138,43.72,146000000.0,28,F28:7910,F120180713_KP_THP1_BB72_P1.raw,2,2.0,Q15154|PCM1_HUMAN,,,PEAKS DB,2,KLLGELHTL,False,,,N
IVDRTTTVV,1.344,WB,,2052,IVDRTTTVV,24.54,1002.5709,9,0.7,502.2931,42.37,4260000.0,43,F43:7242,F120180713_KP_THP1_BB72_P6.raw,1,1.0,P43007|SATT_HUMAN,,,PEAKS DB,2,IVDRTTTVV,False,,,N
YLMEQNVTKL,1.345,WB,,4138,YLMEQNVTKL,23.87,1237.6377,10,0.9,619.8267,62.06,760000.0,121,F121:13084,F120180713_KP_THP1_BB72_P10new.raw,1,1.0,Q9C0A6|SETD5_HUMAN,,,PEAKS DB,2,YLMEQNVTKL,False,,,N
KLQEVHPLL,1.346,WB,,4864,KLQEVHPLL,28.11,1075.6389,9,1.5,538.8275,37.9,1010000.0,28,F28:5888,F120180713_KP_THP1_BB72_P1.raw,1,1.0,Q9Y6X3|SCC4_HUMAN,,,PEAKS DB,2,KLQEVHPLL,False,,,N
FLLDKALLI,1.347,WB,,1728,FLLDKALLI,21.82,1044.6583,9,0.6,523.3367,88.88,25400000.0,29,F29:23073,F120180713_KP_THP1_BB72_P2.raw,2,2.0,P15498|VAV_HUMAN,,,PEAKS DB,2,FLLDKALLI,False,,,N
VLLQVLHVL,1.347,WB,,2034,VLLQVLHVL,25.1,1032.6696,9,1.2,517.3427,80.53,931000.0,28,F28:21942,F120180713_KP_THP1_BB72_P1.raw,1,1.0,P42356|PI4KA_HUMAN,,,PEAKS DB,2,VLLQVLHVL,False,,,N
VLDNVKMNL,1.347,WB,,3364,VLDNVKMNL,31.51,1044.5637,9,1.5,523.2899,61.78,16700000.0,121,F121:12973,F120180713_KP_THP1_BB72_P10new.raw,1,1.0,Q7Z4Q2|HEAT3_HUMAN,,,PEAKS DB,2,VLDNVKMNL,False,,,N
VISLEGKPL,1.347,WB,,2503,VISLEGKPL,21.47,954.575,9,1.6,478.2955,49.44,,8,F8:9746,F120180713_KP_THP1_w632_P10.raw,1,,P23528|COF1_HUMAN,,,PEAKS DB,2,VISLEGKPL,False,1090000.0,1.0,N
QVFEGHTHY,1.348,WB,,2628,QVFEGHTHY,26.07,1116.4988,9,0.0,559.2567,26.19,,6,F6:5047,F120180713_KP_THP1_w632_P6.raw,1,,P35606|COPB2_HUMAN,,,PEAKS DB,2,QVFEGHTHY,False,1550000.0,1.0,N
TANDANTKY,1.349,WB,,3979,TANDANTKY,31.58,996.4512,9,0.2,499.233,20.07,,4,F4:2779,F120180713_KP_THP1_w632_P4.raw,1,,Q8N6H7|ARFG2_HUMAN,,,PEAKS DB,2,TANDANTKY,False,1710000.0,1.0,N
NMVDIIHSV,1.349,WB,,1502,NMVDIIHSV,30.66,1026.5168,9,0.1,514.2657,67.37,2560000.0,29,F29:15331,F120180713_KP_THP1_BB72_P2.raw,1,1.0,P05166|PCCB_HUMAN,,,PEAKS DB,2,NMVDIIHSV,False,,,N
YVLDLAAKV,1.350,WB,,646,YVLDLAAKV,19.03,990.575,9,1.8,496.2956,63.47,1020000.0,29,F29:13815,F120180713_KP_THP1_BB72_P2.raw,1,1.0,,,,PEAKS DB,2,YVLDLAAKV,False,,,N
HLYETVPVV,1.350,WB,,2211,HLYETVPVV,25.03,1055.5652,9,1.8,528.7908,66.68,720000.0,121,F121:14936,F120180713_KP_THP1_BB72_P10new.raw,1,1.0,P51805|PLXA3_HUMAN,,,PEAKS DB,2,HLYETVPVV,False,,,N
ALAAVVTVL,1.350,WB,,2623,ALAAVVTVL,15.58,855.5429,9,0.6,856.5507,95.74,2950000.0,31,F31:18490,F120180713_KP_THP1_BB72_P4.raw,1,1.0,Q12770|SCAP_HUMAN,,,PEAKS DB,1,ALAAVVTVL,False,,,N
RLLQSNPVL,1.351,WB,,923,RLLQSNPVL,27.04,1038.6185,9,1.3,520.3172,65.62,2000000.0,121,F121:14512,F120180713_KP_THP1_BB72_P10new.raw,1,1.0,O00159|MYO1C_HUMAN,,,PEAKS DB,2,RLLQSNPVL,False,,,N
ALAPGVRAV,1.352,WB,,4806,ALAPGVRAV,22.75,852.5181,9,0.4,427.2665,48.01,28300000.0,44,F44:8821,F120180713_KP_THP1_BB72_P7.raw,1,1.0,Q9Y508|RN114_HUMAN,,,PEAKS DB,2,ALAPGVRAV,False,,,N
ALLETNPYL,1.353,WB,,1407,ALLETNPYL,25.72,1032.5491,9,0.8,517.2822,77.74,5750000.0,29,F29:19138,F120180713_KP_THP1_BB72_P2.raw,1,1.0,O96005|CLPT1_HUMAN,,,PEAKS DB,2,ALLETNPYL,False,,,N
SPLTPLPPL,1.355,WB,,3269,SPLTPLPPL,15.26,933.5535,9,0.1,934.5608,98.9,267000.0,31,F31:19738,F120180713_KP_THP1_BB72_P4.raw,1,1.0,Q6ZRS2|SRCAP_HUMAN,,,PEAKS DB,1,SPLTPLPPL,False,,,N
HTPDFFGSAL,1.355,WB,,5344,HTPDFFGSAL,20.66,1090.5083,10,0.5,546.2617,68.55,,4,F4:12297,F120180713_KP_THP1_w632_P4.raw,1,,P08648|ITA5_HUMAN,,,PEAKS DB,2,HTPDFFGSAL,False,785000.0,1.0,N
MLAPLSTTY,1.356,WB,,2858,MLAPLSTTY,27.88,1011.4947,9,0.6,1012.5026,62.64,,1,F1:14498,F120180713_KP_THP1_w632_P1.raw,3,,P53985|MOT1_HUMAN,Oxidation (M),M1:Oxidation (M):1000.00,PEAKS DB,1,M(+15.99)LAPLSTTY,False,31500000.0,3.0,N
VPRETAIQF,1.358,WB,,3584,VPRETAIQF,21.73,1059.5713,9,1.2,530.7936,47.57,,8,F8:9024,F120180713_KP_THP1_w632_P10.raw,1,,Q5T8I9|HENMT_HUMAN,,,PEAKS DB,2,VPRETAIQF,False,38400000.0,1.0,N
FPRELKEVF,1.359,WB,,4919,FPRELKEVF,28.52,1163.6338,9,0.7,582.8246,51.74,,3,F3:9043,F120180713_KP_THP1_w632_P3.raw,2,,Q9UJF2|NGAP_HUMAN:Q5VWQ8|DAB2P_HUMAN,,,PEAKS DB,2,FPRELKEVF,False,97200000.0,2.0,N
HVVHQIPAV,1.361,WB,,47,HVVHQIPAV,19.77,998.5662,9,0.3,500.2905,53.06,629000.0,44,F44:10719,F120180713_KP_THP1_BB72_P7.raw,1,1.0,,,,PEAKS DB,2,HVVHQIPAV,False,,,N
HPYDSSHKEF,1.361,WB,,5692,HPYDSSHKEF,38.57,1245.5414,10,0.6,416.1880000000001,21.74,,6,F6:3281,F120180713_KP_THP1_w632_P6.raw,2,,Q9P2E3|ZNFX1_HUMAN,,,PEAKS DB,3,HPYDSSHKEF,False,12000000.0,2.0,N
YVTDVLYRV,1.362,WB,,3917,YVTDVLYRV,24.13,1126.6023,9,-0.1,564.3083,65.13,3090000.0,29,F29:14468,F120180713_KP_THP1_BB72_P2.raw,1,1.0,Q96Q15|SMG1_HUMAN,,,PEAKS DB,2,YVTDVLYRV,False,,,N
HSSSIVTAY,1.362,WB,,5084,HSSSIVTAY,32.11,963.4661,9,0.0,482.7403,33.69,,7,F7:6857,F120180713_KP_THP1_w632_P7.raw,2,,Q9Y4A5|TRRAP_HUMAN,,,PEAKS DB,2,HSSSIVTAY,False,9690000.0,2.0,N
YQQAQVPSV,1.364,WB,,4399,YQQAQVPSV,21.82,1018.5084,9,2.1,510.2625,52.01,366000.0,44,F44:10326,F120180713_KP_THP1_BB72_P7.raw,1,1.0,Q9NVH6|TMLH_HUMAN,,,PEAKS DB,2,YQQAQVPSV,False,,,N
KLPSNLPQL,1.364,WB,,886,KLPSNLPQL,18.95,1008.5967,9,1.5,505.3064,54.62,1230000.0,28,F28:12078,F120180713_KP_THP1_BB72_P1.raw,1,1.0,,,,PEAKS DB,2,KLPSNLPQL,False,,,N
ILDELAEKL,1.365,WB,,4030,ILDELAEKL,23.73,1042.5909,9,0.7,522.3031,67.17,730000.0,29,F29:15255,F120180713_KP_THP1_BB72_P2.raw,1,1.0,Q99961|SH3G1_HUMAN,,,PEAKS DB,2,ILDELAEKL,False,,,N
NLHSSSSTF,1.367,WB,,3268,NLHSSSSTF,34.43,978.4407,9,0.2,490.2277,26.79,,6,F6:5286,F120180713_KP_THP1_w632_P6.raw,2,,Q14157|UBP2L_HUMAN,,,PEAKS DB,2,NLHSSSSTF,False,5340000.0,2.0,N
HGIDPTGTY,1.369,WB,,1539,HGIDPTGTY,32.4,959.4348,9,0.5,480.7249,45.59,6400000.0,43,F43:8338,F120180713_KP_THP1_BB72_P6.raw,2,2.0,P07437|TBB5_HUMAN:P68371|TBB4B_HUMAN,,,PEAKS DB,2,HGIDPTGTY,False,,,N
QSFTGSRTY,1.370,WB,,4571,QSFTGSRTY,29.5,1045.4829,9,-0.1,523.7487,28.65,,6,F6:6005,F120180713_KP_THP1_w632_P6.raw,1,,Q9GZY6|NTAL_HUMAN,,,PEAKS DB,2,QSFTGSRTY,False,7490000.0,1.0,N
VLMDLKALL,1.376,WB,,4578,VLMDLKALL,31.72,1030.6096,9,0.4,516.3123,72.28,14700000.0,28,F28:18751,F120180713_KP_THP1_BB72_P1.raw,5,5.0,Q9UJV9|DDX41_HUMAN,Oxidation (M),M3:Oxidation (M):1000.00,PEAKS DB,2,VLM(+15.99)DLKALL,False,,,N
SLDAKEIYL,1.377,WB,,3480,SLDAKEIYL,30.42,1050.5597,9,1.4,526.2878,58.32,17600000.0,28,F28:13528,F120180713_KP_THP1_BB72_P1.raw,3,3.0,Q8IXB1|DJC10_HUMAN,,,PEAKS DB,2,SLDAKEIYL,False,,,N
RLMDNSTSV,1.379,WB,,3175,RLMDNSTSV,18.92,1021.4863,9,0.8,511.7508,45.79,988000.0,43,F43:8405,F120180713_KP_THP1_BB72_P6.raw,1,1.0,Q6KC79|NIPBL_HUMAN,,,PEAKS DB,2,RLMDNSTSV,False,,,N
ALLDKLYAL,1.380,WB,,4389,ALLDKLYAL,21.19,1018.6063,9,0.2,510.3105,94.42,6000000.0,43,F43:18684,F120180713_KP_THP1_BB72_P6.raw,1,1.0,Q9NV31|IMP3_HUMAN,,,PEAKS DB,2,ALLDKLYAL,False,,,N
TVDVATPSV,1.382,WB,,1390,TVDVATPSV,25.74,887.46,9,-0.6,888.4668,55.59,7410000.0,44,F44:11700,F120180713_KP_THP1_BB72_P7.raw,1,1.0,O95714|HERC2_HUMAN,,,PEAKS DB,1,TVDVATPSV,False,,,N
RVDKNAPTV,1.383,WB,,1909,RVDKNAPTV,20.4,998.5508,9,0.9,500.2831,31.63,5020000.0,32,F32:4726,F120180713_KP_THP1_BB72_P5.raw,1,1.0,P31146|COR1A_HUMAN,,,PEAKS DB,2,RVDKNAPTV,False,,,N
LNIGARNSL,1.383,WB,,1305,LNIGARNSL,14.43,957.5243,9,1.2,479.77,34.9,,9,F9:6362,F120180713_KP_THP1_w632_P8.raw,1,,,Deamidation (NQ),N7:Deamidation (NQ):25.58,PEAKS DB,2,LNIGARN(+.98)SL,False,1760000.0,1.0,N
RQIEVLTTV,1.384,WB,,1878,RQIEVLTTV,26.04,1057.6132,9,1.1,529.8145,61.01,13000000.0,121,F121:12664,F120180713_KP_THP1_BB72_P10new.raw,1,1.0,P28290|SSFA2_HUMAN,,,PEAKS DB,2,RQIEVLTTV,False,,,N
RLIDLGVGL,1.388,WB,,4533,RLIDLGVGL,17.15,954.5862,9,-0.1,478.3003,97.19,1500000.0,32,F32:20578,F120180713_KP_THP1_BB72_P5.raw,1,1.0,Q9UGL1|KDM5B_HUMAN,,,PEAKS DB,2,RLIDLGVGL,False,,,N
LLNSEVHML,1.391,WB,,1093,LLNSEVHML,32.62,1070.543,9,1.3,536.2795,42.3,3540000.0,28,F28:7384,F120180713_KP_THP1_BB72_P1.raw,1,1.0,O15514|RPB4_HUMAN,Oxidation (M),M8:Oxidation (M):1000.00,PEAKS DB,2,LLNSEVHM(+15.99)L,False,,,N
LLSHVIVAL,1.393,WB,,2689,LLSHVIVAL,22.55,963.6117,9,0.6,482.8134,97.52,268000.0,31,F31:19203,F120180713_KP_THP1_BB72_P4.raw,1,1.0,Q13535|ATR_HUMAN,,,PEAKS DB,2,LLSHVIVAL,False,,,N
VMLQINPKL,1.395,WB,,3002,VMLQINPKL,33.88,1070.6158,9,1.0,536.3157,53.98,6470000.0,29,F29:10190,F120180713_KP_THP1_BB72_P2.raw,1,1.0,Q3V6T2|GRDN_HUMAN,Oxidation (M),M2:Oxidation (M):1000.00,PEAKS DB,2,VM(+15.99)LQINPKL,False,,,N
RLAQEGIYTL,1.395,WB,,5184,RLAQEGIYTL,18.45,1162.6346,10,0.4,582.3248,53.12,,1,F1:10850,F120180713_KP_THP1_w632_P1.raw,1,,,,,PEAKS DB,2,RLAQEGIYTL,False,368000.0,1.0,N
VSPPDNPQV,1.396,WB,,3200,VSPPDNPQV,16.24,951.4661,9,0.5,476.7406,43.68,383000.0,32,F32:8652,F120180713_KP_THP1_BB72_P5.raw,1,1.0,Q6P2Q9|PRP8_HUMAN,,,PEAKS DB,2,VSPPDNPQV,False,,,N
LTCLVPAAL,1.397,WB,,1209,LTCLVPAAL,12.85,899.515,9,-1.1,900.5213,84.47,,4,F4:15236,F120180713_KP_THP1_w632_P4.raw,1,,,,,PEAKS DB,1,LTCLVPAAL,False,1310000.0,1.0,N
YIDSSINNV,1.399,WB,,2977,YIDSSINNV,32.62,1023.4873,9,2.4,512.7521,56.18,0.0,44,F44:11921,F120180713_KP_THP1_BB72_P7.raw,0,0.0,Q2M2I8|AAK1_HUMAN,,,PEAKS DB,2,YIDSSINNV,False,,,N
RQIDQFLVV,1.399,WB,,126,RQIDQFLVV,15.18,1116.6292,9,1.6,559.3228,93.65,1020000.0,31,F31:17686,F120180713_KP_THP1_BB72_P4.raw,1,1.0,,,,PEAKS DB,2,RQIDQFLVV,False,,,N
VLEDPVHAV,1.400,WB,,2341,VLEDPVHAV,27.69,977.5182,9,0.9,489.7668,53.32,937000.0,122,F122:7907,F120180713_KP_THP1_BB72_P8.raw,1,1.0,P61619|S61A1_HUMAN,,,PEAKS DB,2,VLEDPVHAV,False,,,N
NMFKEAVTF,1.401,WB,,1139,NMFKEAVTF,16.74,1101.5165,9,1.3,551.7662,49.07,,3,F3:8172,F120180713_KP_THP1_w632_P3.raw,1,,,Oxidation (M),M2:Oxidation (M):1000.00,PEAKS DB,2,NM(+15.99)FKEAVTF,False,269000.0,1.0,N
VGYPGRQYY,1.403,WB,,4070,VGYPGRQYY,36.4,1101.5243,9,0.8,551.7698,38.78,,7,F7:8772,F120180713_KP_THP1_w632_P7.raw,2,,Q8TEB9|RHBL4_HUMAN,,,PEAKS DB,2,VGYPGRQYY,False,109000000.0,2.0,N
LPYNHQHEY,1.404,WB,,2210,LPYNHQHEY,41.49,1199.5359,9,0.5,600.7755,25.0,,6,F6:4570,F120180713_KP_THP1_w632_P6.raw,3,,O95864|FADS2_HUMAN,,,PEAKS DB,2,LPYNHQHEY,False,294000000.0,3.0,N
RTLDLPIYV,1.405,WB,,2248,RTLDLPIYV,15.51,1088.6229,9,0.1,545.3188,92.0,409000.0,32,F32:18890,F120180713_KP_THP1_BB72_P5.raw,1,1.0,P53621|COPA_HUMAN,,,PEAKS DB,2,RTLDLPIYV,False,,,N
FLPAGIVAV,1.406,WB,,1403,FLPAGIVAV,21.36,885.5323,9,1.2,886.5407,97.4,16300000.0,31,F31:19154,F120180713_KP_THP1_BB72_P4.raw,1,1.0,O95905|ECD_HUMAN,,,PEAKS DB,1,FLPAGIVAV,False,,,N
YLKRPGLTY,1.406,WB,,1606,YLKRPGLTY,17.83,1109.6233,9,0.3,555.8191,32.65,,9,F9:5682,F120180713_KP_THP1_w632_P8.raw,1,,,,,PEAKS DB,2,YLKRPGLTY,False,1410000.0,1.0,N
NLIANVLYL,1.409,WB,,569,NLIANVLYL,15.08,1031.6016,9,1.0,516.8086,103.0,310000.0,29,F29:26940,F120180713_KP_THP1_BB72_P2.raw,1,1.0,,,,PEAKS DB,2,NLIANVLYL,False,,,N
IQLPSVNTV,1.409,WB,,1169,IQLPSVNTV,24.02,969.5495,9,0.9,970.5577,75.83,9380000.0,121,F121:18587,F120180713_KP_THP1_BB72_P10new.raw,2,2.0,O60281|ZN292_HUMAN,,,PEAKS DB,1,IQLPSVNTV,False,,,N
KINEKPQVI,1.409,WB,,816,KINEKPQVI,18.31,1067.6339,9,0.4,534.8245,42.66,1610000.0,44,F44:6807,F120180713_KP_THP1_BB72_P7.raw,1,1.0,,,,PEAKS DB,2,KINEKPQVI,False,,,N
NLLETKLQL,1.410,WB,,3388,NLLETKLQL,21.12,1070.6335,9,0.5,536.3243,89.66,2110000.0,31,F31:16342,F120180713_KP_THP1_BB72_P4.raw,1,1.0,Q86TB9|PATL1_HUMAN,,,PEAKS DB,2,NLLETKLQL,False,,,N
AQAEVQPAV,1.416,WB,,3689,AQAEVQPAV,22.79,911.4712,9,0.7,456.7432,41.15,421000.0,32,F32:7877,F120180713_KP_THP1_BB72_P5.raw,1,1.0,Q92502|STAR8_HUMAN,,,PEAKS DB,2,AQAEVQPAV,False,,,N
VQIEEVRQV,1.417,WB,,2640,VQIEEVRQV,32.77,1098.6033,9,0.8,550.3093,48.01,36400000.0,44,F44:8820,F120180713_KP_THP1_BB72_P7.raw,1,1.0,Q12905|ILF2_HUMAN,,,PEAKS DB,2,VQIEEVRQV,False,,,N
TLLGHEFVL,1.418,WB,,375,TLLGHEFVL,17.35,1027.5702,9,0.6,514.7927,89.64,2240000.0,44,F44:19228,F120180713_KP_THP1_BB72_P7.raw,1,1.0,,,,PEAKS DB,2,TLLGHEFVL,False,,,N
TVQDLLNLM,1.424,WB,,3791,TVQDLLNLM,16.17,1061.5427,9,0.6,531.7789,86.07,178000.0,31,F31:15379,F120180713_KP_THP1_BB72_P4.raw,1,1.0,Q96A65|EXOC4_HUMAN,Oxidation (M),M9:Oxidation (M):1000.00,PEAKS DB,2,TVQDLLNLM(+15.99),False,,,N
NSATGVPTV,1.427,WB,,1659,NSATGVPTV,14.21,844.429,9,0.4,845.4366,47.86,827000.0,43,F43:9087,F120180713_KP_THP1_BB72_P6.raw,1,1.0,P11940|PABP1_HUMAN,,,PEAKS DB,1,NSATGVPTV,False,,,N
YLEEPLTQV,1.429,WB,,4714,YLEEPLTQV,29.61,1090.5546,9,-0.4,546.2844,74.19,6820000.0,121,F121:17934,F120180713_KP_THP1_BB72_P10new.raw,2,2.0,Q9Y2Q5|LTOR2_HUMAN,,,PEAKS DB,2,YLEEPLTQV,False,,,N
QGFPDELAF,1.429,WB,,1213,QGFPDELAF,19.15,1022.4709,9,0.0,512.2427,90.21,,5,F5:19334,F120180713_KP_THP1_w632_P5.raw,1,,,,,PEAKS DB,2,QGFPDELAF,False,1170000.0,1.0,N
HPLGNLSAF,1.429,WB,,1368,HPLGNLSAF,13.48,954.4923,9,0.9,478.2539,53.17,,1,F1:10871,F120180713_KP_THP1_w632_P1.raw,1,,,,,PEAKS DB,2,HPLGNLSAF,False,218000.0,1.0,N
MSSSIKTVY,1.431,WB,,2073,MSSSIKTVY,26.92,1030.5005,9,-0.4,516.2573,30.14,,7,F7:5512,F120180713_KP_THP1_w632_P7.raw,1,,O75367|H2AY_HUMAN,Oxidation (M),M1:Oxidation (M):1000.00,PEAKS DB,2,M(+15.99)SSSIKTVY,False,875000.0,1.0,N
VPFPNSYQY,1.433,WB,,4669,VPFPNSYQY,20.96,1113.5131,9,1.4,557.7646,66.43,,8,F8:15952,F120180713_KP_THP1_w632_P10.raw,2,,Q9HAR2|AGRL3_HUMAN,,,PEAKS DB,2,VPFPNSYQY,False,5670000.0,2.0,N
LTQFEAGSHL,1.433,WB,,537,LTQFEAGSHL,14.69,1101.5454,10,0.8,551.7804,49.84,865000.0,28,F28:10231,F120180713_KP_THP1_BB72_P1.raw,1,1.0,,,,PEAKS DB,2,LTQFEAGSHL,False,,,N
YPSETTVKY,1.434,WB,,2355,YPSETTVKY,37.57,1086.5233,9,0.0,544.2689,35.37,,7,F7:7494,F120180713_KP_THP1_w632_P7.raw,2,,P11047|LAMC1_HUMAN,,,PEAKS DB,2,YPSETTVKY,False,27600000.0,2.0,N
VADHIQKV,1.436,WB,,4840,VADHIQKV,20.17,908.5079,8,0.6,455.2615,38.46,1330000.0,43,F43:5921,F120180713_KP_THP1_BB72_P6.raw,1,1.0,Q9Y678|COPG1_HUMAN,,,PEAKS DB,2,VADHIQKV,False,,,N
AMAPTSPQI,1.436,WB,,4115,AMAPTSPQI,26.29,930.4481,9,0.1,466.2314,45.62,4470000.0,44,F44:7887,F120180713_KP_THP1_BB72_P7.raw,3,3.0,Q9BYD2|RM09_HUMAN,Oxidation (M),M2:Oxidation (M):1000.00,PEAKS DB,2,AM(+15.99)APTSPQI,False,,,N
VSQINHKL,1.437,WB,,4291,VSQINHKL,20.43,937.5345,8,0.6,469.7748,37.26,144000.0,43,F43:5523,F120180713_KP_THP1_BB72_P6.raw,1,1.0,Q9HD26|GOPC_HUMAN,,,PEAKS DB,2,VSQINHKL,False,,,N
FPVGSHVQY,1.438,WB,,3709,FPVGSHVQY,38.51,1032.5028,9,0.4,517.2589,41.96,,9,F9:9019,F120180713_KP_THP1_w632_P8.raw,2,,Q6UXD5|SE6L2_HUMAN,,,PEAKS DB,2,FPVGSHVQY,False,18700000.0,2.0,N
FPMSHNVLY,1.439,WB,,1461,FPMSHNVLY,13.54,1122.5168,9,1.1,562.2663,46.15,,1,F1:8296,F120180713_KP_THP1_w632_P1.raw,1,,,Oxidation (M),M3:Oxidation (M):1000.00,PEAKS DB,2,FPM(+15.99)SHNVLY,False,921000.0,1.0,N
MTYVGAVF,1.439,WB,,543,MTYVGAVF,22.21,902.4208,8,0.9,903.4288,70.49,,2,F2:11839,F120180713_KP_THP1_w632_P2.raw,1,,O95197|RTN3_HUMAN,Oxidation (M),M1:Oxidation (M):1000.00,PEAKS DB,1,M(+15.99)TYVGAVF,False,3870000.0,1.0,N
FLFGEEPSKL,1.440,WB,,3417,FLFGEEPSKL,18.43,1165.6018,10,1.2,583.8089,88.65,1130000.0,31,F31:16016,F120180713_KP_THP1_BB72_P4.raw,1,1.0,Q86XL3|ANKL2_HUMAN,,,PEAKS DB,2,FLFGEEPSKL,False,,,N
YLSPDLSKI,1.440,WB,,1621,YLSPDLSKI,28.05,1034.5648,9,0.9,518.2902,59.41,4490000.0,28,F28:13954,F120180713_KP_THP1_BB72_P1.raw,1,1.0,P10398|ARAF_HUMAN,,,PEAKS DB,2,YLSPDLSKI,False,,,N
VLLETKTML,1.441,WB,,3000,VLLETKTML,14.63,1062.5995,9,0.3,532.3072,46.47,490000.0,28,F28:8954,F120180713_KP_THP1_BB72_P1.raw,1,1.0,Q3V6T2|GRDN_HUMAN,Oxidation (M),M8:Oxidation (M):1000.00,PEAKS DB,2,VLLETKTM(+15.99)L,False,,,N
SQFGGGSQY,1.442,WB,,1909,SQFGGGSQY,29.87,929.3879,9,0.4,930.3956,38.06,,5,F5:9134,F120180713_KP_THP1_w632_P5.raw,4,,O15371|EIF3D_HUMAN,,,PEAKS DB,1,SQFGGGSQY,False,190000000.0,4.0,N
FMQGEIATI,1.447,WB,,3367,FMQGEIATI,15.68,1024.4899,9,0.5,513.2524,61.7,748000.0,28,F28:14845,F120180713_KP_THP1_BB72_P1.raw,1,1.0,Q7Z5L9|I2BP2_HUMAN,Oxidation (M),M2:Oxidation (M):1000.00,PEAKS DB,2,FM(+15.99)QGEIATI,False,,,N
KVIDYVPGI,1.447,WB,,3342,KVIDYVPGI,29.43,1002.575,9,0.9,502.2952,61.79,3960000.0,28,F28:14880,F120180713_KP_THP1_BB72_P1.raw,1,1.0,Q7Z3E1|PARPT_HUMAN,,,PEAKS DB,2,KVIDYVPGI,False,,,N
GLAERISVL,1.447,WB,,4128,GLAERISVL,24.55,956.5654,9,1.2,479.2906,57.13,1710000.0,29,F29:11349,F120180713_KP_THP1_BB72_P2.raw,1,1.0,Q9BZL6|KPCD2_HUMAN,,,PEAKS DB,2,GLAERISVL,False,,,N
RLSDLYHRL,1.447,WB,,3321,RLSDLYHRL,21.02,1171.6461,9,0.8,391.5563,60.4,1890000.0,121,F121:12422,F120180713_KP_THP1_BB72_P10new.raw,1,1.0,Q7L1V2|MON1B_HUMAN,,,PEAKS DB,3,RLSDLYHRL,False,,,N
KLGPAPKTL,1.450,WB,,2794,KLGPAPKTL,31.24,923.5804,9,-0.6,462.7972,42.85,5240000.0,44,F44:6871,F120180713_KP_THP1_BB72_P7.raw,1,1.0,Q14527|HLTF_HUMAN,,,PEAKS DB,2,KLGPAPKTL,False,,,N
FPKATDKSF,1.450,WB,,2626,FPKATDKSF,31.98,1039.5338,9,0.1,520.7742,30.25,,7,F7:5553,F120180713_KP_THP1_w632_P7.raw,1,,P35579|MYH9_HUMAN,,,PEAKS DB,2,FPKATDKSF,False,2070000.0,1.0,N
NVIPNVANV,1.450,WB,,3870,NVIPNVANV,29.23,938.5185,9,1.0,470.267,71.08,7930000.0,121,F121:16688,F120180713_KP_THP1_BB72_P10new.raw,2,2.0,Q96IP4|FA46A_HUMAN,,,PEAKS DB,2,NVIPNVANV,False,,,N
APASFGKSF,1.451,WB,,4283,APASFGKSF,27.57,910.4548,9,0.5,456.2349,38.5,,9,F9:7680,F120180713_KP_THP1_w632_P8.raw,1,,Q96EY5|MB12A_HUMAN,,,PEAKS DB,2,APASFGKSF,False,402000.0,1.0,N
MLPPPPLTA,1.451,WB,,1774,MLPPPPLTA,32.85,951.5099,9,0.6,476.7625,66.47,4870000.0,121,F121:14853,F120180713_KP_THP1_BB72_P10new.raw,2,2.0,P18858|DNLI1_HUMAN,Oxidation (M),M1:Oxidation (M):1000.00,PEAKS DB,2,M(+15.99)LPPPPLTA,False,,,N
SLLDSVVGL,1.452,WB,,3153,SLLDSVVGL,15.43,901.512,9,-0.2,902.5191,108.19,146000000.0,44,F44:23564,F120180713_KP_THP1_BB72_P7.raw,1,1.0,Q69YN4|VIR_HUMAN,,,PEAKS DB,1,SLLDSVVGL,False,,,N
SMPDFDLNL,1.452,WB,,2597,SMPDFDLNL,14.5,1066.4641,9,0.0,534.2393,86.73,1880000.0,43,F43:17096,F120180713_KP_THP1_BB72_P6.raw,1,1.0,Q09666|AHNK_HUMAN,Oxidation (M),M2:Oxidation (M):1000.00,PEAKS DB,2,SM(+15.99)PDFDLNL,False,,,N
ALLKVNQEL,1.454,WB,,4807,ALLKVNQEL,23.99,1026.6073,9,0.8,514.3113,59.97,5380000.0,121,F121:12252,F120180713_KP_THP1_BB72_P10new.raw,1,1.0,Q9Y512|SAM50_HUMAN,,,PEAKS DB,2,ALLKVNQEL,False,,,N
NIMDIKIGL,1.454,WB,,1138,NIMDIKIGL,14.52,1031.5685,9,0.8,516.7919,66.19,,7,F7:17058,F120180713_KP_THP1_w632_P7.raw,1,,,Oxidation (M),M3:Oxidation (M):1000.00,PEAKS DB,2,NIM(+15.99)DIKIGL,True,874000.0,1.0,N
LLLDSETKL,1.454,WB,,3394,LLLDSETKL,20.47,1030.5909,9,0.4,516.303,57.95,513000.0,28,F28:13385,F120180713_KP_THP1_BB72_P1.raw,1,1.0,Q86UW6|N4BP2_HUMAN,,,PEAKS DB,2,LLLDSETKL,False,,,N
ALMNVEVAL,1.455,WB,,1007,ALMNVEVAL,19.99,974.5107,9,-0.3,488.2625,75.22,1360000.0,32,F32:15084,F120180713_KP_THP1_BB72_P5.raw,2,2.0,O14686|KMT2D_HUMAN,Oxidation (M),M3:Oxidation (M):1000.00,PEAKS DB,2,ALM(+15.99)NVEVAL,False,,,N
LPFQGIGTF,1.456,WB,,4843,LPFQGIGTF,23.38,978.5175,9,-0.4,979.5244,91.36,,6,F6:21235,F120180713_KP_THP1_w632_P6.raw,1,,Q9P0M2|AKA7G_HUMAN,,,PEAKS DB,1,LPFQGIGTF,False,6090000.0,1.0,N
IPVQPTTSY,1.457,WB,,5011,IPVQPTTSY,26.47,1004.5178,9,0.2,503.2663,49.08,,6,F6:13207,F120180713_KP_THP1_w632_P6.raw,2,,Q9UPY3|DICER_HUMAN,,,PEAKS DB,2,IPVQPTTSY,False,6660000.0,2.0,N
YLSRHNTAV,1.458,WB,,4366,YLSRHNTAV,26.32,1059.5461,9,1.0,530.7809,39.23,1010000.0,32,F32:7234,F120180713_KP_THP1_BB72_P5.raw,1,1.0,Q9NTJ3|SMC4_HUMAN,,,PEAKS DB,2,YLSRHNTAV,False,,,N
MPSSDTTVTF,1.458,WB,,5465,MPSSDTTVTF,25.41,1100.4696,10,2.3,551.2433,54.13,,10,F10:13322,F120180713_KP_THP1_w632_P9.raw,3,,Q13233|M3K1_HUMAN,Oxidation (M),M1:Oxidation (M):1000.00,PEAKS DB,2,M(+15.99)PSSDTTVTF,False,18100000.0,3.0,N
MVLARVAL,1.459,WB,,596,MVLARVAL,14.28,871.5313,8,6.1,436.7756,105.89,0.0,123,F123:22089,F120180713_KP_THP1_BB72_P9new.raw,0,0.0,,,,PEAKS DB,2,MVLARVAL,False,,,N
TVMGTSTEY,1.460,WB,,3728,TVMGTSTEY,18.62,1003.4168,9,1.1,502.7162,31.26,,6,F6:7040,F120180713_KP_THP1_w632_P6.raw,1,,Q6ZS81|WDFY4_HUMAN,Oxidation (M),M3:Oxidation (M):1000.00,PEAKS DB,2,TVM(+15.99)GTSTEY,False,4110000.0,1.0,N
FLYDLDKQV,1.461,WB,,3273,FLYDLDKQV,30.18,1139.5862,9,0.2,570.8005,64.24,2860000.0,28,F28:15791,F120180713_KP_THP1_BB72_P1.raw,1,1.0,Q6ZS17|FA65A_HUMAN,,,PEAKS DB,2,FLYDLDKQV,False,,,N
KMDESKHEI,1.462,WB,,4754,KMDESKHEI,31.03,1115.5281,9,0.7,558.7717,31.22,3930000.0,32,F32:4608,F120180713_KP_THP1_BB72_P5.raw,1,1.0,Q9Y490|TLN1_HUMAN,,,PEAKS DB,2,KMDESKHEI,False,,,N
TVVERLVKV,1.464,WB,,3928,TVVERLVKV,20.65,1041.6545,9,1.7,521.8354,55.09,931000.0,121,F121:10303,F120180713_KP_THP1_BB72_P10new.raw,1,1.0,Q96QU8|XPO6_HUMAN,,,PEAKS DB,2,TVVERLVKV,False,,,N
ALLDSAHLL,1.465,WB,,1000,ALLDSAHLL,22.45,951.5389,9,0.7,476.777,109.84,9980000.0,30,F30:21468,F120180713_KP_THP1_BB72_P3.raw,1,1.0,O14617|AP3D1_HUMAN,,,PEAKS DB,2,ALLDSAHLL,False,,,N
KINEAIVAV,1.466,WB,,5022,KINEAIVAV,12.82,955.5702,9,0.4,478.7925,44.67,,10,F10:9638,F120180713_KP_THP1_w632_P9.raw,1,,Q9Y224|CN166_HUMAN,,,PEAKS DB,2,KINEAIVAV,False,1410000.0,1.0,N
VIIDDRHVY,1.468,WB,,4160,VIIDDRHVY,13.9,1128.5928,9,0.4,565.3039,36.94,,9,F9:7077,F120180713_KP_THP1_w632_P8.raw,1,,Q92562|FIG4_HUMAN,,,PEAKS DB,2,VIIDDRHVY,False,516000.0,1.0,N
SMPDLDLHL,1.470,WB,,2599,SMPDLDLHL,22.25,1055.4957,9,0.4,528.7554,77.61,414000.0,31,F31:13263,F120180713_KP_THP1_BB72_P4.raw,1,1.0,Q09666|AHNK_HUMAN,Oxidation (M),M2:Oxidation (M):1000.00,PEAKS DB,2,SM(+15.99)PDLDLHL,False,,,N
YAKEISTY,1.472,WB,,487,YAKEISTY,27.71,973.4756,8,0.4,487.7453,30.82,,6,F6:6866,F120180713_KP_THP1_w632_P6.raw,1,,O15031|PLXB2_HUMAN,,,PEAKS DB,2,YAKEISTY,False,1970000.0,1.0,N
TLYGLSVLL,1.472,WB,,384,TLYGLSVLL,18.69,977.5797,9,0.9,978.5878,104.42,6920000.0,29,F29:27396,F120180713_KP_THP1_BB72_P2.raw,1,1.0,,,,PEAKS DB,1,TLYGLSVLL,False,,,N
LQHPGAVL,1.473,WB,,618,LQHPGAVL,16.03,833.4759,8,0.8,417.7456,34.24,,9,F9:6159,F120180713_KP_THP1_w632_P8.raw,1,,P29558|RBMS1_HUMAN,,,PEAKS DB,2,LQHPGAVL,False,213000.0,1.0,N
YMVSGTNVY,1.474,WB,,1948,YMVSGTNVY,13.84,1048.4535,9,0.9,525.2345,49.08,,9,F9:11730,F120180713_KP_THP1_w632_P8.raw,1,,O43292|GPAA1_HUMAN,Oxidation (M),M2:Oxidation (M):1000.00,PEAKS DB,2,YM(+15.99)VSGTNVY,False,409000.0,1.0,N
HLSSLIAQL,1.474,WB,,1712,HLSSLIAQL,16.69,980.5654,9,0.8,491.2904,100.54,199000.0,31,F31:20317,F120180713_KP_THP1_BB72_P4.raw,1,1.0,P14373|TRI27_HUMAN,,,PEAKS DB,2,HLSSLIAQL,False,,,N
SIMDYVVFV,1.475,WB,,4699,SIMDYVVFV,27.08,1087.526,9,0.5,1088.5338,95.47,26400000.0,29,F29:24761,F120180713_KP_THP1_BB72_P2.raw,4,4.0,Q9Y289|SC5A6_HUMAN,Oxidation (M),M3:Oxidation (M):1000.00,PEAKS DB,1,SIM(+15.99)DYVVFV,False,,,N
RLFDDVPQV,1.476,WB,,3428,RLFDDVPQV,29.63,1087.5662,9,1.2,544.7909999999998,63.86,29800000.0,28,F28:15650,F120180713_KP_THP1_BB72_P1.raw,2,2.0,Q86Y56|DAAF5_HUMAN,,,PEAKS DB,2,RLFDDVPQV,False,,,N
HVAQPDSVY,1.478,WB,,4487,HVAQPDSVY,23.31,1014.4771,9,0.5,508.2461,29.92,,6,F6:6511,F120180713_KP_THP1_w632_P6.raw,1,,Q9BTC0|DIDO1_HUMAN,,,PEAKS DB,2,HVAQPDSVY,False,851000.0,1.0,N
HPFEVPREY,1.482,WB,,4763,HPFEVPREY,26.26,1172.5614,9,1.6,587.2889,39.0,,10,F10:7414,F120180713_KP_THP1_w632_P9.raw,1,,Q9NV06|DCA13_HUMAN,,,PEAKS DB,2,HPFEVPREY,False,4510000.0,1.0,N
SMPDIDLNL,1.484,WB,,2598,SMPDIDLNL,18.8,1032.4797,9,1.0,517.2477,82.11,1220000.0,31,F31:14428,F120180713_KP_THP1_BB72_P4.raw,1,1.0,Q09666|AHNK_HUMAN,Oxidation (M),M2:Oxidation (M):1000.00,PEAKS DB,2,SM(+15.99)PDIDLNL,False,,,N
QLQEQLQAL,1.485,WB,,2840,QLQEQLQAL,21.07,1069.5768,9,1.2,535.7963,68.86,3270000.0,121,F121:15799,F120180713_KP_THP1_BB72_P10new.raw,1,1.0,Q14980|NUMA1_HUMAN,,,PEAKS DB,2,QLQEQLQAL,False,,,N
VTTDIQVKV,1.486,WB,,951,VTTDIQVKV,25.35,1001.5757,9,0.8,501.7955,51.52,890000.0,122,F122:7490,F120180713_KP_THP1_BB72_P8.raw,1,1.0,O00267|SPT5H_HUMAN,,,PEAKS DB,2,VTTDIQVKV,False,,,N
RLMNQLAEL,1.486,WB,,2823,RLMNQLAEL,20.06,1102.5804,9,0.8,552.2979,45.53,3320000.0,29,F29:7472,F120180713_KP_THP1_BB72_P2.raw,1,1.0,Q14789|GOGB1_HUMAN,Oxidation (M),M3:Oxidation (M):1000.00,PEAKS DB,2,RLM(+15.99)NQLAEL,False,,,N
TLQDIVYKL,1.487,WB,,1953,TLQDIVYKL,33.14,1091.6227,9,1.0,546.8192,90.83,19300000.0,31,F31:16691,F120180713_KP_THP1_BB72_P4.raw,1,1.0,P35226|BMI1_HUMAN:P35227|PCGF2_HUMAN,,,PEAKS DB,2,TLQDIVYKL,False,,,N
FLDHIIASV,1.489,WB,,3328,FLDHIIASV,25.25,1013.5546,9,0.8,507.785,109.97,7970000.0,30,F30:21521,F120180713_KP_THP1_BB72_P3.raw,1,1.0,Q7LBC6|KDM3B_HUMAN,,,PEAKS DB,2,FLDHIIASV,False,,,N
QADPFAHVA,1.489,WB,,4159,QADPFAHVA,31.15,954.4559,9,0.9,478.2356,40.93,,10,F10:8161,F120180713_KP_THP1_w632_P9.raw,2,,Q92562|FIG4_HUMAN,,,PEAKS DB,2,QADPFAHVA,False,5180000.0,2.0,N
SVQSGALSV,1.489,WB,,1574,SVQSGALSV,15.37,846.4447,9,0.1,424.2297,25.92,,6,F6:4938,F120180713_KP_THP1_w632_P6.raw,1,,,,,PEAKS DB,2,SVQSGALSV,False,441000.0,1.0,N
SLADFMQEV,1.490,WB,,11,SLADFMQEV,25.83,1054.4641,9,0.7,528.2397,74.84,5900000.0,32,F32:14984,F120180713_KP_THP1_BB72_P5.raw,2,2.0,A5YKK6|CNOT1_HUMAN,Oxidation (M),M6:Oxidation (M):1000.00,PEAKS DB,2,SLADFM(+15.99)QEV,False,,,N
TPYEGQRSY,1.490,WB,,4206,TPYEGQRSY,29.95,1099.4934,9,-0.1,550.7539,25.94,,5,F5:5105,F120180713_KP_THP1_w632_P5.raw,5,,Q92900|RENT1_HUMAN,,,PEAKS DB,2,TPYEGQRSY,False,149000000.0,5.0,N
MLHSVTLFL,1.491,WB,,1890,MLHSVTLFL,14.98,1075.5736,9,0.8,538.7945,70.19,,10,F10:19188,F120180713_KP_THP1_w632_P9.raw,1,,O15127|SCAM2_HUMAN,Oxidation (M),M1:Oxidation (M):1000.00,PEAKS DB,2,M(+15.99)LHSVTLFL,False,384000.0,1.0,N
ALQEKLQYL,1.491,WB,,3812,ALQEKLQYL,31.45,1104.6179,9,0.6,553.3166,52.29,2970000.0,28,F28:11158,F120180713_KP_THP1_BB72_P1.raw,1,1.0,Q96CN4|EVI5L_HUMAN,,,PEAKS DB,2,ALQEKLQYL,False,,,N
GLLDRIMQL,1.493,WB,,4360,GLLDRIMQL,25.6,1073.5903,9,1.0,537.803,75.02,3140000.0,28,F28:19849,F120180713_KP_THP1_BB72_P1.raw,1,1.0,Q9NSD9|SYFB_HUMAN,Oxidation (M),M7:Oxidation (M):1000.00,PEAKS DB,2,GLLDRIM(+15.99)QL,False,,,N
YLDASLITV,1.493,WB,,2795,YLDASLITV,24.77,993.5382,9,0.2,994.5457,95.21,4600000.0,31,F31:18283,F120180713_KP_THP1_BB72_P4.raw,1,1.0,Q14562|DHX8_HUMAN,,,PEAKS DB,1,YLDASLITV,False,,,N
TVLDAIYEV,1.494,WB,,3017,TVLDAIYEV,23.69,1021.5331,9,0.5,1022.541,97.96,31200000.0,31,F31:19379,F120180713_KP_THP1_BB72_P4.raw,2,2.0,Q4W5G0|TIGD2_HUMAN,,,PEAKS DB,1,TVLDAIYEV,False,,,N
GMIGLVTSL,1.494,WB,,2953,GMIGLVTSL,17.73,905.4892,9,1.1,906.4974,82.35,5490000.0,44,F44:17802,F120180713_KP_THP1_BB72_P7.raw,1,1.0,Q16531|DDB1_HUMAN,Oxidation (M),M2:Oxidation (M):1000.00,PEAKS DB,1,GM(+15.99)IGLVTSL,False,,,N
FPVGTVVEY,1.494,WB,,2300,FPVGTVVEY,27.54,1009.512,9,1.3,1010.5206,73.7,,1,F1:18593,F120180713_KP_THP1_w632_P1.raw,3,,P08174|DAF_HUMAN,,,PEAKS DB,1,FPVGTVVEY,False,24400000.0,3.0,N
KLQDLYMAL,1.495,WB,,3361,KLQDLYMAL,26.22,1109.5791,9,0.6,555.7972,86.09,617000.0,31,F31:15386,F120180713_KP_THP1_BB72_P4.raw,1,1.0,Q7Z478|DHX29_HUMAN,Oxidation (M),M7:Oxidation (M):1000.00,PEAKS DB,2,KLQDLYM(+15.99)AL,False,,,N
KLTGEVVAL,1.496,WB,,574,KLTGEVVAL,19.6,928.5593,9,1.0,465.2874,61.06,774000.0,121,F121:12685,F120180713_KP_THP1_BB72_P10new.raw,1,1.0,,,,PEAKS DB,2,KLTGEVVAL,False,,,N
VMDPKQMNV,1.500,WB,,4834,VMDPKQMNV,27.84,1060.5045,9,0.3,531.2597,46.85,1620000.0,44,F44:8366,F120180713_KP_THP1_BB72_P7.raw,1,1.0,Q9Y646|CBPQ_HUMAN,,,PEAKS DB,2,VMDPKQMNV,False,,,N
QAITTKISY,1.500,WB,,4615,QAITTKISY,24.34,1023.5601,9,0.9,512.7878,39.75,,9,F9:8176,F120180713_KP_THP1_w632_P8.raw,1,,Q9H305|CDIP1_HUMAN,,,PEAKS DB,2,QAITTKISY,False,2090000.0,1.0,N
YGQSGISM,1.503,WB,,635,YGQSGISM,14.72,857.3589,8,0.1,858.3662,29.81,,7,F7:5382,F120180713_KP_THP1_w632_P7.raw,1,,P42226|STAT6_HUMAN,Oxidation (M),M8:Oxidation (M):1000.00,PEAKS DB,1,YGQSGISM(+15.99),False,7520000.0,1.0,N
YLLQRAVEV,1.503,WB,,2676,YLLQRAVEV,32.79,1089.6182,9,1.4,545.8171,53.81,23900000.0,28,F28:11754,F120180713_KP_THP1_BB72_P1.raw,1,1.0,Q13395|TARB1_HUMAN,,,PEAKS DB,2,YLLQRAVEV,False,,,N
ALIEDEHNL,1.505,WB,,3006,ALIEDEHNL,25.45,1052.5138,9,0.9,527.2646,51.83,16700000.0,122,F122:7565,F120180713_KP_THP1_BB72_P8.raw,4,4.0,Q49A88|CCD14_HUMAN,,,PEAKS DB,2,ALIEDEHNL,False,,,N
SVAHAVAAV,1.506,WB,,3384,SVAHAVAAV,14.95,823.4552,9,0.7,412.7352,42.25,104000.0,43,F43:7199,F120180713_KP_THP1_BB72_P6.raw,1,1.0,Q7Z7M0|MEGF8_HUMAN,,,PEAKS DB,2,SVAHAVAAV,False,,,N
AVIGSFVNI,1.507,WB,,192,AVIGSFVNI,14.19,918.5175,9,-1.0,460.2655,52.39,560000.0,28,F28:11197,F120180713_KP_THP1_BB72_P1.raw,1,1.0,,,,PEAKS DB,2,AVIGSFVNI,False,,,N
KVIDEIYRV,1.509,WB,,4395,KVIDEIYRV,27.44,1133.6444,9,0.9,567.83,58.88,146000000.0,121,F121:11817,F120180713_KP_THP1_BB72_P10new.raw,1,1.0,Q9NVF7|FBX28_HUMAN,,,PEAKS DB,2,KVIDEIYRV,False,,,N
IIEDKTFGL,1.510,WB,,3653,IIEDKTFGL,20.09,1034.5648,9,0.7,518.29,57.77,1820000.0,28,F28:13314,F120180713_KP_THP1_BB72_P1.raw,1,1.0,Q8WU90|ZC3HF_HUMAN,,,PEAKS DB,2,IIEDKTFGL,False,,,N
GVVDIFQTV,1.511,WB,,426,GVVDIFQTV,17.53,976.5229,9,0.2,489.2688,98.73,321000.0,43,F43:19982,F120180713_KP_THP1_BB72_P6.raw,1,1.0,,,,PEAKS DB,2,GVVDIFQTV,False,,,N
LPMGTYQAF,1.512,WB,,2859,LPMGTYQAF,13.22,1042.4794,9,0.8,522.2474,62.42,,1,F1:14413,F120180713_KP_THP1_w632_P1.raw,1,,P53990|IST1_HUMAN,Oxidation (M),M3:Oxidation (M):1000.00,PEAKS DB,2,LPM(+15.99)GTYQAF,False,2740000.0,1.0,N
LMTDVLVFL,1.513,WB,,3754,LMTDVLVFL,20.14,1065.578,9,0.8,1066.5862,110.73,3170000.0,123,F123:23937,F120180713_KP_THP1_BB72_P9new.raw,1,1.0,Q92974|ARHG2_HUMAN,Oxidation (M),M2:Oxidation (M):1000.00,PEAKS DB,1,LM(+15.99)TDVLVFL,False,,,N
KLAEKLTIL,1.514,WB,,2282,KLAEKLTIL,26.08,1027.6641,9,0.3,514.8395,44.68,32700000.0,29,F29:7216,F120180713_KP_THP1_BB72_P2.raw,1,1.0,P55160|NCKPL_HUMAN,,,PEAKS DB,2,KLAEKLTIL,False,,,N
TLTNVIHNL,1.515,WB,,3025,TLTNVIHNL,30.44,1023.5713,9,1.0,512.7935,54.55,12600000.0,29,F29:10411,F120180713_KP_THP1_BB72_P2.raw,1,1.0,Q53FV1|ORML2_HUMAN,,,PEAKS DB,2,TLTNVIHNL,False,,,N
AAPPAPVHA,1.516,WB,,2566,AAPPAPVHA,30.44,829.4446,9,0.7,415.7299,31.21,1090000.0,32,F32:4604,F120180713_KP_THP1_BB72_P5.raw,2,2.0,Q04721|NOTC2_HUMAN,,,PEAKS DB,2,AAPPAPVHA,False,,,N
ALYSHSAEV,1.518,WB,,3300,ALYSHSAEV,18.05,975.4661,9,0.0,488.7404,42.87,238000.0,43,F43:7385,F120180713_KP_THP1_BB72_P6.raw,1,1.0,Q70CQ2|UBP34_HUMAN,,,PEAKS DB,2,ALYSHSAEV,False,,,N
HGIDPTGSY,1.521,WB,,3247,HGIDPTGSY,18.53,945.4192,9,0.0,473.7169,33.75,,6,F6:7972,F120180713_KP_THP1_w632_P6.raw,1,,Q13885|TBB2A_HUMAN:Q9BVA1|TBB2B_HUMAN,,,PEAKS DB,2,HGIDPTGSY,False,823000.0,1.0,N
KIADGVNEI,1.522,WB,,2568,KIADGVNEI,29.04,957.5131,9,1.2,479.7644,49.6,4220000.0,44,F44:9424,F120180713_KP_THP1_BB72_P7.raw,1,1.0,Q05209|PTN12_HUMAN,,,PEAKS DB,2,KIADGVNEI,False,,,N
GAGPVLEAF,1.523,WB,,3207,GAGPVLEAF,17.06,859.4439,9,0.4,860.4515,74.61,,3,F3:16765,F120180713_KP_THP1_w632_P3.raw,1,,Q13459|MYO9B_HUMAN,,,PEAKS DB,1,GAGPVLEAF,False,7210000.0,1.0,N
YAYDGKDYLA,1.523,WB,,5257,YAYDGKDYLA,31.75,1177.5291,10,1.3,589.7726,45.89,,9,F9:10521,F120180713_KP_THP1_w632_P8.raw,1,,,,,PEAKS DB,2,YAYDGKDYLA,True,2600000.0,1.0,N
SLMDLQERL,1.525,WB,,4467,SLMDLQERL,24.8,1119.5594,9,0.5,560.7873,54.05,10100000.0,29,F29:10218,F120180713_KP_THP1_BB72_P2.raw,3,3.0,Q9P246|STIM2_HUMAN,Oxidation (M),M3:Oxidation (M):1000.00,PEAKS DB,2,SLM(+15.99)DLQERL,False,,,N
VVNPGANQNL,1.527,WB,,2851,VVNPGANQNL,17.02,1024.5302,10,0.8,513.2728,42.93,1230000.0,32,F32:8427,F120180713_KP_THP1_BB72_P5.raw,1,1.0,Q15011|HERP1_HUMAN,,,PEAKS DB,2,VVNPGANQNL,False,,,N
FPKAVSVFF,1.528,WB,,1925,FPKAVSVFF,21.9,1040.5695,9,0.9,521.2925,76.5,,10,F10:20652,F120180713_KP_THP1_w632_P9.raw,1,,O15427|MOT4_HUMAN,,,PEAKS DB,2,FPKAVSVFF,False,1840000.0,1.0,N
VTVWELMTF,1.529,WB,,1677,VTVWELMTF,14.16,1124.5576,9,-4.8,563.2834,51.59,,8,F8:10594,F120180713_KP_THP1_w632_P10.raw,1,,,,,PEAKS DB,2,VTVWELMTF,False,818000.0,1.0,N
SQRLESVSF,1.530,WB,,2131,SQRLESVSF,24.74,1051.5298,9,0.7,526.7725,44.22,,10,F10:9463,F120180713_KP_THP1_w632_P9.raw,1,,O94913|PCF11_HUMAN,,,PEAKS DB,2,SQRLESVSF,False,4880000.0,1.0,N
YLNNSVMEY,1.530,WB,,2815,YLNNSVMEY,27.73,1147.4856,9,1.5,574.7509,49.1,,10,F10:11384,F120180713_KP_THP1_w632_P9.raw,1,,P51946|CCNH_HUMAN,Oxidation (M),M7:Oxidation (M):1000.00,PEAKS DB,2,YLNNSVM(+15.99)EY,False,18900000.0,1.0,N
VMDPTKILI,1.531,WB,,3034,VMDPTKILI,18.82,1028.594,9,0.7,515.3046,109.81,4740000.0,30,F30:21456,F120180713_KP_THP1_BB72_P3.raw,1,1.0,Q58A45|PAN3_HUMAN,,,PEAKS DB,2,VMDPTKILI,False,,,N
YTNTVLSGGTTM,1.531,WB,,5935,YTNTVLSGGTTM,12.66,1259.5704,12,-8.4,1260.5671,49.86,,10,F10:11682,F120180713_KP_THP1_w632_P9.raw,1,,,Oxidation (M),M12:Oxidation (M):1000.00,PEAKS DB,1,YTNTVLSGGTTM(+15.99),False,8940000.0,1.0,N
RITNQVIYL,1.535,WB,,2778,RITNQVIYL,19.77,1118.6448,9,0.4,560.3299,55.3,12000000.0,29,F29:10692,F120180713_KP_THP1_BB72_P2.raw,1,1.0,Q14204|DYHC1_HUMAN,,,PEAKS DB,2,RITNQVIYL,False,,,N
FPLDKAVAY,1.536,WB,,1959,FPLDKAVAY,30.48,1022.5436,9,0.3,512.2792,56.66,,1,F1:12215,F120180713_KP_THP1_w632_P1.raw,3,,O43314|VIP2_HUMAN,,,PEAKS DB,2,FPLDKAVAY,False,42800000.0,3.0,N
APAPPASQY,1.537,WB,,2885,APAPPASQY,32.55,900.4341,9,0.4,451.2245,35.19,,5,F5:8155,F120180713_KP_THP1_w632_P5.raw,2,,P56945|BCAR1_HUMAN,,,PEAKS DB,2,APAPPASQY,False,4880000.0,2.0,N
GLSEQIREL,1.537,WB,,2371,GLSEQIREL,25.52,1043.561,9,0.8,522.7882,61.23,4470000.0,121,F121:12755,F120180713_KP_THP1_BB72_P10new.raw,1,1.0,P62333|PRS10_HUMAN,,,PEAKS DB,2,GLSEQIREL,False,,,N
RLQEENQQL,1.538,WB,,3511,RLQEENQQL,27.37,1156.5836,9,0.9,579.2996,39.57,9890000.0,32,F32:7356,F120180713_KP_THP1_BB72_P5.raw,2,2.0,Q8N283|ANR35_HUMAN,,,PEAKS DB,2,RLQEENQQL,False,,,N
FLLENSSKV,1.538,WB,,1326,FLLENSSKV,22.85,1035.5601,9,0.2,518.7874,57.15,2800000.0,121,F121:11127,F120180713_KP_THP1_BB72_P10new.raw,1,1.0,O94868|FCSD2_HUMAN,,,PEAKS DB,2,FLLENSSKV,False,,,N
QLYNQIIKL,1.539,WB,,1315,QLYNQIIKL,18.62,1131.6652,9,1.6,566.8408,88.49,546000.0,31,F31:15959,F120180713_KP_THP1_BB72_P4.raw,1,1.0,O76094|SRP72_HUMAN,,,PEAKS DB,2,QLYNQIIKL,False,,,N
FGVDRAILY,1.542,WB,,2284,FGVDRAILY,24.79,1052.5654,9,0.6,527.2903,62.52,,3,F3:12731,F120180713_KP_THP1_w632_P3.raw,1,,P06756|ITAV_HUMAN,,,PEAKS DB,2,FGVDRAILY,False,82900000.0,1.0,N
TMIDFPQMV,1.542,WB,,4093,TMIDFPQMV,21.94,1096.4933,9,0.4,549.2542,88.2,1210000.0,43,F43:17406,F120180713_KP_THP1_BB72_P6.raw,2,2.0,Q9BVS4|RIOK2_HUMAN,Oxidation (M),M2:Oxidation (M):34.81,PEAKS DB,2,TM(+15.99)IDFPQMV,False,,,N
AMNGHVPAV,1.542,WB,,3461,AMNGHVPAV,27.81,910.4331,9,0.5,456.2241,33.03,6600000.0,44,F44:4435,F120180713_KP_THP1_BB72_P7.raw,1,1.0,Q8IWZ3|ANKH1_HUMAN,Oxidation (M),M2:Oxidation (M):1000.00,PEAKS DB,2,AM(+15.99)NGHVPAV,False,,,N
LPQTSHVSF,1.543,WB,,4824,LPQTSHVSF,38.08,1014.5134,9,0.9,508.2644,41.18,,10,F10:8261,F120180713_KP_THP1_w632_P9.raw,2,,Q9NYP3|DONS_HUMAN,,,PEAKS DB,2,LPQTSHVSF,False,55400000.0,2.0,N
FPFPVKALY,1.544,WB,,4531,FPFPVKALY,16.85,1080.6007,9,0.5,541.3079,76.79,,7,F7:18846,F120180713_KP_THP1_w632_P7.raw,2,,Q9BXW9|FACD2_HUMAN,,,PEAKS DB,2,FPFPVKALY,False,2210000.0,2.0,N
AIVPPGPEA,1.545,WB,,4357,AIVPPGPEA,22.34,849.4596,9,-1.1,425.7366,49.47,,6,F6:13317,F120180713_KP_THP1_w632_P6.raw,2,,Q96PU8|QKI_HUMAN,,,PEAKS DB,2,AIVPPGPEA,False,802000.0,2.0,N
YLADQNNQV,1.545,WB,,3645,YLADQNNQV,23.41,1063.4934,9,0.7,532.7543,42.45,2080000.0,32,F32:8287,F120180713_KP_THP1_BB72_P5.raw,1,1.0,Q8TF05|PP4R1_HUMAN,,,PEAKS DB,2,YLADQNNQV,False,,,N
KIINNTENL,1.548,WB,,4825,KIINNTENL,16.33,1058.5608,9,-4.6,530.2852,49.18,459000.0,44,F44:9259,F120180713_KP_THP1_BB72_P7.raw,1,1.0,Q9Y617|SERC_HUMAN,Deamidation (NQ),N5:Deamidation (NQ):9.34,PEAKS DB,2,KIINN(+.98)TENL,False,,,N
QGIFSSRTF,1.549,WB,,1889,QGIFSSRTF,27.77,1041.5243,9,0.3,521.7696,52.87,,1,F1:10756,F120180713_KP_THP1_w632_P1.raw,2,,O15127|SCAM2_HUMAN,,,PEAKS DB,2,QGIFSSRTF,False,30200000.0,2.0,N
AVIHEAPAV,1.550,WB,,948,AVIHEAPAV,24.33,905.497,9,0.8,453.7562,45.05,958000.0,43,F43:8141,F120180713_KP_THP1_BB72_P6.raw,2,2.0,O00221|IKBE_HUMAN,,,PEAKS DB,2,AVIHEAPAV,False,,,N
YQNEFNTNV,1.551,WB,,4788,YQNEFNTNV,24.75,1127.4883,9,0.2,564.7515,54.84,3700000.0,44,F44:11404,F120180713_KP_THP1_BB72_P7.raw,1,1.0,Q9Y4D7|PLXD1_HUMAN,,,PEAKS DB,2,YQNEFNTNV,False,,,N
FAAPTALASRDGSL,1.553,WB,,6041,FAAPTALASRDGSL,14.77,1375.7095,14,2.3,688.8636,56.08,,8,F8:12321,F120180713_KP_THP1_w632_P10.raw,1,,Q5T6F2|UBAP2_HUMAN,,,PEAKS DB,2,FAAPTALASRDGSL,False,325000.0,1.0,N
KAQIVYAL,1.553,WB,,324,KAQIVYAL,14.91,904.5381,8,1.4,453.277,46.85,,1,F1:8561,F120180713_KP_THP1_w632_P1.raw,1,,,,,PEAKS DB,2,KAQIVYAL,False,113000.0,1.0,N
FMFGQKLNV,1.554,WB,,1726,FMFGQKLNV,19.76,1098.5532,9,0.8,550.2843,56.73,1260000.0,28,F28:12907,F120180713_KP_THP1_BB72_P1.raw,1,1.0,P14866|HNRPL_HUMAN,Oxidation (M),M2:Oxidation (M):1000.00,PEAKS DB,2,FM(+15.99)FGQKLNV,False,,,N
AATEIVERV,1.555,WB,,4563,AATEIVERV,19.59,986.5396,9,0.7,494.2774,47.14,187000.0,122,F122:6483,F120180713_KP_THP1_BB72_P8.raw,1,1.0,Q9UID3|VPS51_HUMAN,,,PEAKS DB,2,AATEIVERV,False,,,N
FAKAEETRY,1.556,WB,,4011,FAKAEETRY,22.32,1113.5454,9,1.0,557.7805,23.18,,5,F5:4068,F120180713_KP_THP1_w632_P5.raw,1,,Q8NDT2|RB15B_HUMAN,,,PEAKS DB,2,FAKAEETRY,False,1190000.0,1.0,N
RIIDTVAQV,1.557,WB,,4593,RIIDTVAQV,16.34,1013.5869,9,1.2,507.8014,64.1,2110000.0,122,F122:10426,F120180713_KP_THP1_BB72_P8.raw,1,1.0,Q9UKK3|PARP4_HUMAN,,,PEAKS DB,2,RIIDTVAQV,False,,,N
SVLDSTAKV,1.558,WB,,2607,SVLDSTAKV,23.07,918.5022,9,0.9,460.2588,46.3,1650000.0,44,F44:8151,F120180713_KP_THP1_BB72_P7.raw,1,1.0,Q0IIM8|TBC8B_HUMAN,,,PEAKS DB,2,SVLDSTAKV,False,,,N
TLSEDTIRL,1.558,WB,,471,TLSEDTIRL,19.25,1046.5608,9,1.7,524.2886,52.75,1480000.0,28,F28:11335,F120180713_KP_THP1_BB72_P1.raw,1,1.0,,,,PEAKS DB,2,TLSEDTIRL,False,,,N
NLYPFVKTV,1.558,WB,,1914,NLYPFVKTV,34.71,1079.6016,9,1.1,540.8087,61.45,47400000.0,29,F29:13022,F120180713_KP_THP1_BB72_P2.raw,2,2.0,P31939|PUR9_HUMAN,,,PEAKS DB,2,NLYPFVKTV,False,,,N
EVIPTHTVY,1.561,WB,,4251,EVIPTHTVY,17.48,1057.5444,9,0.0,529.7795,43.54,,9,F9:9635,F120180713_KP_THP1_w632_P8.raw,1,,Q96BN2|TADA1_HUMAN,,,PEAKS DB,2,EVIPTHTVY,False,6430000.0,1.0,N
LPPEHTIVY,1.567,WB,,4164,LPPEHTIVY,19.12,1067.5651,9,1.3,534.7905,44.93,,10,F10:9737,F120180713_KP_THP1_w632_P9.raw,1,,Q92562|FIG4_HUMAN,,,PEAKS DB,2,LPPEHTIVY,False,694000.0,1.0,N
KLNASLPAL,1.567,WB,,2941,KLNASLPAL,24.91,926.5436,9,0.6,464.2794,58.94,1610000.0,28,F28:13776,F120180713_KP_THP1_BB72_P1.raw,1,1.0,Q15904|VAS1_HUMAN,Deamidation (NQ),N3:Deamidation (NQ):1000.00,PEAKS DB,2,KLN(+.98)ASLPAL,False,,,N
VLDDKDYFL,1.567,WB,,2339,VLDDKDYFL,30.49,1126.5546,9,0.4,564.2848,68.83,23200000.0,29,F29:15868,F120180713_KP_THP1_BB72_P2.raw,2,2.0,P61604|CH10_HUMAN,,,PEAKS DB,2,VLDDKDYFL,False,,,N
VLLPWIMNL,1.567,WB,,3011,VLLPWIMNL,24.97,1113.6256,9,0.7,557.8205,110.71,740000.0,121,F121:32184,F120180713_KP_THP1_BB72_P10new.raw,1,1.0,Q4KMQ2|ANO6_HUMAN,Oxidation (M),M7:Oxidation (M):1000.00,PEAKS DB,2,VLLPWIM(+15.99)NL,False,,,N
KLADAKIFL,1.567,WB,,4542,KLADAKIFL,29.04,1017.6222,9,0.9,509.8188,49.73,6100000.0,29,F29:8796,F120180713_KP_THP1_BB72_P2.raw,1,1.0,Q9UHQ1|NARF_HUMAN,,,PEAKS DB,2,KLADAKIFL,False,,,N
LPAKILVEF,1.569,WB,,2155,LPAKILVEF,21.21,1028.627,9,0.9,515.3212,70.88,,6,F6:17271,F120180713_KP_THP1_w632_P6.raw,1,,O95229|ZWINT_HUMAN,,,PEAKS DB,2,LPAKILVEF,False,1880000.0,1.0,N
NMLEAVHTI,1.570,WB,,1924,NMLEAVHTI,27.98,1042.5117,9,1.0,522.2637,39.95,22800000.0,28,F28:6532,F120180713_KP_THP1_BB72_P1.raw,3,3.0,P33981|TTK_HUMAN,Oxidation (M),M2:Oxidation (M):1000.00,PEAKS DB,2,NM(+15.99)LEAVHTI,False,,,N
AVAQNTYAV,1.572,WB,,183,AVAQNTYAV,17.68,935.4713,9,0.5,468.7431,45.68,418000.0,43,F43:8367,F120180713_KP_THP1_BB72_P6.raw,1,1.0,,,,PEAKS DB,2,AVAQNTYAV,False,,,N
ALDGAVYHL,1.572,WB,,3398,ALDGAVYHL,25.42,957.4919,9,0.9,479.7537,61.91,3090000.0,121,F121:13027,F120180713_KP_THP1_BB72_P10new.raw,1,1.0,Q86VD9|PIGZ_HUMAN,,,PEAKS DB,2,ALDGAVYHL,False,,,N
YMKSEDPLF,1.573,WB,,2548,YMKSEDPLF,13.74,1128.5161,9,0.6,565.2657,53.19,,1,F1:10880,F120180713_KP_THP1_w632_P1.raw,1,,P28340|DPOD1_HUMAN,,,PEAKS DB,2,YMKSEDPLF,False,291000.0,1.0,N
RVPPPPPIA,1.575,WB,,1220,RVPPPPPIA,42.78,942.5651,9,-0.3,472.2897,50.1,10300000.0,44,F44:9609,F120180713_KP_THP1_BB72_P7.raw,3,3.0,O60812|HNRC1_HUMAN:B7ZW38|HNRC3_HUMAN:B2RXH8|HNRC2_HUMAN:P07910|HNRPC_HUMAN:P0DMR1|HNRC4_HUMAN,,,PEAKS DB,2,RVPPPPPIA,False,,,N
AGIPSITAY,1.575,WB,,1975,AGIPSITAY,22.03,891.4702,9,2.2,892.4794,69.44,,8,F8:17145,F120180713_KP_THP1_w632_P10.raw,1,,O43747|AP1G1_HUMAN,,,PEAKS DB,1,AGIPSITAY,False,6220000.0,1.0,N
IIVSIVHSV,1.576,WB,,1404,IIVSIVHSV,22.54,965.5909,9,1.2,483.8033,55.13,1500000.0,28,F28:12278,F120180713_KP_THP1_BB72_P1.raw,1,1.0,O96005|CLPT1_HUMAN,,,PEAKS DB,2,IIVSIVHSV,False,,,N
FPQSPPAQY,1.576,WB,,3587,FPQSPPAQY,24.31,1033.4868,9,0.2,517.7508,51.19,,7,F7:13171,F120180713_KP_THP1_w632_P7.raw,1,,Q5TAX3|TUT4_HUMAN,,,PEAKS DB,2,FPQSPPAQY,False,838000.0,1.0,N
KLYDEESLL,1.576,WB,,4283,KLYDEESLL,28.87,1108.5652,9,0.7,555.2903,58.91,1440000.0,28,F28:13764,F120180713_KP_THP1_BB72_P1.raw,1,1.0,Q9HCK8|CHD8_HUMAN,,,PEAKS DB,2,KLYDEESLL,False,,,N
FLSDTPVGV,1.577,WB,,3060,FLSDTPVGV,27.5,933.4807,9,0.8,934.4888,73.91,5430000.0,121,F121:17819,F120180713_KP_THP1_BB72_P10new.raw,1,1.0,Q5JU85|IQEC2_HUMAN,,,PEAKS DB,1,FLSDTPVGV,False,,,N
LPAVGEHVF,1.577,WB,,1793,LPAVGEHVF,12.7,967.5127,9,-0.2,484.7635,54.57,,1,F1:11409,F120180713_KP_THP1_w632_P1.raw,1,,O00257|CBX4_HUMAN,,,PEAKS DB,2,LPAVGEHVF,False,785000.0,1.0,N
TLSDVVVGL,1.577,WB,,477,TLSDVVVGL,18.1,901.512,9,1.0,451.7637,82.97,31700000.0,29,F29:21198,F120180713_KP_THP1_BB72_P2.raw,2,2.0,,,,PEAKS DB,2,TLSDVVVGL,False,,,N
ALNEKLVNL,1.578,WB,,964,ALNEKLVNL,31.35,1012.5917,9,1.0,507.3036,52.28,79100000.0,28,F28:11157,F120180713_KP_THP1_BB72_P1.raw,2,2.0,O00303|EIF3F_HUMAN,,,PEAKS DB,2,ALNEKLVNL,False,,,N
FPHYGFPTY,1.580,WB,,2481,FPHYGFPTY,23.64,1127.5076,9,0.4,564.7613,64.03,,3,F3:13276,F120180713_KP_THP1_w632_P3.raw,1,,P19838|NFKB1_HUMAN,,,PEAKS DB,2,FPHYGFPTY,False,3560000.0,1.0,N
TLTNIIHNL,1.581,WB,,4456,TLTNIIHNL,20.36,1037.5869,9,0.7,519.8011,90.44,1760000.0,31,F31:16564,F120180713_KP_THP1_BB72_P4.raw,1,1.0,Q9P0S3|ORML1_HUMAN,,,PEAKS DB,2,TLTNIIHNL,False,,,N
HALGLLYHV,1.581,WB,,4843,HALGLLYHV,18.45,1021.5709,9,0.7,511.7931,48.25,226000.0,29,F29:8317,F120180713_KP_THP1_BB72_P2.raw,1,1.0,Q9Y678|COPG1_HUMAN,,,PEAKS DB,2,HALGLLYHV,False,,,N
IVGNPKAL,1.583,WB,,910,IVGNPKAL,14.57,810.4963,8,2.2,811.5054,41.3,,10,F10:8308,F120180713_KP_THP1_w632_P9.raw,1,,Q92900|RENT1_HUMAN,,,PEAKS DB,1,IVGNPKAL,False,545000.0,1.0,N
APVGRMFSM,1.583,WB,,1525,APVGRMFSM,12.68,994.4728,9,0.4,995.4805,36.59,,6,F6:8892,F120180713_KP_THP1_w632_P6.raw,1,,,,,PEAKS DB,1,APVGRMFSM,False,618000.0,1.0,N
VMDSKIVQV,1.584,WB,,2221,VMDSKIVQV,32.12,1017.5529,9,0.6,509.784,53.79,16100000.0,122,F122:8024,F120180713_KP_THP1_BB72_P8.raw,2,2.0,P52294|IMA5_HUMAN:O60684|IMA7_HUMAN:O15131|IMA6_HUMAN,,,PEAKS DB,2,VMDSKIVQV,False,,,N
RLIPTLVSI,1.584,WB,,4336,RLIPTLVSI,25.8,1010.6488,9,-0.7,506.3313,72.79,,6,F6:17711,F120180713_KP_THP1_w632_P6.raw,1,,Q96P70|IPO9_HUMAN,,,PEAKS DB,2,RLIPTLVSI,False,1040000.0,1.0,N
MLSPFISSV,1.585,WB,,4427,MLSPFISSV,25.81,995.4998,9,0.8,498.7575,88.53,8340000.0,31,F31:15977,F120180713_KP_THP1_BB72_P4.raw,2,2.0,Q9NXR7|BRE_HUMAN,Oxidation (M),M1:Oxidation (M):1000.00,PEAKS DB,2,M(+15.99)LSPFISSV,False,,,N
VVAPITTGY,1.587,WB,,4672,VVAPITTGY,32.41,919.5015,9,2.0,920.5106,58.3,,9,F9:15379,F120180713_KP_THP1_w632_P8.raw,2,,Q9HB71|CYBP_HUMAN,,,PEAKS DB,1,VVAPITTGY,False,476000000.0,2.0,N
QARIEIESF,1.587,WB,,1628,QARIEIESF,20.24,1091.561,9,1.8,546.7888,53.25,1960000.0,28,F28:11533,F120180713_KP_THP1_BB72_P1.raw,1,1.0,P11021|GRP78_HUMAN,,,PEAKS DB,2,QARIEIESF,False,,,N
VLMEMSYRL,1.587,WB,,3209,VLMEMSYRL,23.47,1172.557,9,0.7,587.2862,109.11,3810000.0,30,F30:21179,F120180713_KP_THP1_BB72_P3.raw,1,1.0,Q6PCD5|RFWD3_HUMAN,Oxidation (M),M3:Oxidation (M):1000.00;M5:Oxidation (M):1000.00,PEAKS DB,2,VLM(+15.99)EM(+15.99)SYRL,False,,,N
TSIKLTTTY,1.590,WB,,3129,TSIKLTTTY,34.13,1026.5597,9,0.7,514.2875,42.44,,9,F9:9210,F120180713_KP_THP1_w632_P8.raw,1,,Q12766|HMGX3_HUMAN,,,PEAKS DB,2,TSIKLTTTY,False,1280000.0,1.0,N
IPYSKSHVSM,1.592,WB,,5504,IPYSKSHVSM,13.05,1163.5645,10,-0.2,582.7894,21.69,,7,F7:2791,F120180713_KP_THP1_w632_P7.raw,1,,Q3B7T1|EDRF1_HUMAN,Oxidation (M),M10:Oxidation (M):1000.00,PEAKS DB,2,IPYSKSHVSM(+15.99),False,954000.0,1.0,N
APPPDISPF,1.592,WB,,3924,APPPDISPF,16.39,939.4702,9,-0.7,940.4768,75.72,0.0,28,F28:20120,F120180713_KP_THP1_BB72_P1.raw,0,0.0,Q96QU1|PCD15_HUMAN,,,PEAKS DB,1,APPPDISPF,False,,,N
FNAVGSVL,1.595,WB,,249,FNAVGSVL,13.89,805.4333,8,0.7,806.4412,68.13,,1,F1:16427,F120180713_KP_THP1_w632_P1.raw,1,,,,,PEAKS DB,1,FNAVGSVL,False,8010000.0,1.0,N
HLSDAIVEV,1.595,WB,,3543,HLSDAIVEV,27.1,981.5131,9,1.4,982.5217,63.92,15900000.0,121,F121:13832,F120180713_KP_THP1_BB72_P10new.raw,2,2.0,Q8NBF6|AVL9_HUMAN,,,PEAKS DB,1,HLSDAIVEV,False,,,N
ALHELSTLL,1.598,WB,,554,ALHELSTLL,14.7,995.5651,9,0.1,498.7899,85.25,72400.0,32,F32:17172,F120180713_KP_THP1_BB72_P5.raw,1,1.0,,,,PEAKS DB,2,ALHELSTLL,False,,,N
FLKEETLAY,1.598,WB,,4883,FLKEETLAY,24.22,1112.5753,9,1.4,557.2957,51.21,,8,F8:10445,F120180713_KP_THP1_w632_P10.raw,1,,Q9UBS8|RNF14_HUMAN,,,PEAKS DB,2,FLKEETLAY,False,7070000.0,1.0,N
SLLNKDLSL,1.598,WB,,1852,SLLNKDLSL,27.49,1001.5757,9,1.0,501.7956,60.29,3400000.0,29,F29:12562,F120180713_KP_THP1_BB72_P2.raw,1,1.0,P26358|DNMT1_HUMAN,,,PEAKS DB,2,SLLNKDLSL,False,,,N
FLRDKIASY,1.599,WB,,3681,FLRDKIASY,25.85,1111.6025,9,1.1,556.8091,36.9,,10,F10:6600,F120180713_KP_THP1_w632_P9.raw,1,,Q6PJG6|BRAT1_HUMAN,,,PEAKS DB,2,FLRDKIASY,False,22200000.0,1.0,N
ILTNVVPKM,1.600,WB,,3801,ILTNVVPKM,30.7,1029.5892,9,0.2,515.802,50.57,15400000.0,44,F44:9789,F120180713_KP_THP1_BB72_P7.raw,3,3.0,Q96BW5|PTER_HUMAN,Oxidation (M),M9:Oxidation (M):1000.00,PEAKS DB,2,ILTNVVPKM(+15.99),False,,,N
KVLETLVTV,1.601,WB,,3415,KVLETLVTV,23.81,1000.6168,9,1.7,501.3166,56.36,2990000.0,28,F28:12766,F120180713_KP_THP1_BB72_P1.raw,1,1.0,Q86XA9|HTR5A_HUMAN,,,PEAKS DB,2,KVLETLVTV,False,,,N
GLPEITPKL,1.601,WB,,450,GLPEITPKL,17.14,966.575,9,0.2,484.2948,59.65,386000.0,28,F28:14048,F120180713_KP_THP1_BB72_P1.raw,1,1.0,,,,PEAKS DB,2,GLPEITPKL,False,,,N
DAMGSQTKF,1.602,WB,,5023,DAMGSQTKF,30.63,999.4331,9,0.6,500.7241,25.52,,6,F6:4780,F120180713_KP_THP1_w632_P6.raw,1,,Q9Y230|RUVB2_HUMAN,Oxidation (M),M3:Oxidation (M):1000.00,PEAKS DB,2,DAM(+15.99)GSQTKF,False,1340000.0,1.0,N
SIAQIISSV,1.604,WB,,414,SIAQIISSV,18.71,916.5229,9,0.6,917.5308,95.73,5660000.0,43,F43:19005,F120180713_KP_THP1_BB72_P6.raw,1,1.0,,,,PEAKS DB,1,SIAQIISSV,False,,,N
QVDPLKIVY,1.606,WB,,1255,QVDPLKIVY,12.97,1073.6121,9,1.2,537.814,58.28,,1,F1:12843,F120180713_KP_THP1_w632_P1.raw,1,,,,,PEAKS DB,2,QVDPLKIVY,False,837000.0,1.0,N
NAMDVTTGY,1.607,WB,,4038,NAMDVTTGY,22.76,986.4015,9,0.3,494.2082,37.72,,7,F7:8388,F120180713_KP_THP1_w632_P7.raw,1,,Q8NG31|KNL1_HUMAN,Oxidation (M),M3:Oxidation (M):1000.00,PEAKS DB,2,NAM(+15.99)DVTTGY,False,643000.0,1.0,N
FLFEPVVKA,1.608,WB,,3171,FLFEPVVKA,31.94,1048.5957,9,1.4,525.3058,90.73,40700000.0,31,F31:16660,F120180713_KP_THP1_BB72_P4.raw,1,1.0,Q6IN85|P4R3A_HUMAN,,,PEAKS DB,2,FLFEPVVKA,False,,,N
FLFDEEMEQM,1.610,WB,,3223,FLFDEEMEQM,25.39,1349.5155,10,0.5,675.7654,79.7,28900000.0,43,F43:15756,F120180713_KP_THP1_BB72_P6.raw,2,2.0,Q6PKG0|LARP1_HUMAN,Oxidation (M),M7:Oxidation (M):1000.00;M10:Oxidation (M):1000.00,PEAKS DB,2,FLFDEEM(+15.99)EQM(+15.99),False,,,N
SLLDEFYKL,1.611,WB,,2790,SLLDEFYKL,29.31,1126.5909,9,0.8,1127.5991,100.11,262000000.0,121,F121:27961,F120180713_KP_THP1_BB72_P10new.raw,3,3.0,Q14444|CAPR1_HUMAN,,,PEAKS DB,1,SLLDEFYKL,False,,,N
FQSIPRVF,1.612,WB,,565,FQSIPRVF,17.48,992.5443,8,0.7,497.2798,62.41,,3,F3:12687,F120180713_KP_THP1_w632_P3.raw,1,,P08575|PTPRC_HUMAN,,,PEAKS DB,2,FQSIPRVF,False,824000.0,1.0,N
GLSGIIPTL,1.613,WB,,449,GLSGIIPTL,14.71,869.5222,9,-0.2,870.5294,99.92,6690000.0,43,F43:20393,F120180713_KP_THP1_BB72_P6.raw,1,1.0,,,,PEAKS DB,1,GLSGIIPTL,False,,,N
VLLESEQFL,1.614,WB,,1976,VLLESEQFL,24.53,1076.5753,9,0.5,539.2952,95.46,87100000.0,31,F31:18382,F120180713_KP_THP1_BB72_P4.raw,2,2.0,P37108|SRP14_HUMAN,,,PEAKS DB,2,VLLESEQFL,False,,,N
YLLPKDQGITL,1.614,WB,,1362,YLLPKDQGITL,27.0,1259.7125,11,0.8,630.864,65.72,4590000.0,29,F29:14705,F120180713_KP_THP1_BB72_P2.raw,1,1.0,O95273|CCDB1_HUMAN,,,PEAKS DB,2,YLLPKDQGITL,False,,,N
SPRSPSTTY,1.615,WB,,3171,SPRSPSTTY,25.05,1074.4382,9,0.1,538.2264,27.85,,4,F4:4932,F120180713_KP_THP1_w632_P4.raw,1,,Q13111|CAF1A_HUMAN,Phosphorylation (STY),S4:Phosphorylation (STY):16.66,PEAKS DB,2,SPRS(+79.97)PSTTY,False,18700000.0,1.0,N
ILDDIIASV,1.619,WB,,2919,ILDDIIASV,21.14,957.5382,9,0.5,479.7766,100.17,19400000.0,31,F31:20184,F120180713_KP_THP1_BB72_P4.raw,3,3.0,Q15652|JHD2C_HUMAN,,,PEAKS DB,2,ILDDIIASV,False,,,N
SLAELVHAV,1.621,WB,,4858,SLAELVHAV,26.82,937.5233,9,0.6,469.7692,109.79,14600000.0,30,F30:21449,F120180713_KP_THP1_BB72_P3.raw,2,2.0,Q9Y6P5|SESN1_HUMAN,,,PEAKS DB,2,SLAELVHAV,False,,,N
SMHQILLYL,1.621,WB,,4342,SMHQILLYL,23.0,1116.6001,9,0.0,559.3073,92.37,4370000.0,121,F121:24891,F120180713_KP_THP1_BB72_P10new.raw,1,1.0,Q9NRR4|RNC_HUMAN,,,PEAKS DB,2,SMHQILLYL,False,,,N
MVIITTKSV,1.624,WB,,1148,MVIITTKSV,13.3,990.5784,9,-3.8,496.2946,66.19,,2,F2:10828,F120180713_KP_THP1_w632_P2.raw,1,,,,,PEAKS DB,2,MVIITTKSV,False,352000.0,1.0,N
ILPERFLAV,1.627,WB,,3547,ILPERFLAV,21.4,1056.6331,9,1.1,529.3244,95.98,5140000.0,31,F31:18589,F120180713_KP_THP1_BB72_P4.raw,2,2.0,Q8NBQ5|DHB11_HUMAN,,,PEAKS DB,2,ILPERFLAV,False,,,N
SLIRNLEQL,1.628,WB,,2939,SLIRNLEQL,26.94,1084.624,9,1.1,543.3199,96.75,11800000.0,31,F31:18897,F120180713_KP_THP1_BB72_P4.raw,1,1.0,Q15833|STXB2_HUMAN,,,PEAKS DB,2,SLIRNLEQL,False,,,N
ILMHHPPQV,1.628,WB,,161,ILMHHPPQV,18.64,1086.5645,9,1.2,544.2902,42.99,655000.0,122,F122:5708,F120180713_KP_THP1_BB72_P8.raw,1,1.0,,Oxidation (M),M3:Oxidation (M):1000.00,PEAKS DB,2,ILM(+15.99)HHPPQV,False,,,N
HPIASFQNF,1.629,WB,,1791,HPIASFQNF,32.87,1059.5138,9,0.7,530.7645,52.28,,1,F1:10534,F120180713_KP_THP1_w632_P1.raw,1,,O00237|RN103_HUMAN,,,PEAKS DB,2,HPIASFQNF,False,1450000.0,1.0,N
FLGYPITL,1.631,WB,,262,FLGYPITL,18.56,922.5164,8,0.3,923.5239,93.86,,7,F7:22004,F120180713_KP_THP1_w632_P7.raw,1,,,,,PEAKS DB,1,FLGYPITL,True,2210000.0,1.0,N
TLVDFDNHL,1.631,WB,,1126,TLVDFDNHL,24.63,1072.5189,9,0.7,537.2671,62.74,7080000.0,28,F28:15244,F120180713_KP_THP1_BB72_P1.raw,1,1.0,O43402|EMC8_HUMAN,,,PEAKS DB,2,TLVDFDNHL,False,,,N
KVLERVNAV,1.632,WB,,4603,KVLERVNAV,28.76,1026.6185,9,0.6,514.3168,47.73,58000000.0,44,F44:8713,F120180713_KP_THP1_BB72_P7.raw,2,2.0,Q9UL46|PSME2_HUMAN,,,PEAKS DB,2,KVLERVNAV,False,,,N
YQYPYAGLY,1.633,WB,,1654,YQYPYAGLY,13.63,1136.5178,9,0.5,569.2665,76.19,,1,F1:19564,F120180713_KP_THP1_w632_P1.raw,1,,,,,PEAKS DB,2,YQYPYAGLY,False,789000.0,1.0,N
FPGKVHSL,1.634,WB,,4295,FPGKVHSL,29.09,883.4916,8,0.9,442.7534,57.15,3610000.0,121,F121:11128,F120180713_KP_THP1_BB72_P10new.raw,2,2.0,Q9NNW5|WDR6_HUMAN,,,PEAKS DB,2,FPGKVHSL,False,,,N
SLAKHGIVAL,1.635,WB,,402,SLAKHGIVAL,14.43,1007.6127,10,1.2,504.8142,53.52,1480000.0,121,F121:9672,F120180713_KP_THP1_BB72_P10new.raw,1,1.0,,,,PEAKS DB,2,SLAKHGIVAL,False,,,N
KLTESNQKL,1.638,WB,,2945,KLTESNQKL,26.5,1059.5924,9,0.6,530.8038,34.02,6450000.0,32,F32:5422,F120180713_KP_THP1_BB72_P5.raw,1,1.0,Q16512|PKN1_HUMAN,,,PEAKS DB,2,KLTESNQKL,False,,,N
QLAPFEVRL,1.639,WB,,3205,QLAPFEVRL,16.44,1071.6077,9,-1.8,536.8101,86.09,366000.0,32,F32:17363,F120180713_KP_THP1_BB72_P5.raw,1,1.0,Q6P9B9|INT5_HUMAN,,,PEAKS DB,2,QLAPFEVRL,False,,,N
RMLSELPAL,1.640,WB,,45,RMLSELPAL,18.22,1044.5637,9,1.0,523.2897,81.27,6490000.0,31,F31:14185,F120180713_KP_THP1_BB72_P4.raw,1,1.0,,Oxidation (M),M2:Oxidation (M):1000.00,PEAKS DB,2,RM(+15.99)LSELPAL,False,,,N
RIMNLTVML,1.641,WB,,177,RIMNLTVML,14.79,1121.5938,9,0.4,561.8044,71.82,1420000.0,44,F44:15821,F120180713_KP_THP1_BB72_P7.raw,1,1.0,,Oxidation (M),M3:Oxidation (M):1000.00;M8:Oxidation (M):1000.00,PEAKS DB,2,RIM(+15.99)NLTVM(+15.99)L,False,,,N
YLHDNIVDY,1.643,WB,,3881,YLHDNIVDY,20.11,1150.5294,9,0.8,576.2725,50.11,,10,F10:11783,F120180713_KP_THP1_w632_P9.raw,1,,Q8IUZ5|AT2L2_HUMAN,,,PEAKS DB,2,YLHDNIVDY,False,826000.0,1.0,N
SLLDLEQKL,1.644,WB,,2287,SLLDLEQKL,23.44,1057.6019,9,1.0,529.8088,91.81,4600000.0,31,F31:17015,F120180713_KP_THP1_BB72_P4.raw,1,1.0,P56589|PEX3_HUMAN,,,PEAKS DB,2,SLLDLEQKL,False,,,N
MPYNHQHKY,1.644,WB,,2018,MPYNHQHKY,39.2,1232.5397,9,0.5,617.2774,19.07,,5,F5:2442,F120180713_KP_THP1_w632_P5.raw,2,,O60427|FADS1_HUMAN,Oxidation (M),M1:Oxidation (M):1000.00,PEAKS DB,2,M(+15.99)PYNHQHKY,False,39000000.0,2.0,N
AVDRFKSL,1.646,WB,,501,AVDRFKSL,22.83,934.5236,8,0.5,468.2693,36.28,,10,F10:6359,F120180713_KP_THP1_w632_P9.raw,1,,O15440|MRP5_HUMAN,,,PEAKS DB,2,AVDRFKSL,False,308000.0,1.0,N
YLNQHIEHV,1.646,WB,,1884,YLNQHIEHV,37.42,1151.5724,9,0.6,576.7938,44.53,8150000.0,44,F44:7463,F120180713_KP_THP1_BB72_P7.raw,2,2.0,P28715|ERCC5_HUMAN,,,PEAKS DB,2,YLNQHIEHV,False,,,N
KLDPKTMKV,1.649,WB,,3472,KLDPKTMKV,20.14,1074.6107,9,0.9,538.3131,29.77,981000.0,44,F44:3933,F120180713_KP_THP1_BB72_P7.raw,1,1.0,Q8IX12|CCAR1_HUMAN,Oxidation (M),M7:Oxidation (M):1000.00,PEAKS DB,2,KLDPKTM(+15.99)KV,False,,,N
FLNDSYLKY,1.651,WB,,3966,FLNDSYLKY,13.22,1161.5706,9,0.5,581.7928,61.44,,1,F1:14044,F120180713_KP_THP1_w632_P1.raw,1,,Q8N3U4|STAG2_HUMAN,,,PEAKS DB,2,FLNDSYLKY,False,1660000.0,1.0,N
SLQERQVFL,1.652,WB,,1137,SLQERQVFL,30.86,1118.6084,9,0.6,560.3118,50.39,4540000.0,28,F28:10448,F120180713_KP_THP1_BB72_P1.raw,1,1.0,O43548|TGM5_HUMAN,,,PEAKS DB,2,SLQERQVFL,False,,,N
ALAPAPPQV,1.653,WB,,2550,ALAPAPPQV,28.5,862.4912,9,1.2,863.4995,59.22,13700000.0,44,F44:13052,F120180713_KP_THP1_BB72_P7.raw,2,2.0,Q04206|TF65_HUMAN,,,PEAKS DB,1,ALAPAPPQV,False,,,N
FLLNELERL,1.654,WB,,296,FLLNELERL,15.74,1145.6444,9,0.9,573.83,81.61,421000.0,28,F28:22370,F120180713_KP_THP1_BB72_P1.raw,1,1.0,,,,PEAKS DB,2,FLLNELERL,False,,,N
GASRHQGPL,1.655,WB,,1442,GASRHQGPL,22.58,921.478,9,0.6,461.7466,30.95,582000.0,32,F32:4529,F120180713_KP_THP1_BB72_P5.raw,1,1.0,P01909|DQA1_HUMAN,,,PEAKS DB,2,GASRHQGPL,False,,,N
RISDVHFSV,1.658,WB,,1379,RISDVHFSV,33.93,1058.5509,9,1.5,530.2835,57.23,19000000.0,121,F121:11163,F120180713_KP_THP1_BB72_P10new.raw,1,1.0,O95503|CBX6_HUMAN,,,PEAKS DB,2,RISDVHFSV,False,,,N
SLATSLPRL,1.659,WB,,1102,SLATSLPRL,21.97,956.5654,9,0.5,479.2902,58.52,4080000.0,29,F29:11871,F120180713_KP_THP1_BB72_P2.raw,1,1.0,O43156|TTI1_HUMAN,,,PEAKS DB,2,SLATSLPRL,False,,,N
GVIEHEHPV,1.659,WB,,2487,GVIEHEHPV,15.03,1015.5087,9,0.2,508.7617,39.77,106000.0,43,F43:6343,F120180713_KP_THP1_BB72_P6.raw,1,1.0,P98082|DAB2_HUMAN,,,PEAKS DB,2,GVIEHEHPV,False,,,N
SVMSILPKI,1.660,WB,,4350,SVMSILPKI,29.77,1002.5783,9,0.7,502.2968,74.86,2380000.0,44,F44:16380,F120180713_KP_THP1_BB72_P7.raw,1,1.0,Q9NRX5|SERC1_HUMAN,Oxidation (M),M3:Oxidation (M):1000.00,PEAKS DB,2,SVM(+15.99)SILPKI,False,,,N
FLIGQGAHV,1.662,WB,,1024,FLIGQGAHV,23.62,940.513,9,1.1,471.2643,60.11,1390000.0,121,F121:12306,F120180713_KP_THP1_BB72_P10new.raw,1,1.0,O14974|MYPT1_HUMAN,,,PEAKS DB,2,FLIGQGAHV,False,,,N
HLNSLDVQL,1.664,WB,,3568,HLNSLDVQL,30.56,1037.5505,9,1.2,519.7831,55.12,5010000.0,28,F28:12275,F120180713_KP_THP1_BB72_P1.raw,2,2.0,Q8NF50|DOCK8_HUMAN,,,PEAKS DB,2,HLNSLDVQL,False,,,N
FQNVQQVEY,1.664,WB,,1498,FQNVQQVEY,17.07,1153.5404,9,0.3,577.7776,52.43,,7,F7:13653,F120180713_KP_THP1_w632_P7.raw,1,,,,,PEAKS DB,2,FQNVQQVEY,False,872000.0,1.0,N
SLLEHFNTV,1.665,WB,,4538,SLLEHFNTV,30.25,1058.5397,9,0.3,530.2773,58.2,3930000.0,29,F29:11748,F120180713_KP_THP1_BB72_P2.raw,1,1.0,Q9UHF7|TRPS1_HUMAN,,,PEAKS DB,2,SLLEHFNTV,False,,,N
ILTGHTQSV,1.665,WB,,184,ILTGHTQSV,14.46,954.5134,9,0.9,478.2644,38.83,333000.0,32,F32:7091,F120180713_KP_THP1_BB72_P5.raw,1,1.0,,,,PEAKS DB,2,ILTGHTQSV,False,,,N
HSSPASSNY,1.665,WB,,3649,HSSPASSNY,27.76,948.3937,9,-0.1,475.2041,20.23,,4,F4:2836,F120180713_KP_THP1_w632_P4.raw,2,,Q6KC79|NIPBL_HUMAN,,,PEAKS DB,2,HSSPASSNY,False,454000.0,2.0,N
ITFVNKHL,1.667,WB,,988,ITFVNKHL,22.4,970.56,8,1.0,486.2878,33.87,,10,F10:5492,F120180713_KP_THP1_w632_P9.raw,1,,Q9HBI1|PARVB_HUMAN,,,PEAKS DB,2,ITFVNKHL,False,484000.0,1.0,N
YLLKAYVLL,1.668,WB,,4131,YLLKAYVLL,22.6,1094.674,9,1.0,548.3448,92.08,760000.0,121,F121:24773,F120180713_KP_THP1_BB72_P10new.raw,1,1.0,Q9BZQ6|EDEM3_HUMAN,,,PEAKS DB,2,YLLKAYVLL,False,,,N
TMLDFPQHV,1.669,WB,,4121,TMLDFPQHV,37.59,1102.5117,9,1.1,552.2637,52.45,13500000.0,29,F29:9739,F120180713_KP_THP1_BB72_P2.raw,2,2.0,Q9BYT8|NEUL_HUMAN,Oxidation (M),M2:Oxidation (M):1000.00,PEAKS DB,2,TM(+15.99)LDFPQHV,False,,,N
HAANQSYQY,1.669,WB,,1971,HAANQSYQY,29.89,1080.4624,9,-0.1,541.2384,24.39,,5,F5:4538,F120180713_KP_THP1_w632_P5.raw,2,,O43707|ACTN4_HUMAN,,,PEAKS DB,2,HAANQSYQY,False,5350000.0,2.0,N
LPHSGEAQL,1.671,WB,,1444,LPHSGEAQL,13.16,950.4821,9,0.1,476.2484,30.9,,6,F6:6897,F120180713_KP_THP1_w632_P6.raw,1,,,,,PEAKS DB,2,LPHSGEAQL,False,1650000.0,1.0,N
TPQAQAQSL,1.671,WB,,5103,TPQAQAQSL,14.27,1023.4274,9,8.5,1024.4434,44.68,,7,F7:10731,F120180713_KP_THP1_w632_P7.raw,1,,Q9Y520|PRC2C_HUMAN,Phosphorylation (STY); Deamidation (NQ),T1:Phosphorylation (STY):52.22;Q7:Deamidation (NQ):26.31,PEAKS DB,1,T(+79.97)PQAQAQ(+.98)SL,False,36900000.0,1.0,N
KMADIEYRL,1.671,WB,,2002,KMADIEYRL,33.79,1137.5852,9,0.6,569.8002,56.31,44000000.0,121,F121:10793,F120180713_KP_THP1_BB72_P10new.raw,1,1.0,P40937|RFC5_HUMAN,,,PEAKS DB,2,KMADIEYRL,False,,,N
VVEAKITL,1.672,WB,,663,VVEAKITL,15.86,871.5378,8,-1.3,872.544,98.39,0.0,31,F31:19546,F120180713_KP_THP1_BB72_P4.raw,0,0.0,,,,PEAKS DB,1,VVEAKITL,False,,,N
TLFDYDVGL,1.673,WB,,3909,TLFDYDVGL,27.63,1041.5018,9,0.0,1042.5092,102.05,13600000.0,43,F43:21052,F120180713_KP_THP1_BB72_P6.raw,2,2.0,Q96PU4|UHRF2_HUMAN,,,PEAKS DB,1,TLFDYDVGL,False,,,N
SLLSHDPRL,1.674,WB,,373,SLLSHDPRL,19.59,1036.5665,9,0.8,519.2909999999998,52.72,4360000.0,121,F121:9352,F120180713_KP_THP1_BB72_P10new.raw,1,1.0,,,,PEAKS DB,2,SLLSHDPRL,False,,,N
FPIPDLQKY,1.675,WB,,2411,FPIPDLQKY,30.58,1119.5964,9,0.6,560.8058,69.64,,2,F2:11639,F120180713_KP_THP1_w632_P2.raw,1,,P14735|IDE_HUMAN,,,PEAKS DB,2,FPIPDLQKY,False,5740000.0,1.0,N
NQMPTQPQV,1.676,WB,,2595,NQMPTQPQV,25.36,1057.4862,9,0.1,529.7504,34.47,13500000.0,43,F43:4858,F120180713_KP_THP1_BB72_P6.raw,3,3.0,Q09472|EP300_HUMAN,Oxidation (M),M3:Oxidation (M):1000.00,PEAKS DB,2,NQM(+15.99)PTQPQV,False,,,N
YSHTGRII,1.676,WB,,921,YSHTGRII,15.44,945.5032,8,-0.3,473.7587,25.58,,7,F7:3945,F120180713_KP_THP1_w632_P7.raw,1,,Q969X5|ERGI1_HUMAN,,,PEAKS DB,2,YSHTGRII,False,529000.0,1.0,N
MPNGTVQRF,1.677,WB,,3142,MPNGTVQRF,36.43,1064.5073,9,-0.3,533.2608,28.85,,7,F7:5059,F120180713_KP_THP1_w632_P7.raw,5,,Q12830|BPTF_HUMAN,Oxidation (M),M1:Oxidation (M):1000.00,PEAKS DB,2,M(+15.99)PNGTVQRF,False,47200000.0,5.0,N
KLISELQKL,1.677,WB,,3114,KLISELQKL,31.06,1070.6699,9,3.2,536.3439,44.16,44000000.0,29,F29:7079,F120180713_KP_THP1_BB72_P2.raw,2,2.0,Q5UIP0|RIF1_HUMAN,,,PEAKS DB,2,KLISELQKL,False,,,N
YLPPGFLSA,1.678,WB,,1975,YLPPGFLSA,17.81,963.5065,9,1.1,482.7611,81.59,21200.0,29,F29:20661,F120180713_KP_THP1_BB72_P2.raw,1,1.0,P36956|SRBP1_HUMAN,,,PEAKS DB,2,YLPPGFLSA,False,,,N
RMLDSVEKL,1.678,WB,,2279,RMLDSVEKL,18.2,1105.5801,9,0.9,553.7978,88.74,4010000.0,123,F123:16218,F120180713_KP_THP1_BB72_P9new.raw,3,3.0,P55160|NCKPL_HUMAN,Oxidation (M),M2:Oxidation (M):1000.00,PEAKS DB,2,RM(+15.99)LDSVEKL,False,,,N
LPVDFERSF,1.678,WB,,4053,LPVDFERSF,16.6,1108.5553,9,0.9,555.2854,66.69,,3,F3:14265,F120180713_KP_THP1_w632_P3.raw,1,,Q8TCU4|ALMS1_HUMAN,,,PEAKS DB,2,LPVDFERSF,False,1140000.0,1.0,N
TSKARDIVF,1.679,WB,,4663,TSKARDIVF,28.44,1035.5713,9,1.3,518.7936,31.27,,10,F10:4604,F120180713_KP_THP1_w632_P9.raw,1,,Q9HAI6|CX021_HUMAN,,,PEAKS DB,2,TSKARDIVF,False,16300000.0,1.0,N
IGIDLGTTY,1.680,WB,,2607,IGIDLGTTY,19.39,951.4913,9,0.7,952.4992,78.28,,1,F1:20340,F120180713_KP_THP1_w632_P1.raw,1,,P34931|HS71L_HUMAN:P0DMV9|HS71B_HUMAN:P0DMV8|HS71A_HUMAN,,,PEAKS DB,1,IGIDLGTTY,False,31800000.0,1.0,N
NPYPRSHPY,1.682,WB,,2423,NPYPRSHPY,27.8,1129.5305,9,0.4,565.7728,23.54,,6,F6:3994,F120180713_KP_THP1_w632_P6.raw,2,,P15408|FOSL2_HUMAN,,,PEAKS DB,2,NPYPRSHPY,False,14700000.0,2.0,N
TLTKVLVAL,1.683,WB,,3958,TLTKVLVAL,19.2,956.627,9,2.0,479.3217,92.43,825000.0,31,F31:17235,F120180713_KP_THP1_BB72_P4.raw,1,1.0,Q99417|MYCBP_HUMAN,,,PEAKS DB,2,TLTKVLVAL,False,,,N
ILQEFESKL,1.685,WB,,2546,ILQEFESKL,26.03,1105.6019,9,0.9,553.8087,58.29,2010000.0,28,F28:13517,F120180713_KP_THP1_BB72_P1.raw,1,1.0,Q03468|ERCC6_HUMAN,,,PEAKS DB,2,ILQEFESKL,False,,,N
RLIEETISI,1.686,WB,,1358,RLIEETISI,21.96,1072.6128,9,0.0,537.3137,60.06,15200000.0,29,F29:12479,F120180713_KP_THP1_BB72_P2.raw,1,1.0,O95249|GOSR1_HUMAN,,,PEAKS DB,2,RLIEETISI,False,,,N
KQDSLVINL,1.687,WB,,4812,KQDSLVINL,24.09,1028.5865,9,0.5,515.3008,59.51,2260000.0,29,F29:12263,F120180713_KP_THP1_BB72_P2.raw,1,1.0,Q9Y5B9|SP16H_HUMAN,,,PEAKS DB,2,KQDSLVINL,False,,,N
SVLENLTNV,1.687,WB,,987,SVLENLTNV,22.52,987.5237,9,0.5,494.7694,74.5,263000.0,29,F29:17857,F120180713_KP_THP1_BB72_P2.raw,1,1.0,O00763|ACACB_HUMAN,,,PEAKS DB,2,SVLENLTNV,False,,,N
FMDNTTLLI,1.688,WB,,366,FMDNTTLLI,19.01,1082.5317,9,0.3,542.2733,88.68,2690000.0,43,F43:17501,F120180713_KP_THP1_BB72_P6.raw,1,1.0,,Oxidation (M),M2:Oxidation (M):1000.00,PEAKS DB,2,FM(+15.99)DNTTLLI,False,,,N
ALSHILTAL,1.693,WB,,2197,ALSHILTAL,22.83,937.5596,9,-0.4,469.7869,55.87,,3,F3:10382,F120180713_KP_THP1_w632_P3.raw,2,,O95714|HERC2_HUMAN,,,PEAKS DB,2,ALSHILTAL,False,3940000.0,2.0,N
QVVGKLIEV,1.695,WB,,2541,QVVGKLIEV,20.42,983.6015,9,1.0,492.8085,51.31,3740000.0,28,F28:10789,F120180713_KP_THP1_BB72_P1.raw,2,2.0,Q02880|TOP2B_HUMAN,,,PEAKS DB,2,QVVGKLIEV,False,,,N
YIEQTLVTV,1.695,WB,,1843,YIEQTLVTV,26.22,1064.5753,9,0.8,533.2953,71.92,2610000.0,28,F28:18606,F120180713_KP_THP1_BB72_P1.raw,1,1.0,P25490|TYY1_HUMAN,,,PEAKS DB,2,YIEQTLVTV,False,,,N
TLMLEHQAF,1.696,WB,,5089,TLMLEHQAF,36.24,1104.5273,9,0.5,553.2712,48.85,,1,F1:9298,F120180713_KP_THP1_w632_P1.raw,2,,Q9Y4A5|TRRAP_HUMAN,Oxidation (M),M3:Oxidation (M):1000.00,PEAKS DB,2,TLM(+15.99)LEHQAF,False,13600000.0,2.0,N
LTGAVGSLL,1.697,WB,,1202,LTGAVGSLL,14.98,829.4909,9,1.5,830.4995,67.29,,1,F1:16130,F120180713_KP_THP1_w632_P1.raw,1,,,,,PEAKS DB,1,LTGAVGSLL,False,31700000.0,1.0,N
LSTVLKLML,1.698,WB,,597,LSTVLKLML,18.65,1032.6252,9,0.3,1033.6328,79.94,4390000.0,121,F121:20154,F120180713_KP_THP1_BB72_P10new.raw,1,1.0,,Oxidation (M),M8:Oxidation (M):1000.00,PEAKS DB,1,LSTVLKLM(+15.99)L,False,,,N
TPYDSSASY,1.698,WB,,3199,TPYDSSASY,31.51,989.3978,9,-0.2,990.4048,40.7,,5,F5:9942,F120180713_KP_THP1_w632_P5.raw,2,,Q13422|IKZF1_HUMAN,,,PEAKS DB,1,TPYDSSASY,False,76800000.0,2.0,N
YVFENTVATV,1.698,WB,,2147,YVFENTVATV,20.02,1141.5656,10,0.9,571.7906,77.12,5090000.0,121,F121:19096,F120180713_KP_THP1_BB72_P10new.raw,2,2.0,P49588|SYAC_HUMAN,,,PEAKS DB,2,YVFENTVATV,False,,,N
SLIEYIKQV,1.699,WB,,1714,SLIEYIKQV,26.05,1091.6227,9,0.8,546.819,92.52,1580000.0,31,F31:17267,F120180713_KP_THP1_BB72_P4.raw,1,1.0,P14384|CBPM_HUMAN,,,PEAKS DB,2,SLIEYIKQV,False,,,N
FPFNQSPAAF,1.702,WB,,5419,FPFNQSPAAF,15.01,1124.5291,10,0.5,563.2721,83.39,,4,F4:14962,F120180713_KP_THP1_w632_P4.raw,2,,P49790|NU153_HUMAN,,,PEAKS DB,2,FPFNQSPAAF,False,617000.0,2.0,N
SLFEEMLQV,1.704,WB,,2321,SLFEEMLQV,23.32,1110.5267,9,0.6,556.271,82.21,15700000.0,29,F29:20905,F120180713_KP_THP1_BB72_P2.raw,2,2.0,P61011|SRP54_HUMAN,Oxidation (M),M6:Oxidation (M):1000.00,PEAKS DB,2,SLFEEM(+15.99)LQV,False,,,N
RARELLVSY,1.704,WB,,5102,RARELLVSY,22.77,1105.6244,9,-0.7,553.8191,36.76,,8,F8:5404,F120180713_KP_THP1_w632_P10.raw,1,,Q9Y4W2|LAS1L_HUMAN,,,PEAKS DB,2,RARELLVSY,False,42100000.0,1.0,N
NIIELVHQV,1.705,WB,,2065,NIIELVHQV,29.66,1063.6025,9,0.7,1064.6106,90.09,75300000.0,31,F31:16459,F120180713_KP_THP1_BB72_P4.raw,2,2.0,P43405|KSYK_HUMAN,,,PEAKS DB,1,NIIELVHQV,False,,,N
SVKLEYSSF,1.705,WB,,4739,SVKLEYSSF,26.94,1058.5284,9,1.6,530.2723,52.18,,8,F8:10822,F120180713_KP_THP1_w632_P10.raw,1,,Q9NS87|KIF15_HUMAN,,,PEAKS DB,2,SVKLEYSSF,False,658000.0,1.0,N
YVHDDGRVSY,1.705,WB,,5306,YVHDDGRVSY,31.7,1209.5414,10,0.3,605.7781,26.14,,6,F6:5023,F120180713_KP_THP1_w632_P6.raw,3,,O60234|GMFG_HUMAN,,,PEAKS DB,2,YVHDDGRVSY,False,48900000.0,3.0,N
YLSPDLSKV,1.707,WB,,2418,YLSPDLSKV,25.63,1020.5491,9,1.8,511.2827,52.31,,10,F10:12633,F120180713_KP_THP1_w632_P9.raw,1,,P15056|BRAF_HUMAN,,,PEAKS DB,2,YLSPDLSKV,False,587000.0,1.0,N
HASDVLENAF,1.707,WB,,5668,HASDVLENAF,27.67,1101.509,10,0.8,551.7622,55.03,,1,F1:11583,F120180713_KP_THP1_w632_P1.raw,1,,Q9H4A6|GOLP3_HUMAN,,,PEAKS DB,2,HASDVLENAF,False,534000.0,1.0,N
KLDKTKAEL,1.707,WB,,4026,KLDKTKAEL,24.95,1044.6179,9,0.4,523.3165,21.09,,6,F6:3024,F120180713_KP_THP1_w632_P6.raw,1,,Q8NF50|DOCK8_HUMAN,,,PEAKS DB,2,KLDKTKAEL,False,831000.0,1.0,N
RPVPKGATY,1.708,WB,,2910,RPVPKGATY,33.05,987.5501,9,0.5,494.7826,21.25,,5,F5:3310,F120180713_KP_THP1_w632_P5.raw,1,,P61313|RL15_HUMAN,,,PEAKS DB,2,RPVPKGATY,False,4880000.0,1.0,N
DPFGRPTSF,1.711,WB,,4662,DPFGRPTSF,25.31,1022.4821,9,0.4,512.2485,56.05,,8,F8:12310,F120180713_KP_THP1_w632_P10.raw,1,,Q9HAH7|FBRS_HUMAN,,,PEAKS DB,2,DPFGRPTSF,False,3730000.0,1.0,N
FPKHQDLQF,1.712,WB,,3570,FPKHQDLQF,27.74,1158.5822,9,1.3,580.2991,39.02,,8,F8:6040,F120180713_KP_THP1_w632_P10.raw,1,,Q5T280|CI114_HUMAN,,,PEAKS DB,2,FPKHQDLQF,False,7650000.0,1.0,N
YLQGLEARL,1.715,WB,,4028,YLQGLEARL,27.44,1061.5869,9,0.7,531.8011,56.11,6100000.0,28,F28:12669,F120180713_KP_THP1_BB72_P1.raw,2,2.0,Q99941|ATF6B_HUMAN,,,PEAKS DB,2,YLQGLEARL,False,,,N
QLLQIQTEL,1.716,WB,,4358,QLLQIQTEL,14.77,1084.6128,9,3.6,543.3156,108.63,296000.0,30,F30:20988,F120180713_KP_THP1_BB72_P3.raw,1,1.0,Q9NS87|KIF15_HUMAN,,,PEAKS DB,2,QLLQIQTEL,False,,,N
YPSIHITAY,1.717,WB,,3510,YPSIHITAY,36.99,1063.5338,9,1.1,532.7748,56.94,,1,F1:12326,F120180713_KP_THP1_w632_P1.raw,3,,Q4J6C6|PPCEL_HUMAN,,,PEAKS DB,2,YPSIHITAY,False,42000000.0,3.0,N
IPIHADPRL,1.718,WB,,1059,IPIHADPRL,22.03,1030.5923,9,1.3,516.3041,54.22,3360000.0,29,F29:10283,F120180713_KP_THP1_BB72_P2.raw,1,1.0,O15160|RPAC1_HUMAN,,,PEAKS DB,2,IPIHADPRL,False,,,N
TPFDGTMVY,1.718,WB,,1071,TPFDGTMVY,27.21,1045.4426,9,0.7,1046.4507,66.9,,1,F1:15995,F120180713_KP_THP1_w632_P1.raw,2,,A0PJE2|DHR12_HUMAN,Oxidation (M),M7:Oxidation (M):1000.00,PEAKS DB,1,TPFDGTM(+15.99)VY,False,7300000.0,2.0,N
SPSKPTLAY,1.720,WB,,3868,SPSKPTLAY,29.1,962.5073,9,-0.7,482.2606,33.5,,7,F7:6788,F120180713_KP_THP1_w632_P7.raw,1,,Q86XR8|CEP57_HUMAN,,,PEAKS DB,2,SPSKPTLAY,False,4310000.0,1.0,N
ALDKATVLL,1.720,WB,,3019,ALDKATVLL,28.66,942.575,9,1.2,943.5834,54.47,83600000.0,28,F28:12015,F120180713_KP_THP1_BB72_P1.raw,2,2.0,Q53EL6|PDCD4_HUMAN,,,PEAKS DB,1,ALDKATVLL,False,,,N
FPNPLISKY,1.721,WB,,3503,FPNPLISKY,35.3,1077.5858,9,1.1,539.8008,60.75,,3,F3:12064,F120180713_KP_THP1_w632_P3.raw,1,,Q3T8J9|GON4L_HUMAN,,,PEAKS DB,2,FPNPLISKY,False,11900000.0,1.0,N
NLLDPPPEV,1.722,WB,,2035,NLLDPPPEV,25.47,992.5178,9,0.8,497.2666,78.17,3360000.0,121,F121:19507,F120180713_KP_THP1_BB72_P10new.raw,3,3.0,P42356|PI4KA_HUMAN,,,PEAKS DB,2,NLLDPPPEV,False,,,N
FPPREIVTY,1.722,WB,,1421,FPPREIVTY,12.92,1120.5917,9,2.6,561.3046,53.31,,3,F3:9555,F120180713_KP_THP1_w632_P3.raw,2,,,,,PEAKS DB,2,FPPREIVTY,False,167000.0,2.0,N
QTIGNHASY,1.722,WB,,1266,QTIGNHASY,17.95,989.4567,9,-0.8,495.7352,24.75,,5,F5:4669,F120180713_KP_THP1_w632_P5.raw,1,,,,,PEAKS DB,2,QTIGNHASY,False,851000.0,1.0,N
ADPNIRFL,1.723,WB,,848,ADPNIRFL,25.29,944.5079,8,0.2,473.2614,58.07,,3,F3:11085,F120180713_KP_THP1_w632_P3.raw,2,,Q86WV6|STING_HUMAN,,,PEAKS DB,2,ADPNIRFL,False,2390000.0,2.0,N
GLLENSPHL,1.723,WB,,4833,GLLENSPHL,22.59,978.5134,9,0.8,490.2644,62.57,2410000.0,121,F121:13291,F120180713_KP_THP1_BB72_P10new.raw,1,1.0,Q9Y620|RA54B_HUMAN,,,PEAKS DB,2,GLLENSPHL,False,,,N
NPYEYENSF,1.724,WB,,2835,NPYEYENSF,23.06,1161.4614,9,1.4,581.7388,61.1,,10,F10:15981,F120180713_KP_THP1_w632_P9.raw,1,,P52738|ZN140_HUMAN,,,PEAKS DB,2,NPYEYENSF,False,887000.0,1.0,N
MPVTARVVF,1.727,WB,,2565,MPVTARVVF,26.62,1034.5582,9,0.4,518.2866,47.77,,3,F3:7746,F120180713_KP_THP1_w632_P3.raw,1,,P30041|PRDX6_HUMAN,Oxidation (M),M1:Oxidation (M):1000.00,PEAKS DB,2,M(+15.99)PVTARVVF,False,2740000.0,1.0,N
NLAEDIMRL,1.728,WB,,1580,NLAEDIMRL,22.23,1073.554,9,0.5,537.7845,90.85,2040000.0,121,F121:24288,F120180713_KP_THP1_BB72_P10new.raw,1,1.0,P08670|VIME_HUMAN,,,PEAKS DB,2,NLAEDIMRL,False,,,N
GLFQGKTPL,1.730,WB,,4622,GLFQGKTPL,32.72,959.544,9,1.0,480.7798,51.77,18800000.0,28,F28:10962,F120180713_KP_THP1_BB72_P1.raw,1,1.0,Q9ULW0|TPX2_HUMAN,,,PEAKS DB,2,GLFQGKTPL,False,,,N
YPADFNIQY,1.732,WB,,4784,YPADFNIQY,29.96,1129.5079,9,0.7,565.7617,77.52,,3,F3:17883,F120180713_KP_THP1_w632_P3.raw,4,,Q9NVR2|INT10_HUMAN,,,PEAKS DB,2,YPADFNIQY,False,45200000.0,4.0,N
RLLHEVQEL,1.732,WB,,2694,RLLHEVQEL,23.82,1135.6349,9,0.4,568.825,60.14,7890000.0,121,F121:12317,F120180713_KP_THP1_BB72_P10new.raw,1,1.0,Q13561|DCTN2_HUMAN,,,PEAKS DB,2,RLLHEVQEL,False,,,N
QVKQENISF,1.733,WB,,1267,QVKQENISF,18.38,1091.561,9,1.1,546.7884,38.12,,9,F9:7530,F120180713_KP_THP1_w632_P8.raw,1,,,,,PEAKS DB,2,QVKQENISF,False,4690000.0,1.0,N
FLNDIFERI,1.733,WB,,3159,FLNDIFERI,23.82,1165.6132,9,2.0,583.815,94.77,1740000.0,121,F121:25843,F120180713_KP_THP1_BB72_P10new.raw,1,1.0,Q6DN03|H2B2C_HUMAN:Q6DRA6|H2B2D_HUMAN,,,PEAKS DB,2,FLNDIFERI,False,,,N
RLASTLVHL,1.734,WB,,2504,RLASTLVHL,25.78,1008.608,9,0.6,505.3116,41.27,56600000.0,28,F28:7007,F120180713_KP_THP1_BB72_P1.raw,1,1.0,Q00610|CLH1_HUMAN:P53675|CLH2_HUMAN,,,PEAKS DB,2,RLASTLVHL,False,,,N
ALNEQIARL,1.737,WB,,1016,ALNEQIARL,26.98,1026.5822,9,1.2,514.299,56.53,86900000.0,121,F121:10883,F120180713_KP_THP1_BB72_P10new.raw,2,2.0,O14777|NDC80_HUMAN,,,PEAKS DB,2,ALNEQIARL,False,,,N
KLMEQLANL,1.739,WB,,3143,KLMEQLANL,16.49,1074.5743,9,0.9,538.2949,45.53,1100000.0,29,F29:7473,F120180713_KP_THP1_BB72_P2.raw,1,1.0,Q66K14|TBC9B_HUMAN,Oxidation (M),M3:Oxidation (M):1000.00,PEAKS DB,2,KLM(+15.99)EQLANL,False,,,N
NQSELAVLL,1.741,WB,,4827,NQSELAVLL,19.22,985.5444,9,0.5,986.5522,72.84,,1,F1:18250,F120180713_KP_THP1_w632_P1.raw,1,,Q9NYV4|CDK12_HUMAN,,,PEAKS DB,1,NQSELAVLL,False,1430000.0,1.0,N
SLQANVQRL,1.741,WB,,1860,SLQANVQRL,20.28,1027.5774,9,0.5,514.7962,49.0,480000.0,122,F122:6842,F120180713_KP_THP1_BB72_P8.raw,1,1.0,P26373|RL13_HUMAN,,,PEAKS DB,2,SLQANVQRL,False,,,N
SLQEGSYLL,1.741,WB,,309,SLQEGSYLL,15.95,1008.5128,9,-0.3,1009.5198,72.65,25200000.0,28,F28:18899,F120180713_KP_THP1_BB72_P1.raw,2,2.0,,,,PEAKS DB,1,SLQEGSYLL,False,,,N
LPKTEMTSL,1.742,WB,,4201,LPKTEMTSL,21.19,1034.5317,9,0.9,518.2736,31.63,,10,F10:4730,F120180713_KP_THP1_w632_P9.raw,1,,Q92851|CASPA_HUMAN,Oxidation (M),M6:Oxidation (M):1000.00,PEAKS DB,2,LPKTEM(+15.99)TSL,False,2050000.0,1.0,N
TPISEHAVF,1.743,WB,,4866,TPISEHAVF,38.06,999.5025,9,1.0,500.759,45.92,,10,F10:10131,F120180713_KP_THP1_w632_P9.raw,3,,Q9P2J5|SYLC_HUMAN,,,PEAKS DB,2,TPISEHAVF,False,66300000.0,3.0,N
MPNVKVAVF,1.744,WB,,3243,MPNVKVAVF,35.58,1003.5524,9,0.8,502.7839,60.19,,3,F3:11852,F120180713_KP_THP1_w632_P3.raw,2,,Q13838|DX39B_HUMAN,,,PEAKS DB,2,MPNVKVAVF,False,27900000.0,2.0,N
ALSQINTKL,1.748,WB,,771,ALSQINTKL,16.09,986.576,9,0.7,494.2956,50.69,2070000.0,122,F122:7255,F120180713_KP_THP1_BB72_P8.raw,1,1.0,,,,PEAKS DB,2,ALSQINTKL,False,,,N
TLYEQEIEV,1.749,WB,,3492,TLYEQEIEV,22.1,1122.5444,9,0.6,562.2798,72.69,840000.0,121,F121:17333,F120180713_KP_THP1_BB72_P10new.raw,1,1.0,Q8IYK4|GT252_HUMAN,,,PEAKS DB,2,TLYEQEIEV,False,,,N
GLASVVQAL,1.750,WB,,3539,GLASVVQAL,19.02,856.5018,9,1.1,857.5099,94.08,4570000.0,31,F31:17844,F120180713_KP_THP1_BB72_P4.raw,1,1.0,Q8NB46|ANR52_HUMAN,,,PEAKS DB,1,GLASVVQAL,False,,,N
FDYQHGAAF,1.750,WB,,4084,FDYQHGAAF,28.66,1054.4508,9,1.5,528.2335,50.38,,10,F10:11889,F120180713_KP_THP1_w632_P9.raw,1,,Q8TF01|PNISR_HUMAN,,,PEAKS DB,2,FDYQHGAAF,False,5110000.0,1.0,N
YPKANIVAY,1.752,WB,,4885,YPKANIVAY,37.97,1037.5546,9,0.6,1038.5625,43.84,,9,F9:9755,F120180713_KP_THP1_w632_P8.raw,3,,Q9UBT2|SAE2_HUMAN,,,PEAKS DB,1,YPKANIVAY,False,235000000.0,3.0,N
TVIDSQTHY,1.753,WB,,5068,TVIDSQTHY,29.79,1062.4982,9,0.1,532.2564,32.83,,6,F6:7652,F120180713_KP_THP1_w632_P6.raw,2,,Q9Y3Q3|TMED3_HUMAN,,,PEAKS DB,2,TVIDSQTHY,False,119000000.0,2.0,N
NAISSSSLY,1.756,WB,,3701,NAISSSSLY,25.08,940.4501,9,0.0,941.4574,49.36,,7,F7:12449,F120180713_KP_THP1_w632_P7.raw,2,,Q6UUV9|CRTC1_HUMAN,,,PEAKS DB,1,NAISSSSLY,False,16600000.0,2.0,N
YPKPIEYEY,1.756,WB,,2209,YPKPIEYEY,20.83,1200.5702,9,1.7,601.2934,49.19,,10,F10:11420,F120180713_KP_THP1_w632_P9.raw,1,,O95835|LATS1_HUMAN,,,PEAKS DB,2,YPKPIEYEY,False,2170000.0,1.0,N
RTLENPVNV,1.756,WB,,1035,RTLENPVNV,25.05,1040.5614,9,1.3,521.2886,51.45,3410000.0,44,F44:10124,F120180713_KP_THP1_BB72_P7.raw,1,1.0,O15027|SC16A_HUMAN,,,PEAKS DB,2,RTLENPVNV,False,,,N
VVAEFVPLI,1.757,WB,,4771,VVAEFVPLI,18.5,985.5848,9,1.8,986.5938,106.71,2470000.0,121,F121:30578,F120180713_KP_THP1_BB72_P10new.raw,1,1.0,Q9Y4A5|TRRAP_HUMAN,,,PEAKS DB,1,VVAEFVPLI,False,,,N
KLLESWLTL,1.758,WB,,4147,KLLESWLTL,23.71,1101.6433,9,1.3,551.8297,83.63,2190000.0,28,F28:23167,F120180713_KP_THP1_BB72_P1.raw,1,1.0,Q9C0E2|XPO4_HUMAN,,,PEAKS DB,2,KLLESWLTL,False,,,N
KLNATNIEL,1.758,WB,,1875,KLNATNIEL,23.93,1015.5549,9,0.8,1016.563,62.1,78200000.0,121,F121:13101,F120180713_KP_THP1_BB72_P10new.raw,2,2.0,P28066|PSA5_HUMAN,Deamidation (NQ),N3:Deamidation (NQ):32.97,PEAKS DB,1,KLN(+.98)ATNIEL,False,,,N
SLDQHVAAV,1.762,WB,,3455,SLDQHVAAV,31.13,938.4821,9,0.0,470.2483,44.88,8220000.0,43,F43:8075,F120180713_KP_THP1_BB72_P6.raw,2,2.0,Q8IWT3|CUL9_HUMAN,,,PEAKS DB,2,SLDQHVAAV,False,,,N
HPFPHPAF,1.763,WB,,760,HPFPHPAF,15.04,948.4606,8,-1.1,475.237,36.72,,8,F8:5392,F120180713_KP_THP1_w632_P10.raw,1,,Q14687|GSE1_HUMAN,,,PEAKS DB,2,HPFPHPAF,False,4230000.0,1.0,N
QAVAIFTVY,1.764,WB,,4588,QAVAIFTVY,27.33,1010.5436,9,0.1,1011.551,86.39,,4,F4:15802,F120180713_KP_THP1_w632_P4.raw,5,,Q9H1C4|UN93B_HUMAN,,,PEAKS DB,1,QAVAIFTVY,False,91300000.0,5.0,N
ALSDSIHTV,1.764,WB,,4600,ALSDSIHTV,27.93,941.4818,9,0.2,471.7483,48.04,19100000.0,44,F44:8833,F120180713_KP_THP1_BB72_P7.raw,1,1.0,Q9UKN5|PRDM4_HUMAN,,,PEAKS DB,2,ALSDSIHTV,False,,,N
EAIIPGSVY,1.765,WB,,4203,EAIIPGSVY,22.46,947.4963,9,1.8,948.5053,71.51,,8,F8:17968,F120180713_KP_THP1_w632_P10.raw,2,,Q92900|RENT1_HUMAN,,,PEAKS DB,1,EAIIPGSVY,False,75800000.0,2.0,N
AVMTDLPVI,1.765,WB,,3350,AVMTDLPVI,19.39,973.5154,9,1.3,487.7656,84.34,697000.0,31,F31:14958,F120180713_KP_THP1_BB72_P4.raw,1,1.0,Q7Z3U7|MON2_HUMAN,Oxidation (M),M3:Oxidation (M):1000.00,PEAKS DB,2,AVM(+15.99)TDLPVI,False,,,N
ALAPTPSAV,1.766,WB,,680,ALAPTPSAV,17.13,825.4596,9,1.2,826.4679,53.72,3300000.0,44,F44:10973,F120180713_KP_THP1_BB72_P7.raw,1,1.0,,,,PEAKS DB,1,ALAPTPSAV,False,,,N
YPNGVVVHY,1.766,WB,,4304,YPNGVVVHY,41.31,1046.5186,9,0.3,524.2667,45.14,,9,F9:10244,F120180713_KP_THP1_w632_P8.raw,3,,Q96JC1|VPS39_HUMAN,,,PEAKS DB,2,YPNGVVVHY,False,73600000.0,3.0,N
TLLRQAVEL,1.767,WB,,4236,TLLRQAVEL,28.06,1041.6182,9,2.0,521.8174,53.77,446000.0,28,F28:11736,F120180713_KP_THP1_BB72_P1.raw,1,1.0,Q9H7D7|WDR26_HUMAN,,,PEAKS DB,2,TLLRQAVEL,False,,,N
LAEKEHKL,1.768,WB,,534,LAEKEHKL,15.1,966.5498,8,1.4,484.2828,37.09,222000.0,32,F32:6467,F120180713_KP_THP1_BB72_P5.raw,1,1.0,,,,PEAKS DB,2,LAEKEHKL,False,,,N
FLDMTNWNL,1.768,WB,,4221,FLDMTNWNL,25.35,1168.5223,9,0.8,585.2689,93.69,3280000.0,121,F121:25417,F120180713_KP_THP1_BB72_P10new.raw,1,1.0,Q9H6K1|CF106_HUMAN,Oxidation (M),M4:Oxidation (M):1000.00,PEAKS DB,2,FLDM(+15.99)TNWNL,False,,,N
FLDESRSTQYM,1.771,WB,,5917,FLDESRSTQYM,21.08,1391.6027,11,1.6,696.8098,39.33,,10,F10:7543,F120180713_KP_THP1_w632_P9.raw,1,,Q9Y230|RUVB2_HUMAN,Oxidation (M),M11:Oxidation (M):1000.00,PEAKS DB,2,FLDESRSTQYM(+15.99),False,2410000.0,1.0,N
EAYPLPGVTY,1.772,WB,,5183,EAYPLPGVTY,13.58,1108.5441,10,0.6,555.2797,76.98,,1,F1:19863,F120180713_KP_THP1_w632_P1.raw,1,,,,,PEAKS DB,2,EAYPLPGVTY,False,774000.0,1.0,N
ELLDYLPQL,1.772,WB,,986,ELLDYLPQL,21.18,1102.5909,9,1.7,552.3037,109.83,287000.0,121,F121:31827,F120180713_KP_THP1_BB72_P10new.raw,1,1.0,O00750|P3C2B_HUMAN,,,PEAKS DB,2,ELLDYLPQL,False,,,N
RLFSVPHVV,1.772,WB,,2258,RLFSVPHVV,25.84,1052.613,9,0.7,527.3141,50.02,3920000.0,29,F29:8894,F120180713_KP_THP1_BB72_P2.raw,1,1.0,P54198|HIRA_HUMAN,,,PEAKS DB,2,RLFSVPHVV,False,,,N
SLYREILFL,1.773,WB,,3356,SLYREILFL,21.46,1152.6543,9,1.0,577.335,84.4,5550000.0,29,F29:21740,F120180713_KP_THP1_BB72_P2.raw,1,1.0,Q7Z401|MYCPP_HUMAN,,,PEAKS DB,2,SLYREILFL,False,,,N
YMADRLLGV,1.774,WB,,2846,YMADRLLGV,33.54,1052.5325,9,1.5,527.2743,54.35,7650000.0,29,F29:10335,F120180713_KP_THP1_BB72_P2.raw,2,2.0,Q14999|CUL7_HUMAN,Oxidation (M),M2:Oxidation (M):1000.00,PEAKS DB,2,YM(+15.99)ADRLLGV,False,,,N
RVAPEEHPV,1.774,WB,,2306,RVAPEEHPV,18.99,1032.5352,9,0.8,517.2753,34.06,1190000.0,32,F32:5430,F120180713_KP_THP1_BB72_P5.raw,1,1.0,P60709|ACTB_HUMAN,,,PEAKS DB,2,RVAPEEHPV,False,,,N
KLIEKNYFL,1.774,WB,,4409,KLIEKNYFL,29.29,1166.6699,9,0.8,584.3427,46.86,9760000.0,29,F29:7863,F120180713_KP_THP1_BB72_P2.raw,1,1.0,Q9NVP1|DDX18_HUMAN,,,PEAKS DB,2,KLIEKNYFL,False,,,N
TGVYTEHVF,1.775,WB,,1594,TGVYTEHVF,12.6,1051.4974,9,3.0,526.7576,36.51,,7,F7:7938,F120180713_KP_THP1_w632_P7.raw,1,,,,,PEAKS DB,2,TGVYTEHVF,False,1170000.0,1.0,N
VNNQGLTPL,1.775,WB,,1672,VNNQGLTPL,15.26,954.5134,9,4.4,955.5249,53.18,,1,F1:10876,F120180713_KP_THP1_w632_P1.raw,1,,,,,PEAKS DB,1,VNNQGLTPL,False,105000.0,1.0,N
SPMQRHSTY,1.776,WB,,3549,SPMQRHSTY,31.82,1121.4924,9,0.3,561.7537,19.04,,5,F5:2429,F120180713_KP_THP1_w632_P5.raw,1,,Q5M775|CYTSB_HUMAN,Oxidation (M),M3:Oxidation (M):1000.00,PEAKS DB,2,SPM(+15.99)QRHSTY,False,1400000.0,1.0,N
IMPHSVPGL,1.779,WB,,4556,IMPHSVPGL,25.7,965.5004,9,1.2,483.7581,51.11,2830000.0,121,F121:8742,F120180713_KP_THP1_BB72_P10new.raw,1,1.0,Q9UI36|DACH1_HUMAN,Oxidation (M),M2:Oxidation (M):1000.00,PEAKS DB,2,IM(+15.99)PHSVPGL,False,,,N
YQRQLSSTY,1.779,WB,,2884,YQRQLSSTY,31.11,1144.5513,9,0.0,573.2829,29.3,,6,F6:6264,F120180713_KP_THP1_w632_P6.raw,1,,P56817|BACE1_HUMAN,,,PEAKS DB,2,YQRQLSSTY,False,9290000.0,1.0,N
ILTETQQGL,1.779,WB,,1251,ILTETQQGL,29.65,1001.5393,9,0.6,501.7773,56.42,3110000.0,44,F44:12015,F120180713_KP_THP1_BB72_P7.raw,1,1.0,O75179|ANR17_HUMAN,,,PEAKS DB,2,ILTETQQGL,False,,,N
SPYHQPTSY,1.781,WB,,4945,SPYHQPTSY,19.68,1078.4719,9,0.3,540.2434,28.3,,5,F5:5920,F120180713_KP_THP1_w632_P5.raw,1,,Q9ULI0|ATD2B_HUMAN,,,PEAKS DB,2,SPYHQPTSY,False,1360000.0,1.0,N
AMAPGAPQV,1.781,WB,,2488,AMAPGAPQV,18.21,856.4113,9,0.7,857.4191,40.98,892000.0,43,F43:6782,F120180713_KP_THP1_BB72_P6.raw,1,1.0,P98160|PGBM_HUMAN,Oxidation (M),M2:Oxidation (M):1000.00,PEAKS DB,1,AM(+15.99)APGAPQV,False,,,N
FPSESSFEY,1.782,WB,,4664,FPSESSFEY,30.93,1091.4447,9,1.5,1092.4536,70.16,,8,F8:17433,F120180713_KP_THP1_w632_P10.raw,6,,Q9HAI6|CX021_HUMAN,,,PEAKS DB,1,FPSESSFEY,False,1480000000.0,6.0,N
HLLPYNMTV,1.784,WB,,2804,HLLPYNMTV,33.29,1102.5481,9,0.6,552.2817,49.63,2410000.0,29,F29:8759,F120180713_KP_THP1_BB72_P2.raw,1,1.0,Q14669|TRIPC_HUMAN,Oxidation (M),M7:Oxidation (M):1000.00,PEAKS DB,2,HLLPYNM(+15.99)TV,False,,,N
SLIPNLRNV,1.784,WB,,1436,SLIPNLRNV,17.2,1024.6029,9,1.9,513.3097,60.74,3850000.0,29,F29:12742,F120180713_KP_THP1_BB72_P2.raw,1,1.0,P01130|LDLR_HUMAN,,,PEAKS DB,2,SLIPNLRNV,False,,,N
LLAPVVKEI,1.789,WB,,1450,LLAPVVKEI,17.72,980.627,9,-0.5,491.3205,55.44,,1,F1:11745,F120180713_KP_THP1_w632_P1.raw,1,,,,,PEAKS DB,2,LLAPVVKEI,True,469000.0,1.0,N
KLQEANAQL,1.789,WB,,2884,KLQEANAQL,24.25,1013.5505,9,0.1,507.7826,40.65,3250000.0,43,F43:6657,F120180713_KP_THP1_BB72_P6.raw,1,1.0,Q15334|L2GL1_HUMAN,,,PEAKS DB,2,KLQEANAQL,False,,,N
VLIANLEKL,1.789,WB,,841,VLIANLEKL,17.71,1011.6328,9,0.5,506.8239,89.61,2190000.0,31,F31:16327,F120180713_KP_THP1_BB72_P4.raw,1,1.0,,,,PEAKS DB,2,VLIANLEKL,False,,,N
SLFSGKPEV,1.789,WB,,2767,SLFSGKPEV,24.7,962.5073,9,0.7,482.2612,57.63,3780000.0,121,F121:11323,F120180713_KP_THP1_BB72_P10new.raw,1,1.0,Q14202|ZMYM3_HUMAN,,,PEAKS DB,2,SLFSGKPEV,False,,,N
LPFDKETGF,1.790,WB,,4153,LPFDKETGF,23.39,1052.5178,9,0.7,527.2665,61.47,674000.0,28,F28:14756,F120180713_KP_THP1_BB72_P1.raw,1,1.0,Q9GZT3|SLIRP_HUMAN,,,PEAKS DB,2,LPFDKETGF,False,,,N
SLYFGENRL,1.790,WB,,276,SLYFGENRL,17.39,1097.5505,9,1.2,549.7832,55.26,1010000.0,28,F28:12331,F120180713_KP_THP1_BB72_P1.raw,1,1.0,,,,PEAKS DB,2,SLYFGENRL,False,,,N
RLIEQEEYL,1.790,WB,,4364,RLIEQEEYL,28.64,1191.6135,9,1.1,596.8147,64.77,39200000.0,121,F121:14171,F120180713_KP_THP1_BB72_P10new.raw,1,1.0,Q9NTJ3|SMC4_HUMAN,,,PEAKS DB,2,RLIEQEEYL,False,,,N
YGAGYSGQNSM,1.792,WB,,5824,YGAGYSGQNSM,15.61,1149.4397,11,0.7,575.7275,28.28,,5,F5:5913,F120180713_KP_THP1_w632_P5.raw,1,,P52597|HNRPF_HUMAN,Oxidation (M),M11:Oxidation (M):1000.00,PEAKS DB,2,YGAGYSGQNSM(+15.99),False,2300000.0,1.0,N
RQPYAVSEL,1.795,WB,,2645,RQPYAVSEL,26.17,1061.5505,9,0.9,531.783,41.76,,10,F10:8489,F120180713_KP_THP1_w632_P9.raw,1,,P36578|RL4_HUMAN,,,PEAKS DB,2,RQPYAVSEL,False,2120000.0,1.0,N
VGIDLGTTY,1.795,WB,,2354,VGIDLGTTY,17.58,937.4756,9,0.9,469.7455,72.56,,8,F8:18366,F120180713_KP_THP1_w632_P10.raw,2,,P11021|GRP78_HUMAN:P11142|HSP7C_HUMAN,,,PEAKS DB,2,VGIDLGTTY,False,104000000.0,2.0,N
YLTNVNTTV,1.796,WB,,3525,YLTNVNTTV,27.96,1023.5237,9,0.5,512.7693,57.88,4170000.0,44,F44:12583,F120180713_KP_THP1_BB72_P7.raw,1,1.0,Q8N3U4|STAG2_HUMAN,,,PEAKS DB,2,YLTNVNTTV,False,,,N
YLIPDIDLKL,1.797,WB,,3749,YLIPDIDLKL,29.13,1201.6958,10,1.2,601.8559,96.75,19700000.0,121,F121:26633,F120180713_KP_THP1_BB72_P10new.raw,2,2.0,Q92922|SMRC1_HUMAN,,,PEAKS DB,2,YLIPDIDLKL,False,,,N
FPYPFQVV,1.798,WB,,720,FPYPFQVV,18.39,995.5116,8,0.9,498.7635,96.39,,9,F9:23759,F120180713_KP_THP1_w632_P8.raw,1,,Q06187|BTK_HUMAN,,,PEAKS DB,2,FPYPFQVV,False,620000.0,1.0,N
MLLDVMHTV,1.798,WB,,1373,MLLDVMHTV,21.51,1089.5199,9,0.6,545.7676,66.52,2240000.0,31,F31:10842,F120180713_KP_THP1_BB72_P4.raw,1,1.0,O95453|PARN_HUMAN,Oxidation (M),M1:Oxidation (M):1000.00;M6:Oxidation (M):1000.00,PEAKS DB,2,M(+15.99)LLDVM(+15.99)HTV,False,,,N
AVAELNYGL,1.798,WB,,2984,AVAELNYGL,20.68,948.4916,9,1.0,949.4999,75.04,9680000.0,121,F121:18274,F120180713_KP_THP1_BB72_P10new.raw,2,2.0,Q2TAL8|QRIC1_HUMAN,,,PEAKS DB,1,AVAELNYGL,False,,,N
FVRKEDMTY,1.798,WB,,3108,FVRKEDMTY,31.06,1203.5593,9,-0.4,602.7867,23.19,,7,F7:3178,F120180713_KP_THP1_w632_P7.raw,1,,Q07955|SRSF1_HUMAN,Oxidation (M),M7:Oxidation (M):1000.00,PEAKS DB,2,FVRKEDM(+15.99)TY,False,19400000.0,1.0,N
QLTDLNVQL,1.798,WB,,2680,QLTDLNVQL,25.25,1042.5659,9,0.3,1043.5735,78.71,33800000.0,29,F29:19525,F120180713_KP_THP1_BB72_P2.raw,2,2.0,Q13439|GOGA4_HUMAN,,,PEAKS DB,1,QLTDLNVQL,False,,,N
FPVPKPIDY,1.800,WB,,4510,FPVPKPIDY,32.35,1074.575,9,0.7,538.2951,60.4,,1,F1:13667,F120180713_KP_THP1_w632_P1.raw,1,,Q9BVS4|RIOK2_HUMAN,,,PEAKS DB,2,FPVPKPIDY,False,5790000.0,1.0,N
MGVGHYTAY,1.800,WB,,3165,MGVGHYTAY,12.73,1013.4277,9,0.8,507.7215,31.46,,9,F9:5282,F120180713_KP_THP1_w632_P8.raw,1,,Q13107|UBP4_HUMAN,Oxidation (M),M1:Oxidation (M):1000.00,PEAKS DB,2,M(+15.99)GVGHYTAY,False,385000.0,1.0,N
AIIPSKKL,1.802,WB,,567,AIIPSKKL,13.33,868.5745,8,0.7,435.2948,36.45,,10,F10:6426,F120180713_KP_THP1_w632_P9.raw,1,,P08708|RS17_HUMAN,,,PEAKS DB,2,AIIPSKKL,False,3290000.0,1.0,N
TLAAIAVHL,1.804,WB,,3173,TLAAIAVHL,15.85,907.5491,9,0.6,454.7821,88.69,237000.0,31,F31:16032,F120180713_KP_THP1_BB72_P4.raw,1,1.0,Q6IQ32|ADNP2_HUMAN,,,PEAKS DB,2,TLAAIAVHL,False,,,N
QGMLPAMSF,1.804,WB,,3450,QGMLPAMSF,18.81,996.4409,9,-0.3,499.2276,74.74,,5,F5:16124,F120180713_KP_THP1_w632_P5.raw,1,,Q16222|UAP1_HUMAN,Oxidation (M),M3:Oxidation (M):28.70,PEAKS DB,2,QGM(+15.99)LPAMSF,False,399000.0,1.0,N
DAHPTLVTY,1.804,WB,,3847,DAHPTLVTY,33.41,1015.4974,9,0.9,1016.5057,47.97,,9,F9:11330,F120180713_KP_THP1_w632_P8.raw,2,,Q86U44|MTA70_HUMAN,,,PEAKS DB,1,DAHPTLVTY,False,271000000.0,2.0,N
KVLSKEFHL,1.806,WB,,2513,KVLSKEFHL,26.61,1099.6389,9,1.2,550.8274,52.56,18300000.0,121,F121:9289,F120180713_KP_THP1_BB72_P10new.raw,1,1.0,Q01105|SET_HUMAN,,,PEAKS DB,2,KVLSKEFHL,False,,,N
HLDGHAVAV,1.807,WB,,411,HLDGHAVAV,19.1,917.4719,9,0.4,459.7434,44.03,406000.0,43,F43:7794,F120180713_KP_THP1_BB72_P6.raw,1,1.0,,,,PEAKS DB,2,HLDGHAVAV,False,,,N
SLELDPPSL,1.808,WB,,1707,SLELDPPSL,12.87,969.5018,9,0.5,485.7584,75.13,,1,F1:19160,F120180713_KP_THP1_w632_P1.raw,1,,,,,PEAKS DB,2,SLELDPPSL,False,245000.0,1.0,N
QVVSFLHTV,1.808,WB,,84,QVVSFLHTV,18.64,1028.5654,9,-0.3,515.2899,58.1,530000.0,29,F29:11709,F120180713_KP_THP1_BB72_P2.raw,1,1.0,,,,PEAKS DB,2,QVVSFLHTV,False,,,N
KLQGKLPEL,1.809,WB,,1050,KLQGKLPEL,23.73,1024.6281,9,-0.3,513.3212,53.32,2930000.0,121,F121:9593,F120180713_KP_THP1_BB72_P10new.raw,1,1.0,O15067|PUR4_HUMAN,,,PEAKS DB,2,KLQGKLPEL,False,,,N
KVPEIEVTV,1.811,WB,,2446,KVPEIEVTV,24.71,1012.5804,9,0.3,507.2976,62.92,10100000.0,121,F121:13431,F120180713_KP_THP1_BB72_P10new.raw,1,1.0,P78347|GTF2I_HUMAN,,,PEAKS DB,2,KVPEIEVTV,False,,,N
GIAPAVPSI,1.812,WB,,369,GIAPAVPSI,14.29,823.4803,9,0.9,824.4884,75.83,3510000.0,121,F121:18589,F120180713_KP_THP1_BB72_P10new.raw,1,1.0,,,,PEAKS DB,1,GIAPAVPSI,False,,,N
SISALLQNL,1.812,WB,,2182,SISALLQNL,16.25,958.5335,9,0.8,959.5416,95.36,11800000.0,31,F31:18342,F120180713_KP_THP1_BB72_P4.raw,1,1.0,P50748|KNTC1_HUMAN,Deamidation (NQ),Q7:Deamidation (NQ):0.00,PEAKS DB,1,SISALLQ(+.98)NL,False,,,N
SLPELVHAV,1.812,WB,,2298,SLPELVHAV,22.24,963.5389,9,0.1,482.7768,58.2,2370000.0,29,F29:11747,F120180713_KP_THP1_BB72_P2.raw,2,2.0,P58005|SESN3_HUMAN,,,PEAKS DB,2,SLPELVHAV,False,,,N
LLDGFPRTV,1.812,WB,,657,LLDGFPRTV,18.63,1016.5654,9,-0.5,509.2897,62.28,725000.0,29,F29:13344,F120180713_KP_THP1_BB72_P2.raw,1,1.0,,,,PEAKS DB,2,LLDGFPRTV,False,,,N
GQNPTEAEL,1.816,WB,,2919,GQNPTEAEL,23.8,957.4403,9,0.2,958.4478,40.77,,6,F6:10307,F120180713_KP_THP1_w632_P6.raw,1,,P62158|CALM_HUMAN:P27482|CALL3_HUMAN,,,PEAKS DB,1,GQNPTEAEL,False,37600000.0,1.0,N
RPFEQPQEY,1.818,WB,,4795,RPFEQPQEY,25.23,1192.5513,9,0.8,597.2834,35.99,,7,F7:7735,F120180713_KP_THP1_w632_P7.raw,1,,Q9NWB7|IFT57_HUMAN,,,PEAKS DB,2,RPFEQPQEY,False,2160000.0,1.0,N
KLIGQVHEV,1.819,WB,,3100,KLIGQVHEV,30.2,1021.592,9,0.5,511.8035,50.22,37100000.0,44,F44:9655,F120180713_KP_THP1_BB72_P7.raw,2,2.0,Q5TBA9|FRY_HUMAN,,,PEAKS DB,2,KLIGQVHEV,False,,,N
SLFSAVHKI,1.819,WB,,1330,SLFSAVHKI,29.6,1000.5706,9,0.8,501.2929,42.7,9200000.0,29,F29:6726,F120180713_KP_THP1_BB72_P2.raw,1,1.0,O94905|ERLN2_HUMAN,,,PEAKS DB,2,SLFSAVHKI,False,,,N
SLDELKVSI,1.821,WB,,2608,SLDELKVSI,20.57,1002.5597,9,0.3,502.2873,64.0,755000.0,29,F29:14023,F120180713_KP_THP1_BB72_P2.raw,1,1.0,Q0JRZ9|FCHO2_HUMAN,,,PEAKS DB,2,SLDELKVSI,False,,,N
GAVDALAAAL,1.824,WB,,4037,GAVDALAAAL,14.23,870.4810000000001,10,1.1,871.4893,73.11,11300000.0,121,F121:17502,F120180713_KP_THP1_BB72_P10new.raw,1,1.0,Q9BQ39|DDX50_HUMAN,,,PEAKS DB,1,GAVDALAAAL,False,,,N
ALMDLLLRL,1.824,WB,,885,ALMDLLLRL,30.01,1072.6315,9,1.0,537.3235,95.14,61000000.0,121,F121:25992,F120180713_KP_THP1_BB72_P10new.raw,4,4.0,,Oxidation (M),M3:Oxidation (M):1000.00,PEAKS DB,2,ALM(+15.99)DLLLRL,True,,,N
YLHSRDVVY,1.826,WB,,2589,YLHSRDVVY,19.78,1150.577,9,1.3,576.2965,30.54,,9,F9:4995,F120180713_KP_THP1_w632_P8.raw,1,,P31751|AKT2_HUMAN,,,PEAKS DB,2,YLHSRDVVY,False,1350000.0,1.0,N
DPFPDHVVF,1.827,WB,,3192,DPFPDHVVF,27.69,1071.5024,9,0.9,536.759,78.57,,4,F4:14008,F120180713_KP_THP1_w632_P4.raw,1,,Q13315|ATM_HUMAN,,,PEAKS DB,2,DPFPDHVVF,False,1510000.0,1.0,N
HPREAEEVM,1.828,WB,,1373,HPREAEEVM,17.08,1096.4971,9,0.8,549.2562,23.21,,6,F6:3866,F120180713_KP_THP1_w632_P6.raw,1,,,,,PEAKS DB,2,HPREAEEVM,False,424000.0,1.0,N
LIILDEIHL,1.830,WB,,1294,LIILDEIHL,17.32,1077.6433,9,0.1,539.8290000000002,88.89,580000.0,29,F29:23074,F120180713_KP_THP1_BB72_P2.raw,1,1.0,O75643|U520_HUMAN,,,PEAKS DB,2,LIILDEIHL,True,,,N
RVQEAIAEV,1.831,WB,,4286,RVQEAIAEV,20.16,1013.5505,9,0.4,507.7827,50.45,6490000.0,44,F44:9744,F120180713_KP_THP1_BB72_P7.raw,1,1.0,Q9HCL2|GPAT1_HUMAN,,,PEAKS DB,2,RVQEAIAEV,False,,,N
YLLEKSRIV,1.831,WB,,530,YLLEKSRIV,14.4,1119.6652,9,1.4,560.8406,57.93,967000.0,121,F121:11443,F120180713_KP_THP1_BB72_P10new.raw,1,1.0,,,,PEAKS DB,2,YLLEKSRIV,True,,,N
FGTNVMVTV,1.833,WB,,3620,FGTNVMVTV,26.05,982.4794,9,0.8,492.2473,62.0,841000.0,28,F28:14963,F120180713_KP_THP1_BB72_P1.raw,1,1.0,Q8TCT9|HM13_HUMAN,Oxidation (M),M6:Oxidation (M):1000.00,PEAKS DB,2,FGTNVM(+15.99)VTV,False,,,N
ALGEKQPEL,1.834,WB,,4742,ALGEKQPEL,26.16,983.5287,9,0.3,492.7718,44.59,5640000.0,44,F44:7488,F120180713_KP_THP1_BB72_P7.raw,1,1.0,Q9Y3Z3|SAMH1_HUMAN,,,PEAKS DB,2,ALGEKQPEL,False,,,N
KLLSFTHKL,1.836,WB,,855,KLLSFTHKL,15.55,1085.6597,9,1.0,543.8376,34.14,1150000.0,28,F28:4884,F120180713_KP_THP1_BB72_P1.raw,1,1.0,,,,PEAKS DB,2,KLLSFTHKL,False,,,N
AIQDEIRSV,1.838,WB,,2668,AIQDEIRSV,22.09,1029.5454,9,1.0,515.7805,53.15,447000.0,122,F122:7864,F120180713_KP_THP1_BB72_P8.raw,1,1.0,Q13257|MD2L1_HUMAN,,,PEAKS DB,2,AIQDEIRSV,False,,,N
RTPEHFALV,1.839,WB,,2213,RTPEHFALV,22.59,1068.5715,9,0.9,535.2935,37.36,404000.0,28,F28:5727,F120180713_KP_THP1_BB72_P1.raw,1,1.0,P51825|AFF1_HUMAN,,,PEAKS DB,2,RTPEHFALV,False,,,N
SPTLLTPSM,1.840,WB,,344,SPTLLTPSM,15.78,945.4841,9,-1.8,946.4897,67.77,205000.0,122,F122:11130,F120180713_KP_THP1_BB72_P8.raw,1,1.0,,,,PEAKS DB,1,SPTLLTPSM,False,,,N
FLFENQTPA,1.840,WB,,1040,FLFENQTPA,31.65,1065.5131,9,1.1,533.7644,71.69,1250000.0,28,F28:18516,F120180713_KP_THP1_BB72_P1.raw,1,1.0,O15042|SR140_HUMAN,,,PEAKS DB,2,FLFENQTPA,False,,,N
ALHDQLFYL,1.848,WB,,3545,ALHDQLFYL,24.13,1118.576,9,0.5,560.2956,88.99,3610000.0,44,F44:19075,F120180713_KP_THP1_BB72_P7.raw,1,1.0,Q8NBM8|PCYXL_HUMAN,,,PEAKS DB,2,ALHDQLFYL,False,,,N
NLLEIAPHL,1.850,WB,,2060,NLLEIAPHL,20.15,1018.5811,9,-0.7,510.2975,88.82,641000.0,32,F32:18058,F120180713_KP_THP1_BB72_P5.raw,2,2.0,P43304|GPDM_HUMAN,,,PEAKS DB,2,NLLEIAPHL,False,,,N
QAKTFHHVY,1.851,WB,,4721,QAKTFHHVY,20.21,1129.5669,9,-0.2,565.7906,21.19,,6,F6:3062,F120180713_KP_THP1_w632_P6.raw,1,,Q9NR30|DDX21_HUMAN,,,PEAKS DB,2,QAKTFHHVY,False,1070000.0,1.0,N
FPYYPSPGVLF,1.853,WB,,5860,FPYYPSPGVLF,31.0,1285.6383,11,1.4,643.8273,105.47,,3,F3:25496,F120180713_KP_THP1_w632_P3.raw,3,,Q5SSJ5|HP1B3_HUMAN,,,PEAKS DB,2,FPYYPSPGVLF,False,40400000.0,3.0,N
NIFPYPVGV,1.853,WB,,3973,NIFPYPVGV,26.69,1004.5331,9,0.7,1005.5411,99.36,10200000.0,32,F32:21313,F120180713_KP_THP1_BB72_P5.raw,2,2.0,Q99590|SCAFB_HUMAN,,,PEAKS DB,1,NIFPYPVGV,False,,,N
ILDDSHLLV,1.857,WB,,1191,ILDDSHLLV,27.62,1023.5601,9,0.5,512.7875,66.42,24100000.0,29,F29:14977,F120180713_KP_THP1_BB72_P2.raw,2,2.0,O60306|AQR_HUMAN,,,PEAKS DB,2,ILDDSHLLV,False,,,N
VLNPLITAV,1.859,WB,,4352,VLNPLITAV,22.6,938.5801,9,-0.4,470.2971,95.45,164000.0,31,F31:18374,F120180713_KP_THP1_BB72_P4.raw,1,1.0,Q9NRY5|F1142_HUMAN,,,PEAKS DB,2,VLNPLITAV,False,,,N
RLLPKVQEV,1.864,WB,,3850,RLLPKVQEV,20.43,1080.6655,9,0.9,541.3405,35.83,,10,F10:6193,F120180713_KP_THP1_w632_P9.raw,1,,Q86UD0|SAPC2_HUMAN,,,PEAKS DB,2,RLLPKVQEV,False,1530000.0,1.0,N
VIHATVTSV,1.864,WB,,3546,VIHATVTSV,29.03,925.5233,9,0.5,463.7691,45.28,1300000.0,44,F44:7756,F120180713_KP_THP1_BB72_P7.raw,1,1.0,Q8NBM8|PCYXL_HUMAN,,,PEAKS DB,2,VIHATVTSV,False,,,N
GLLQQPPAL,1.865,WB,,985,GLLQQPPAL,21.43,935.544,9,0.8,468.7796,72.16,672000.0,28,F28:18702,F120180713_KP_THP1_BB72_P1.raw,1,1.0,O00716|E2F3_HUMAN,,,PEAKS DB,2,GLLQQPPAL,False,,,N
ALITTILHL,1.865,WB,,3232,ALITTILHL,23.29,993.6223,9,1.1,497.819,81.28,2480000.0,28,F28:22238,F120180713_KP_THP1_BB72_P1.raw,2,2.0,Q6R327|RICTR_HUMAN,,,PEAKS DB,2,ALITTILHL,True,,,N
MPHHDASTF,1.866,WB,,3056,MPHHDASTF,20.47,1041.4338,9,-0.1,521.7241,24.3,,6,F6:4291,F120180713_KP_THP1_w632_P6.raw,1,,Q02809|PLOD1_HUMAN,,,PEAKS DB,2,MPHHDASTF,False,830000.0,1.0,N
VLFENTDSV,1.866,WB,,2043,VLFENTDSV,24.26,1022.492,9,1.9,512.2543,70.23,1250000.0,121,F121:16349,F120180713_KP_THP1_BB72_P10new.raw,1,1.0,P42696|RBM34_HUMAN,,,PEAKS DB,2,VLFENTDSV,False,,,N
MGVDGVSAY,1.867,WB,,3532,MGVDGVSAY,23.31,913.3851,9,0.8,914.3931,47.17,,9,F9:11022,F120180713_KP_THP1_w632_P8.raw,1,,Q56A73|SPIN4_HUMAN,Oxidation (M),M1:Oxidation (M):1000.00,PEAKS DB,1,M(+15.99)GVDGVSAY,False,5620000.0,1.0,N
SLAPRLASI,1.869,WB,,2646,SLAPRLASI,30.72,926.5549,9,1.4,464.2854,63.88,341000.0,121,F121:13814,F120180713_KP_THP1_BB72_P10new.raw,1,1.0,Q13057|COASY_HUMAN,,,PEAKS DB,2,SLAPRLASI,False,,,N
IASCSQNVI,1.869,WB,,1398,IASCSQNVI,14.89,933.459,9,1.2,467.7373,43.09,,8,F8:7319,F120180713_KP_THP1_w632_P10.raw,1,,,,,PEAKS DB,2,IASCSQNVI,False,365000.0,1.0,N
VLVDRTIYI,1.870,WB,,2232,VLVDRTIYI,27.34,1090.6387,9,1.0,546.3271,62.41,80100000.0,29,F29:13396,F120180713_KP_THP1_BB72_P2.raw,1,1.0,P52758|UK114_HUMAN,,,PEAKS DB,2,VLVDRTIYI,False,,,N
EGPPAPLIL,1.871,WB,,1937,EGPPAPLIL,18.62,905.5222,9,1.7,453.7691,71.81,,8,F8:18085,F120180713_KP_THP1_w632_P10.raw,1,,O43157|PLXB1_HUMAN,,,PEAKS DB,2,EGPPAPLIL,False,89200.0,1.0,N
VMADGVAPV,1.872,WB,,1287,VMADGVAPV,21.96,873.4266,9,0.8,874.4346,47.55,4910000.0,44,F44:8642,F120180713_KP_THP1_BB72_P7.raw,1,1.0,O75554|WBP4_HUMAN,Oxidation (M),M2:Oxidation (M):1000.00,PEAKS DB,1,VM(+15.99)ADGVAPV,False,,,N
MLANDIARL,1.873,WB,,4206,MLANDIARL,25.33,1031.5433,9,0.6,516.7792,50.85,9150000.0,29,F29:9196,F120180713_KP_THP1_BB72_P2.raw,2,2.0,Q9H4M9|EHD1_HUMAN,Oxidation (M),M1:Oxidation (M):1000.00,PEAKS DB,2,M(+15.99)LANDIARL,False,,,N
YLFHVQEV,1.874,WB,,1228,YLFHVQEV,35.88,1033.5232,8,0.7,517.7692,57.57,22600000.0,29,F29:11517,F120180713_KP_THP1_BB72_P2.raw,1,1.0,O60906|NSMA_HUMAN,,,PEAKS DB,2,YLFHVQEV,False,,,N
AMFGKLMTI,1.875,WB,,2974,AMFGKLMTI,32.1,1042.5192,9,0.8,522.2673,47.94,36200000.0,29,F29:8215,F120180713_KP_THP1_BB72_P2.raw,4,4.0,Q29RF7|PDS5A_HUMAN,Oxidation (M),M2:Oxidation (M):1000.00;M7:Oxidation (M):1000.00,PEAKS DB,2,AM(+15.99)FGKLM(+15.99)TI,False,,,N
MLYKGQTAY,1.876,WB,,2206,MLYKGQTAY,26.53,1089.5165,9,0.1,545.7656,30.41,,7,F7:5615,F120180713_KP_THP1_w632_P7.raw,1,,O95789|ZMYM6_HUMAN,Oxidation (M),M1:Oxidation (M):1000.00,PEAKS DB,2,M(+15.99)LYKGQTAY,False,4700000.0,1.0,N
KLAEGAGIQL,1.878,WB,,3390,KLAEGAGIQL,23.11,998.576,10,1.3,500.2959,58.13,5470000.0,121,F121:11524,F120180713_KP_THP1_BB72_P10new.raw,1,1.0,Q86U06|RBM23_HUMAN,,,PEAKS DB,2,KLAEGAGIQL,False,,,N
SLLANQLYL,1.879,WB,,3991,SLLANQLYL,21.83,1033.5808,9,0.2,517.7978,95.99,2260000.0,32,F32:20141,F120180713_KP_THP1_BB72_P5.raw,1,1.0,Q99698|LYST_HUMAN,,,PEAKS DB,2,SLLANQLYL,False,,,N
VLLGHSQEV,1.882,WB,,4442,VLLGHSQEV,21.96,980.5291,9,1.3,491.2724,47.82,347000.0,44,F44:8747,F120180713_KP_THP1_BB72_P7.raw,1,1.0,Q9NZJ0|DTL_HUMAN,,,PEAKS DB,2,VLLGHSQEV,False,,,N
RMFDGKFVV,1.884,WB,,3602,RMFDGKFVV,16.45,1113.5641,9,0.9,557.7898,40.46,5950000.0,28,F28:6715,F120180713_KP_THP1_BB72_P1.raw,1,1.0,Q8TAS1|UHMK1_HUMAN,Oxidation (M),M2:Oxidation (M):1000.00,PEAKS DB,2,RM(+15.99)FDGKFVV,False,,,N
IPYSEHSSY,1.885,WB,,3684,IPYSEHSSY,16.07,1081.4716,9,1.0,541.7436,31.63,,6,F6:7185,F120180713_KP_THP1_w632_P6.raw,1,,Q6PJP8|DCR1A_HUMAN,,,PEAKS DB,2,IPYSEHSSY,False,2220000.0,1.0,N
ILQEAQNLM,1.885,WB,,3959,ILQEAQNLM,20.52,1058.543,9,1.0,530.2793,70.46,580000.0,121,F121:16439,F120180713_KP_THP1_BB72_P10new.raw,1,1.0,Q99459|CDC5L_HUMAN,,,PEAKS DB,2,ILQEAQNLM,False,,,N
YQKIGKAL,1.885,WB,,1066,YQKIGKAL,20.83,919.5491,8,0.5,460.782,25.02,,6,F6:4578,F120180713_KP_THP1_w632_P6.raw,1,,Q9Y5X1|SNX9_HUMAN,,,PEAKS DB,2,YQKIGKAL,False,607000.0,1.0,N
KLDDIVQHI,1.886,WB,,3929,KLDDIVQHI,28.59,1079.5975,9,-0.5,540.8058,60.82,3170000.0,121,F121:12589,F120180713_KP_THP1_BB72_P10new.raw,1,1.0,Q96R06|SPAG5_HUMAN,,,PEAKS DB,2,KLDDIVQHI,False,,,N
EAHLELNAF,1.886,WB,,2060,EAHLELNAF,28.82,1042.5083,9,1.0,522.262,60.52,,3,F3:11977,F120180713_KP_THP1_w632_P3.raw,2,,O75110|ATP9A_HUMAN:O43861|ATP9B_HUMAN,,,PEAKS DB,2,EAHLELNAF,False,17900000.0,2.0,N
HLVGGLHTV,1.887,WB,,4557,HLVGGLHTV,27.42,931.5239,9,1.2,466.7698,53.92,2030000.0,122,F122:8055,F120180713_KP_THP1_BB72_P8.raw,1,1.0,Q9UI36|DACH1_HUMAN,,,PEAKS DB,2,HLVGGLHTV,False,,,N
YLSNVAPQV,1.887,WB,,2780,YLSNVAPQV,16.75,990.5022,9,0.3,991.5098,71.22,756000.0,121,F121:16745,F120180713_KP_THP1_BB72_P10new.raw,1,1.0,Q14249|NUCG_HUMAN,Deamidation (NQ),Q8:Deamidation (NQ):11.12,PEAKS DB,1,YLSNVAPQ(+.98)V,False,,,N
YQLGELVKV,1.888,WB,,4561,YQLGELVKV,21.77,1047.5964,9,0.6,524.8058,64.13,1480000.0,29,F29:14075,F120180713_KP_THP1_BB72_P2.raw,1,1.0,Q9UIA9|XPO7_HUMAN,,,PEAKS DB,2,YQLGELVKV,False,,,N
KLYEEINQV,1.889,WB,,3238,KLYEEINQV,26.24,1134.592,9,0.9,568.3038,57.14,3470000.0,122,F122:8783,F120180713_KP_THP1_BB72_P8.raw,1,1.0,Q6UW02|CP20A_HUMAN,,,PEAKS DB,2,KLYEEINQV,False,,,N
GLYEQAFQL,1.895,WB,,2907,GLYEQAFQL,25.05,1067.5287,9,0.4,534.7719,95.67,3080000.0,31,F31:18465,F120180713_KP_THP1_BB72_P4.raw,1,1.0,Q15628|TRADD_HUMAN,,,PEAKS DB,2,GLYEQAFQL,False,,,N
ALHDSSDYL,1.896,WB,,3836,ALHDSSDYL,21.36,1019.4559,9,0.7,510.7356,48.42,695000.0,122,F122:6725,F120180713_KP_THP1_BB72_P8.raw,1,1.0,Q96G23|CERS2_HUMAN,,,PEAKS DB,2,ALHDSSDYL,False,,,N
RVASPTSGV,1.897,WB,,4799,RVASPTSGV,27.04,952.4379,9,0.9,477.2267,35.46,3720000.0,31,F31:5284,F120180713_KP_THP1_BB72_P4.raw,1,1.0,Q9Y4H2|IRS2_HUMAN,Phosphorylation (STY),S4:Phosphorylation (STY):17.01,PEAKS DB,2,RVAS(+79.97)PTSGV,False,,,N
FPANIQVVY,1.897,WB,,3621,FPANIQVVY,33.62,1049.5546,9,1.1,1050.563,78.39,,3,F3:18199,F120180713_KP_THP1_w632_P3.raw,4,,Q5VYK3|ECM29_HUMAN,,,PEAKS DB,1,FPANIQVVY,False,27000000.0,4.0,N
FPISISSKY,1.899,WB,,2675,FPISISSKY,21.25,1040.5542,9,1.3,521.285,56.81,,1,F1:12273,F120180713_KP_THP1_w632_P1.raw,1,,P41587|VIPR2_HUMAN,,,PEAKS DB,2,FPISISSKY,False,337000.0,1.0,N
LPFPIIQQY,1.904,WB,,4492,LPFPIIQQY,35.28,1117.6172,9,-0.6,1118.6238,94.58,,6,F6:21992,F120180713_KP_THP1_w632_P6.raw,3,,Q9BTX1|NDC1_HUMAN,,,PEAKS DB,1,LPFPIIQQY,False,44000000.0,3.0,N
HLIEAVEAI,1.905,WB,,4184,HLIEAVEAI,23.66,993.5494,9,2.9,497.7834,59.41,677000.0,28,F28:13957,F120180713_KP_THP1_BB72_P1.raw,1,1.0,Q9H2M9|RBGPR_HUMAN,,,PEAKS DB,2,HLIEAVEAI,False,,,N
SIHDVTFQV,1.906,WB,,4470,SIHDVTFQV,26.15,1044.524,9,1.3,523.27,63.2,12100000.0,121,F121:13543,F120180713_KP_THP1_BB72_P10new.raw,2,2.0,Q9P2D0|IBTK_HUMAN,,,PEAKS DB,2,SIHDVTFQV,False,,,N
ILDQKINEV,1.909,WB,,1658,ILDQKINEV,27.57,1070.5972,9,1.2,536.3065,81.45,99800000.0,123,F123:13978,F120180713_KP_THP1_BB72_P9new.raw,4,4.0,P11926|DCOR_HUMAN,,,PEAKS DB,2,ILDQKINEV,False,,,N
VLDEGSASV,1.910,WB,,37,VLDEGSASV,16.44,875.4236,9,0.5,876.4313,45.59,13600000.0,43,F43:8336,F120180713_KP_THP1_BB72_P6.raw,1,1.0,,,,PEAKS DB,1,VLDEGSASV,False,,,N
YPQPSYNQY,1.914,WB,,4500,YPQPSYNQY,32.2,1158.4982,9,0.3,580.2565,50.01,,7,F7:12708,F120180713_KP_THP1_w632_P7.raw,2,,Q9BUJ2|HNRL1_HUMAN,,,PEAKS DB,2,YPQPSYNQY,False,22300000.0,2.0,N
FSREELTGY,1.915,WB,,4064,FSREELTGY,28.37,1100.5138,9,0.4,551.2644,44.59,,9,F9:10039,F120180713_KP_THP1_w632_P8.raw,1,,Q8TDF6|GRP4_HUMAN,,,PEAKS DB,2,FSREELTGY,False,6410000.0,1.0,N
MGKPSILTY,1.919,WB,,4529,MGKPSILTY,24.41,1008.5314,9,1.9,505.2739,48.77,,8,F8:9489,F120180713_KP_THP1_w632_P10.raw,1,,Q9BXW7|CECR5_HUMAN,,,PEAKS DB,2,MGKPSILTY,False,14300000.0,1.0,N
FLGEKIASV,1.922,WB,,3505,FLGEKIASV,25.62,962.5436,9,1.2,482.2797,68.73,13100000.0,121,F121:15745,F120180713_KP_THP1_BB72_P10new.raw,2,2.0,Q8N128|F177A_HUMAN,,,PEAKS DB,2,FLGEKIASV,False,,,N
AADPGLHET,1.923,WB,,4495,AADPGLHET,18.54,909.4192,9,-0.8,455.7165,23.4,,4,F4:3906,F120180713_KP_THP1_w632_P4.raw,1,,Q9BTY7|HGH1_HUMAN,,,PEAKS DB,2,AADPGLHET,False,149000.0,1.0,N
VLDSKSVEV,1.924,WB,,2141,VLDSKSVEV,27.13,974.5284,9,0.3,488.2716,44.81,2040000.0,44,F44:7573,F120180713_KP_THP1_BB72_P7.raw,1,1.0,P49454|CENPF_HUMAN,,,PEAKS DB,2,VLDSKSVEV,False,,,N
FLLHVQQQI,1.928,WB,,1377,FLLHVQQQI,31.82,1124.6342,9,0.6,563.3247,58.2,936000.0,29,F29:11749,F120180713_KP_THP1_BB72_P2.raw,1,1.0,O95487|SC24B_HUMAN,,,PEAKS DB,2,FLLHVQQQI,False,,,N
YLKDLIEEV,1.930,WB,,1769,YLKDLIEEV,26.31,1120.6016,9,0.7,561.3085,109.75,127000000.0,30,F30:21435,F120180713_KP_THP1_BB72_P3.raw,2,2.0,P18848|ATF4_HUMAN,,,PEAKS DB,2,YLKDLIEEV,False,,,N
KVQEQVHKV,1.931,WB,,3892,KVQEQVHKV,27.31,1093.6244,9,0.8,547.8199,35.36,2710000.0,31,F31:5262,F120180713_KP_THP1_BB72_P4.raw,1,1.0,Q96L73|NSD1_HUMAN,,,PEAKS DB,2,KVQEQVHKV,False,,,N
YLPEDFIRV,1.934,WB,,677,YLPEDFIRV,17.07,1150.6022,9,0.2,576.3085,87.42,996000.0,32,F32:17685,F120180713_KP_THP1_BB72_P5.raw,1,1.0,,,,PEAKS DB,2,YLPEDFIRV,False,,,N
VLFEGRTVQL,1.940,WB,,4668,VLFEGRTVQL,29.32,1160.6553,10,0.1,581.335,61.69,4080000.0,29,F29:13116,F120180713_KP_THP1_BB72_P2.raw,1,1.0,Q9UPW5|CBPC1_HUMAN,,,PEAKS DB,2,VLFEGRTVQL,False,,,N
AQSELDIYL,1.940,WB,,4368,AQSELDIYL,26.89,1050.5233,9,0.2,1051.5308,107.03,20700000.0,30,F30:20344,F120180713_KP_THP1_BB72_P3.raw,1,1.0,Q9NTJ3|SMC4_HUMAN,,,PEAKS DB,1,AQSELDIYL,False,,,N
KLLDMELEM,1.941,WB,,1748,KLLDMELEM,21.27,1152.5406,9,0.8,577.2781,65.38,4670000.0,31,F31:10642,F120180713_KP_THP1_BB72_P4.raw,3,3.0,P16930|FAAA_HUMAN,Oxidation (M),M5:Oxidation (M):1000.00;M9:Oxidation (M):1000.00,PEAKS DB,2,KLLDM(+15.99)ELEM(+15.99),False,,,N
QGRAEVVSL,1.942,WB,,3903,QGRAEVVSL,14.48,957.5243,9,0.8,479.7698,36.76,,9,F9:7010,F120180713_KP_THP1_w632_P8.raw,1,,Q8IWZ3|ANKH1_HUMAN,,,PEAKS DB,2,QGRAEVVSL,False,363000.0,1.0,N
EVHKIVNSF,1.942,WB,,3623,EVHKIVNSF,12.92,1072.5553,9,1.2,537.2856,37.28,,10,F10:6749,F120180713_KP_THP1_w632_P9.raw,1,,Q5W0V3|F16B1_HUMAN,Deamidation (NQ),N7:Deamidation (NQ):1000.00,PEAKS DB,2,EVHKIVN(+.98)SF,False,1960000.0,1.0,N
HYMPPPYASL,1.943,WB,,5218,HYMPPPYASL,17.66,1190.543,10,1.0,596.2794,48.61,,1,F1:9207,F120180713_KP_THP1_w632_P1.raw,1,,,Oxidation (M),M3:Oxidation (M):1000.00,PEAKS DB,2,HYM(+15.99)PPPYASL,False,318000.0,1.0,N
KIYSGDLVV,1.944,WB,,3294,KIYSGDLVV,25.23,992.5542,9,1.6,497.2852,62.62,1610000.0,121,F121:13311,F120180713_KP_THP1_BB72_P10new.raw,1,1.0,Q6ZUJ8|BCAP_HUMAN,,,PEAKS DB,2,KIYSGDLVV,False,,,N
RPAPVEVTY,1.944,WB,,4224,RPAPVEVTY,25.48,1030.5447,9,0.1,516.2797,37.89,,7,F7:8452,F120180713_KP_THP1_w632_P7.raw,1,,Q93096|TP4A1_HUMAN,,,PEAKS DB,2,RPAPVEVTY,False,1350000.0,1.0,N
VIFQKVVNV,1.948,WB,,945,VIFQKVVNV,29.51,1044.6332,9,1.0,523.3244,54.71,3200000.0,28,F28:12112,F120180713_KP_THP1_BB72_P1.raw,1,1.0,O00203|AP3B1_HUMAN,,,PEAKS DB,2,VIFQKVVNV,False,,,N
SILESFIHV,1.948,WB,,3105,SILESFIHV,22.53,1043.5651,9,1.5,522.7906,93.71,5560000.0,121,F121:25424,F120180713_KP_THP1_BB72_P10new.raw,2,2.0,Q5TBA9|FRY_HUMAN,,,PEAKS DB,2,SILESFIHV,False,,,N
KLADKLYNL,1.951,WB,,3528,KLADKLYNL,28.27,1076.6229,9,0.4,539.319,60.11,11500000.0,121,F121:12303,F120180713_KP_THP1_BB72_P10new.raw,1,1.0,Q8N4P3|MESH1_HUMAN,,,PEAKS DB,2,KLADKLYNL,False,,,N
KLDSPRVTV,1.951,WB,,778,KLDSPRVTV,18.21,1013.5869,9,0.2,507.8008,46.74,1830000.0,44,F44:8325,F120180713_KP_THP1_BB72_P7.raw,1,1.0,,,,PEAKS DB,2,KLDSPRVTV,False,,,N
HTEDNKRRTL,1.951,WB,,5469,HTEDNKRRTL,26.33,1268.6586,10,0.1,423.8935,19.0,,4,F4:2362,F120180713_KP_THP1_w632_P4.raw,1,,Q13952|NFYC_HUMAN,,,PEAKS DB,3,HTEDNKRRTL,False,1550000.0,1.0,N
HPYRPLLQY,1.952,WB,,1407,HPYRPLLQY,13.76,1185.6294,9,1.2,593.8227,39.5,,8,F8:6183,F120180713_KP_THP1_w632_P10.raw,1,,,,,PEAKS DB,2,HPYRPLLQY,False,961000.0,1.0,N
ESREERLTF,1.954,WB,,5050,ESREERLTF,25.75,1165.5728,9,4.9,583.7965,32.8,,10,F10:5111,F120180713_KP_THP1_w632_P9.raw,1,,Q9Y2W6|TDRKH_HUMAN,,,PEAKS DB,2,ESREERLTF,False,10200000.0,1.0,N
VMSSSNPDL,1.955,WB,,3571,VMSSSNPDL,17.47,964.4172,9,0.6,483.2162,34.85,223000.0,43,F43:4925,F120180713_KP_THP1_BB72_P6.raw,1,1.0,Q8NF50|DOCK8_HUMAN,Oxidation (M),M2:Oxidation (M):1000.00,PEAKS DB,2,VM(+15.99)SSSNPDL,False,,,N
ILAAVETRL,1.956,WB,,4396,ILAAVETRL,28.48,984.5967,9,0.9,493.3061,51.04,15100000.0,28,F28:10688,F120180713_KP_THP1_BB72_P1.raw,2,2.0,Q9NVF7|FBX28_HUMAN,,,PEAKS DB,2,ILAAVETRL,False,,,N
LPIGEAKTF,1.956,WB,,1445,LPIGEAKTF,17.3,974.5436,9,1.2,488.2797,46.52,,10,F10:10368,F120180713_KP_THP1_w632_P9.raw,1,,,,,PEAKS DB,2,LPIGEAKTF,False,202000.0,1.0,N
YLPAVDEKL,1.957,WB,,679,YLPAVDEKL,18.17,1046.5648,9,1.5,524.2905,59.11,1650000.0,121,F121:11905,F120180713_KP_THP1_BB72_P10new.raw,1,1.0,,,,PEAKS DB,2,YLPAVDEKL,False,,,N
VVEPGPPSA,1.958,WB,,2596,VVEPGPPSA,16.31,851.4388,9,1.1,852.4471,72.82,9920000.0,121,F121:17384,F120180713_KP_THP1_BB72_P10new.raw,1,1.0,Q09472|EP300_HUMAN,,,PEAKS DB,1,VVEPGPPSA,False,,,N
KVISALAEV,1.958,WB,,1196,KVISALAEV,17.34,928.5593,9,0.8,465.2873,62.07,1640000.0,121,F121:13091,F120180713_KP_THP1_BB72_P10new.raw,1,1.0,O60333|KIF1B_HUMAN,,,PEAKS DB,2,KVISALAEV,False,,,N
QLNELQAQL,1.959,WB,,2837,QLNELQAQL,25.57,1055.5612,9,1.2,528.7885,68.63,3140000.0,121,F121:15709,F120180713_KP_THP1_BB72_P10new.raw,1,1.0,Q14980|NUMA1_HUMAN,,,PEAKS DB,2,QLNELQAQL,False,,,N
MPAAQEGAVAF,1.964,WB,,5778,MPAAQEGAVAF,33.76,1090.5117,11,1.7,1091.5209,62.58,,10,F10:16575,F120180713_KP_THP1_w632_P9.raw,3,,O15533|TPSN_HUMAN,,,PEAKS DB,1,MPAAQEGAVAF,False,48800000.0,3.0,N
FAKLTNTY,1.965,WB,,672,FAKLTNTY,28.34,956.4967,8,1.4,479.2563,37.66,,9,F9:7347,F120180713_KP_THP1_w632_P8.raw,1,,P56537|IF6_HUMAN,,,PEAKS DB,2,FAKLTNTY,False,1370000.0,1.0,N
YPFSEVLAY,1.965,WB,,3705,YPFSEVLAY,22.07,1087.5226,9,0.4,544.7688,89.97,,5,F5:19256,F120180713_KP_THP1_w632_P5.raw,2,,Q6UWH6|TX261_HUMAN,,,PEAKS DB,2,YPFSEVLAY,False,9020000.0,2.0,N
EQIKEVITF,1.967,WB,,3037,EQIKEVITF,31.89,1105.6019,9,0.6,553.8086,60.36,,3,F3:11917,F120180713_KP_THP1_w632_P3.raw,1,,Q01518|CAP1_HUMAN,,,PEAKS DB,2,EQIKEVITF,False,6320000.0,1.0,N
MPAPEIVSY,1.967,WB,,1954,MPAPEIVSY,30.14,1021.479,9,1.2,1022.4875,58.93,,8,F8:13289,F120180713_KP_THP1_w632_P10.raw,3,,O43298|ZBT43_HUMAN,Oxidation (M),M1:Oxidation (M):1000.00,PEAKS DB,1,M(+15.99)PAPEIVSY,False,14500000.0,3.0,N
ALSPNNHEV,1.967,WB,,3731,ALSPNNHEV,22.54,979.4723,9,0.6,490.7437,32.65,1650000.0,32,F32:5028,F120180713_KP_THP1_BB72_P5.raw,1,1.0,Q92747|ARC1A_HUMAN,,,PEAKS DB,2,ALSPNNHEV,False,,,N
LPHAVQETF,1.967,WB,,2272,LPHAVQETF,30.02,1040.5291,9,0.6,521.2721,44.04,,10,F10:9393,F120180713_KP_THP1_w632_P9.raw,1,,P06400|RB_HUMAN,,,PEAKS DB,2,LPHAVQETF,False,53400000.0,1.0,N
FVKRESQAY,1.967,WB,,4287,FVKRESQAY,27.84,1126.577,9,0.4,564.2959999999998,21.64,,5,F5:3465,F120180713_KP_THP1_w632_P5.raw,1,,Q96FV2|SCRN2_HUMAN,,,PEAKS DB,2,FVKRESQAY,False,2790000.0,1.0,N
IPYSDHSSY,1.967,WB,,4652,IPYSDHSSY,30.12,1067.4559,9,0.1,534.7353,33.04,,6,F6:7722,F120180713_KP_THP1_w632_P6.raw,1,,Q9H816|DCR1B_HUMAN,,,PEAKS DB,2,IPYSDHSSY,False,4980000.0,1.0,N
RLHDENILL,1.968,WB,,165,RLHDENILL,15.38,1121.6193,9,0.7,561.8173,41.64,2470000.0,28,F28:7138,F120180713_KP_THP1_BB72_P1.raw,1,1.0,,,,PEAKS DB,2,RLHDENILL,False,,,N
HQYPGRGVY,1.968,WB,,4622,HQYPGRGVY,28.77,1075.5199,9,0.4,538.7675,24.43,,6,F6:4342,F120180713_KP_THP1_w632_P6.raw,1,,Q9H3P7|GCP60_HUMAN,,,PEAKS DB,2,HQYPGRGVY,False,7480000.0,1.0,N
YRLPDLNAL,1.969,WB,,617,YRLPDLNAL,14.15,1074.5709,9,4.3,538.295,83.79,116000.0,31,F31:14860,F120180713_KP_THP1_BB72_P4.raw,1,1.0,,Deamidation (NQ),N7:Deamidation (NQ):1000.00,PEAKS DB,2,YRLPDLN(+.98)AL,False,,,N
HGNIIKVSF,1.969,WB,,4199,HGNIIKVSF,31.69,1013.5658,9,0.1,507.7902,41.83,,1,F1:6708,F120180713_KP_THP1_w632_P1.raw,1,,Q92804|RBP56_HUMAN,,,PEAKS DB,2,HGNIIKVSF,False,1510000.0,1.0,N
FPHSAHQKY,1.969,WB,,2787,FPHSAHQKY,36.83,1113.5355,9,0.7,557.7755,20.45,,5,F5:2995,F120180713_KP_THP1_w632_P5.raw,3,,P50914|RL14_HUMAN,,,PEAKS DB,2,FPHSAHQKY,False,28500000.0,3.0,N
SPKENEKAF,1.970,WB,,4651,SPKENEKAF,31.65,1048.5189,9,0.6,525.2669999999998,20.55,,5,F5:3034,F120180713_KP_THP1_w632_P5.raw,1,,Q9H7U1|CCSE2_HUMAN,,,PEAKS DB,2,SPKENEKAF,False,5050000.0,1.0,N
IITDLLRSV,1.971,WB,,206,IITDLLRSV,19.77,1028.6229,9,1.0,515.3193,94.29,2370000.0,31,F31:17921,F120180713_KP_THP1_BB72_P4.raw,2,2.0,,,,PEAKS DB,2,IITDLLRSV,False,,,N
EVEVVIQSL,1.971,WB,,1290,EVEVVIQSL,14.81,1015.5437,9,-0.1,508.7791,84.11,,2,F2:15298,F120180713_KP_THP1_w632_P2.raw,1,,,Deamidation (NQ),Q7:Deamidation (NQ):1000.00,PEAKS DB,2,EVEVVIQ(+.98)SL,False,190000.0,1.0,N
AILRHPTL,1.972,WB,,512,AILRHPTL,28.29,919.5603,8,0.8,460.7878,37.09,,8,F8:5488,F120180713_KP_THP1_w632_P10.raw,1,,O60287|NPA1P_HUMAN,,,PEAKS DB,2,AILRHPTL,False,305000.0,1.0,N
ILSEVQQAV,1.974,WB,,1608,ILSEVQQAV,29.48,985.5444,9,1.6,493.7802,68.38,28100000.0,123,F123:10666,F120180713_KP_THP1_BB72_P9new.raw,3,3.0,P09874|PARP1_HUMAN,,,PEAKS DB,2,ILSEVQQAV,False,,,N
FPHLLAHTY,1.974,WB,,2082,FPHLLAHTY,36.6,1097.5658,9,0.6,549.7905,45.49,,1,F1:8045,F120180713_KP_THP1_w632_P1.raw,1,,O75460|ERN1_HUMAN,,,PEAKS DB,2,FPHLLAHTY,False,4170000.0,1.0,N
GLSDLRLEL,1.975,WB,,3790,GLSDLRLEL,24.44,1014.5709,9,0.6,508.2931,88.53,2750000.0,32,F32:17987,F120180713_KP_THP1_BB72_P5.raw,1,1.0,Q96A65|EXOC4_HUMAN,,,PEAKS DB,2,GLSDLRLEL,False,,,N
MARDEKNYY,1.976,WB,,5060,MARDEKNYY,17.27,1188.5233,9,0.5,595.2692,23.19,,5,F5:4073,F120180713_KP_THP1_w632_P5.raw,1,,Q9Y3C1|NOP16_HUMAN,,,PEAKS DB,2,MARDEKNYY,False,1150000.0,1.0,N
EAHQEKEAF,1.976,WB,,2814,EAHQEKEAF,34.22,1087.4934,9,0.9,544.7545,20.96,,5,F5:3197,F120180713_KP_THP1_w632_P5.raw,1,,P51825|AFF1_HUMAN,,,PEAKS DB,2,EAHQEKEAF,False,1360000.0,1.0,N
ALDANIARL,1.977,WB,,3007,ALDANIARL,28.62,955.545,9,0.7,478.7801,60.81,6730000.0,121,F121:12588,F120180713_KP_THP1_BB72_P10new.raw,1,1.0,Q49A88|CCD14_HUMAN,,,PEAKS DB,2,ALDANIARL,False,,,N
QIVERVIAV,1.980,WB,,1004,QIVERVIAV,27.64,1025.6233,9,0.9,513.8194,62.84,5010000.0,121,F121:13399,F120180713_KP_THP1_BB72_P10new.raw,1,1.0,O14647|CHD2_HUMAN,,,PEAKS DB,2,QIVERVIAV,False,,,N
FIMEELDKV,1.980,WB,,3930,FIMEELDKV,22.21,1138.558,9,1.9,570.2874,70.18,1270000.0,31,F31:11568,F120180713_KP_THP1_BB72_P4.raw,1,1.0,Q96RD7|PANX1_HUMAN,Oxidation (M),M3:Oxidation (M):1000.00,PEAKS DB,2,FIM(+15.99)EELDKV,False,,,N
GLSNHIAAL,1.985,WB,,3226,GLSNHIAAL,22.57,894.4923,9,1.3,448.254,55.4,6820000.0,121,F121:10425,F120180713_KP_THP1_BB72_P10new.raw,2,2.0,Q6PL18|ATAD2_HUMAN,,,PEAKS DB,2,GLSNHIAAL,False,,,N
ISREEMVSY,1.986,WB,,3774,ISREEMVSY,25.21,1128.5121,9,0.4,565.2635,30.27,,7,F7:5563,F120180713_KP_THP1_w632_P7.raw,3,,Q7LDG7|GRP2_HUMAN,Oxidation (M),M6:Oxidation (M):1000.00,PEAKS DB,2,ISREEM(+15.99)VSY,False,41800000.0,3.0,N
VLSELAARL,1.988,WB,,3604,VLSELAARL,24.22,970.5811,9,1.2,486.2984,58.55,5880000.0,29,F29:11884,F120180713_KP_THP1_BB72_P2.raw,1,1.0,Q8TB03|CX038_HUMAN,,,PEAKS DB,2,VLSELAARL,False,,,N
SLIHDVINL,1.988,WB,,3588,SLIHDVINL,16.01,1022.576,9,-0.7,512.2949,72.3,,6,F6:17619,F120180713_KP_THP1_w632_P6.raw,1,,Q5TBA9|FRY_HUMAN,,,PEAKS DB,2,SLIHDVINL,False,308000.0,1.0,N
TSFHSAETY,1.989,WB,,3481,TSFHSAETY,24.7,1041.4403,9,-0.1,521.7274,29.68,,6,F6:6414,F120180713_KP_THP1_w632_P6.raw,1,,Q29RF7|PDS5A_HUMAN,,,PEAKS DB,2,TSFHSAETY,False,716000.0,1.0,N
TLYNTEVLL,1.989,WB,,2526,TLYNTEVLL,22.45,1064.5753,9,0.5,533.2952,109.66,39900000.0,30,F30:21401,F120180713_KP_THP1_BB72_P3.raw,1,1.0,Q01543|FLI1_HUMAN,,,PEAKS DB,2,TLYNTEVLL,False,,,N
YLHSIKIVY,1.989,WB,,4255,YLHSIKIVY,17.36,1134.6437,9,1.4,568.3299,45.21,,1,F1:7931,F120180713_KP_THP1_w632_P1.raw,1,,Q96BR1|SGK3_HUMAN,,,PEAKS DB,2,YLHSIKIVY,False,284000.0,1.0,N
IPMPGHPVNF,1.990,WB,,5329,IPMPGHPVNF,31.1,1123.5485,10,0.6,562.7819,47.81,,1,F1:8923,F120180713_KP_THP1_w632_P1.raw,2,,O95352|ATG7_HUMAN,Oxidation (M),M3:Oxidation (M):1000.00,PEAKS DB,2,IPM(+15.99)PGHPVNF,False,9600000.0,2.0,N
QGVVPLSSF,1.992,WB,,3306,QGVVPLSSF,14.75,932.4967,9,-0.4,933.5036,77.97,,3,F3:18040,F120180713_KP_THP1_w632_P3.raw,1,,Q14517|FAT1_HUMAN,,,PEAKS DB,1,QGVVPLSSF,False,181000.0,1.0,N
FPSTVSTVY,1.995,WB,,3490,FPSTVSTVY,25.24,999.4913,9,1.6,1000.5001,63.14,,10,F10:16803,F120180713_KP_THP1_w632_P9.raw,2,,Q2VPK5|CTU2_HUMAN,,,PEAKS DB,1,FPSTVSTVY,False,117000000.0,2.0,N
ATYVFLHTV,1.995,WB,,3024,ATYVFLHTV,26.12,1049.5546,9,1.1,525.7852,60.19,971000.0,29,F29:12528,F120180713_KP_THP1_BB72_P2.raw,1,1.0,Q53FV1|ORML2_HUMAN,,,PEAKS DB,2,ATYVFLHTV,False,,,N
